3997.39681,0.45557
3995.35732,0.45603
3993.31783,0.45591
3991.27835,0.45486
3989.23886,0.45340
3987.19937,0.45263
3985.15988,0.45264
3983.12039,0.45257
3981.08091,0.45219
3979.04142,0.45156
3977.00193,0.45056
3974.96244,0.44951
3972.92295,0.44875
3970.88346,0.44788
3968.84398,0.44674
3966.80449,0.44578
3964.76500,0.44511
3962.72551,0.44444
3960.68602,0.44333
3958.64654,0.44181
3956.60705,0.44042
3954.56756,0.43933
3952.52807,0.43841
3950.48858,0.43781
3948.44909,0.43749
3946.40961,0.43711
3944.37012,0.43609
3942.33063,0.43419
3940.29114,0.43200
3938.25165,0.43023
3936.21217,0.42913
3934.17268,0.42850
3932.13319,0.42807
3930.09370,0.42764
3928.05421,0.42688
3926.01473,0.42571
3923.97524,0.42469
3921.93575,0.42377
3919.89626,0.42221
3917.85677,0.42017
3915.81728,0.41832
3913.77780,0.41674
3911.73831,0.41514
3909.69882,0.41368
3907.65933,0.41268
3905.61984,0.41246
3903.58036,0.41296
3901.54087,0.41263
3899.50138,0.41035
3897.46189,0.40779
3895.42240,0.40635
3893.38291,0.40548
3891.34343,0.40481
3889.30394,0.40436
3887.26445,0.40329
3885.22496,0.40228
3883.18547,0.40178
3881.14599,0.40030
3879.10650,0.39874
3877.06701,0.39842
3875.02752,0.39871
3872.98803,0.39854
3870.94854,0.39692
3868.90906,0.39525
3866.86957,0.39469
3864.83008,0.39457
3862.79059,0.39453
3860.75110,0.39402
3858.71162,0.39322
3856.67213,0.39220
3854.63264,0.39117
3852.59315,0.39126
3850.55366,0.39130
3848.51417,0.39053
3846.47469,0.39045
3844.43520,0.39136
3842.39571,0.39233
3840.35622,0.39223
3838.31673,0.39146
3836.27725,0.39122
3834.23776,0.39104
3832.19827,0.39054
3830.15878,0.39015
3828.11929,0.38996
3826.07980,0.39052
3824.04032,0.39093
3822.00083,0.39026
3819.96134,0.39021
3817.92185,0.39009
3815.88236,0.38925
3813.84288,0.38975
3811.80339,0.39095
3809.76390,0.39123
3807.72441,0.39093
3805.68492,0.39154
3803.64543,0.39233
3801.60595,0.39309
3799.56646,0.39484
3797.52697,0.39567
3795.48748,0.39535
3793.44799,0.39537
3791.40851,0.39578
3789.36902,0.39616
3787.32953,0.39661
3785.29004,0.39754
3783.25055,0.39851
3781.21107,0.39874
3779.17158,0.39882
3777.13209,0.39957
3775.09260,0.40059
3773.05311,0.40134
3771.01362,0.40180
3768.97414,0.40302
3766.93465,0.40512
3764.89516,0.40729
3762.85567,0.40903
3760.81618,0.41028
3758.77670,0.41207
3756.73721,0.41451
3754.69772,0.41599
3752.65823,0.41616
3750.61874,0.41698
3748.57925,0.41897
3746.53977,0.41956
3744.50028,0.42031
3742.46079,0.42424
3740.42130,0.42827
3738.38181,0.43049
3736.34233,0.43220
3734.30284,0.43422
3732.26335,0.43644
3730.22386,0.43901
3728.18437,0.44185
3726.14488,0.44484
3724.10540,0.44781
3722.06591,0.45067
3720.02642,0.45411
3717.98693,0.45820
3715.94744,0.46214
3713.90796,0.46559
3711.86847,0.46947
3709.82898,0.47437
3707.78949,0.47951
3705.75000,0.48463
3703.71051,0.49032
3701.67103,0.49733
3699.63154,0.50542
3697.59205,0.51347
3695.55256,0.52128
3693.51307,0.52884
3691.47359,0.53663
3689.43410,0.54589
3687.39461,0.55659
3685.35512,0.56718
3683.31563,0.57769
3681.27614,0.58928
3679.23666,0.60191
3677.19717,0.61625
3675.15768,0.63377
3673.11819,0.65106
3671.07870,0.66662
3669.03922,0.68461
3666.99973,0.70375
3664.96024,0.72088
3662.92075,0.73724
3660.88126,0.75479
3658.84177,0.77365
3656.80229,0.79328
3654.76280,0.81273
3652.72331,0.83045
3650.68382,0.84896
3648.64433,0.87088
3646.60485,0.89226
3644.56536,0.91012
3642.52587,0.92683
3640.48638,0.94433
3638.44689,0.96186
3636.40741,0.97900
3634.36792,0.99604
3632.32843,1.01248
3630.28894,1.02876
3628.24945,1.04676
3626.20996,1.06407
3624.17048,1.08002
3622.13099,1.09726
3620.09150,1.11428
3618.05201,1.12918
3616.01252,1.14395
3613.97304,1.15906
3611.93355,1.17153
3609.89406,1.18080
3607.85457,1.19136
3605.81508,1.20534
3603.77559,1.21981
3601.73611,1.23362
3599.69662,1.24793
3597.65713,1.26289
3595.61764,1.27690
3593.57815,1.28994
3591.53867,1.30410
3589.49918,1.31801
3587.45969,1.32988
3585.42020,1.34108
3583.38071,1.35115
3581.34122,1.35964
3579.30174,1.36833
3577.26225,1.37507
3575.22276,1.37867
3573.18327,1.38593
3571.14378,1.40081
3569.10430,1.41786
3567.06481,1.43206
3565.02532,1.44318
3562.98583,1.45038
3560.94634,1.45614
3558.90685,1.46398
3556.86737,1.47230
3554.82788,1.48088
3552.78839,1.48979
3550.74890,1.49519
3548.70941,1.49698
3546.66993,1.50061
3544.63044,1.50916
3542.59095,1.52015
3540.55146,1.52846
3538.51197,1.53181
3536.47248,1.53296
3534.43300,1.53652
3532.39351,1.54567
3530.35402,1.55878
3528.31453,1.56869
3526.27504,1.57091
3524.23556,1.57004
3522.19607,1.57116
3520.15658,1.57352
3518.11709,1.57606
3516.07760,1.58073
3514.03811,1.58699
3511.99863,1.59201
3509.95914,1.59647
3507.91965,1.60256
3505.88016,1.61159
3503.84067,1.62058
3501.80119,1.62421
3499.76170,1.62577
3497.72221,1.63160
3495.68272,1.64090
3493.64323,1.65335
3491.60375,1.66659
3489.56426,1.67036
3487.52477,1.66432
3485.48528,1.66446
3483.44579,1.67645
3481.40630,1.68404
3479.36682,1.67685
3477.32733,1.66661
3475.28784,1.66859
3473.24835,1.67980
3471.20886,1.68364
3469.16938,1.67818
3467.12989,1.67586
3465.09040,1.68255
3463.05091,1.69262
3461.01142,1.69800
3458.97193,1.69828
3456.93245,1.69930
3454.89296,1.70421
3452.85347,1.70809
3450.81398,1.70932
3448.77449,1.71192
3446.73501,1.71515
3444.69552,1.71674
3442.65603,1.71718
3440.61654,1.71505
3438.57705,1.70752
3436.53756,1.69609
3434.49808,1.68781
3432.45859,1.69254
3430.41910,1.70726
3428.37961,1.71643
3426.34012,1.71886
3424.30064,1.72158
3422.26115,1.72189
3420.22166,1.71722
3418.18217,1.71332
3416.14268,1.71248
3414.10319,1.71234
3412.06371,1.71117
3410.02422,1.70995
3407.98473,1.71602
3405.94524,1.72784
3403.90575,1.73535
3401.86627,1.73542
3399.82678,1.72435
3397.78729,1.71108
3395.74780,1.71034
3393.70831,1.71534
3391.66882,1.71268
3389.62934,1.70530
3387.58985,1.70217
3385.55036,1.70960
3383.51087,1.72285
3381.47138,1.72823
3379.43190,1.73069
3377.39241,1.73677
3375.35292,1.73083
3373.31343,1.71001
3371.27394,1.69542
3369.23446,1.69624
3367.19497,1.70391
3365.15548,1.71285
3363.11599,1.71927
3361.07650,1.71839
3359.03701,1.71595
3356.99753,1.72051
3354.95804,1.72777
3352.91855,1.72915
3350.87906,1.72586
3348.83957,1.72299
3346.80009,1.72020
3344.76060,1.71815
3342.72111,1.71908
3340.68162,1.72402
3338.64213,1.73334
3336.60264,1.74197
3334.56316,1.74019
3332.52367,1.72443
3330.48418,1.70452
3328.44469,1.69708
3326.40520,1.70613
3324.36572,1.71352
3322.32623,1.70983
3320.28674,1.70715
3318.24725,1.70939
3316.20776,1.70988
3314.16827,1.70480
3312.12879,1.69659
3310.08930,1.69478
3308.04981,1.69791
3306.01032,1.69345
3303.97083,1.68679
3301.93135,1.68770
3299.89186,1.69487
3297.85237,1.70163
3295.81288,1.69953
3293.77339,1.69291
3291.73390,1.69083
3289.69442,1.69040
3287.65493,1.68759
3285.61544,1.68562
3283.57595,1.68879
3281.53646,1.69217
3279.49698,1.68785
3277.45749,1.68008
3275.41800,1.67657
3273.37851,1.67674
3271.33902,1.67980
3269.29953,1.68408
3267.26005,1.68369
3265.22056,1.67952
3263.18107,1.67619
3261.14158,1.67404
3259.10209,1.67345
3257.06261,1.67187
3255.02312,1.66669
3252.98363,1.66164
3250.94414,1.65521
3248.90465,1.64437
3246.86516,1.63709
3244.82568,1.63748
3242.78619,1.63991
3240.74670,1.64212
3238.70721,1.64552
3236.66772,1.64881
3234.62824,1.64652
3232.58875,1.63848
3230.54926,1.62935
3228.50977,1.62362
3226.47028,1.62712
3224.43080,1.63832
3222.39131,1.64845
3220.35182,1.64869
3218.31233,1.63819
3216.27284,1.62927
3214.23335,1.63079
3212.19387,1.63605
3210.15438,1.63609
3208.11489,1.63072
3206.07540,1.62528
3204.03591,1.62432
3201.99643,1.62430
3199.95694,1.62194
3197.91745,1.62047
3195.87796,1.62001
3193.83847,1.62212
3191.79898,1.62475
3189.75950,1.61700
3187.72001,1.60284
3185.68052,1.59512
3183.64103,1.59416
3181.60154,1.59486
3179.56206,1.59554
3177.52257,1.59593
3175.48308,1.59513
3173.44359,1.59192
3171.40410,1.58757
3169.36461,1.58685
3167.32513,1.59022
3165.28564,1.59057
3163.24615,1.58592
3161.20666,1.58204
3159.16717,1.58103
3157.12769,1.58192
3155.08820,1.58361
3153.04871,1.58149
3151.00922,1.57676
3148.96973,1.57648
3146.93024,1.57831
3144.89076,1.57587
3142.85127,1.56981
3140.81178,1.56246
3138.77229,1.55751
3136.73280,1.56054
3134.69332,1.56847
3132.65383,1.57277
3130.61434,1.57096
3128.57485,1.56197
3126.53536,1.54874
3124.49587,1.54182
3122.45639,1.54216
3120.41690,1.54280
3118.37741,1.54217
3116.33792,1.54158
3114.29843,1.54322
3112.25895,1.54466
3110.21946,1.54268
3108.17997,1.54172
3106.14048,1.54355
3104.10099,1.54314
3102.06150,1.53792
3100.02202,1.53197
3097.98253,1.52878
3095.94304,1.52632
3093.90355,1.52428
3091.86406,1.52372
3089.82458,1.52116
3087.78509,1.51567
3085.74560,1.51298
3083.70611,1.51657
3081.66662,1.52224
3079.62714,1.52380
3077.58765,1.51947
3075.54816,1.51098
3073.50867,1.50298
3071.46918,1.49896
3069.42969,1.49823
3067.39021,1.49975
3065.35072,1.49993
3063.31123,1.49583
3061.27174,1.49146
3059.23225,1.48774
3057.19277,1.48430
3055.15328,1.48332
3053.11379,1.48247
3051.07430,1.48103
3049.03481,1.47930
3046.99532,1.47511
3044.95584,1.47231
3042.91635,1.47462
3040.87686,1.47721
3038.83737,1.47450
3036.79788,1.46899
3034.75840,1.46670
3032.71891,1.46657
3030.67942,1.46530
3028.63993,1.46483
3026.60044,1.46597
3024.56095,1.46386
3022.52147,1.45662
3020.48198,1.45181
3018.44249,1.45245
3016.40300,1.45361
3014.36351,1.45518
3012.32403,1.45704
3010.28454,1.45471
3008.24505,1.45150
3006.20556,1.45360
3004.16607,1.45581
3002.12658,1.45344
3000.08710,1.45281
2998.04761,1.45774
2996.00812,1.46313
2993.96863,1.46495
2991.92914,1.46442
2989.88966,1.46333
2987.85017,1.46506
2985.81068,1.47109
2983.77119,1.47863
2981.73170,1.48486
2979.69221,1.48917
2977.65273,1.49499
2975.61324,1.50337
2973.57375,1.50974
2971.53426,1.51422
2969.49477,1.51943
2967.45529,1.52532
2965.41580,1.53311
2963.37631,1.54398
2961.33682,1.55215
2959.29733,1.55126
2957.25784,1.54796
2955.21836,1.55081
2953.17887,1.55677
2951.13938,1.55803
2949.09989,1.55391
2947.06040,1.54967
2945.02092,1.55255
2942.98143,1.56398
2940.94194,1.57195
2938.90245,1.57017
2936.86296,1.56814
2934.82348,1.57111
2932.78399,1.57353
2930.74450,1.57279
2928.70501,1.57396
2926.66552,1.57635
2924.62603,1.57428
2922.58655,1.56737
2920.54706,1.55881
2918.50757,1.55330
2916.46808,1.55035
2914.42859,1.54315
2912.38911,1.53256
2910.34962,1.52578
2908.31013,1.52477
2906.27064,1.52951
2904.23115,1.53576
2902.19166,1.53479
2900.15218,1.52870
2898.11269,1.52387
2896.07320,1.51798
2894.03371,1.51064
2891.99422,1.50559
2889.95474,1.50424
2887.91525,1.50460
2885.87576,1.50222
2883.83627,1.49710
2881.79678,1.49286
2879.75729,1.48887
2877.71781,1.48662
2875.67832,1.48767
2873.63883,1.48724
2871.59934,1.48483
2869.55985,1.48139
2867.52037,1.47478
2865.48088,1.46777
2863.44139,1.46266
2861.40190,1.45723
2859.36241,1.45179
2857.32292,1.44937
2855.28344,1.45099
2853.24395,1.45316
2851.20446,1.45097
2849.16497,1.44437
2847.12548,1.43545
2845.08600,1.42420
2843.04651,1.41201
2841.00702,1.40283
2838.96753,1.39689
2836.92804,1.39219
2834.88855,1.38851
2832.84907,1.38466
2830.80958,1.38087
2828.77009,1.37723
2826.73060,1.37055
2824.69111,1.36275
2822.65163,1.35812
2820.61214,1.35474
2818.57265,1.35024
2816.53316,1.34522
2814.49367,1.33992
2812.45418,1.33403
2810.41470,1.32954
2808.37521,1.32909
2806.33572,1.32986
2804.29623,1.32757
2802.25674,1.32302
2800.21726,1.31904
2798.17777,1.31578
2796.13828,1.31274
2794.09879,1.31124
2792.05930,1.31059
2790.01982,1.30806
2787.98033,1.30468
2785.94084,1.30360
2783.90135,1.30384
2781.86186,1.30250
2779.82237,1.29945
2777.78289,1.29677
2775.74340,1.29418
2773.70391,1.29065
2771.66442,1.28897
2769.62493,1.28975
2767.58545,1.28953
2765.54596,1.28727
2763.50647,1.28526
2761.46698,1.28517
2759.42749,1.28559
2757.38800,1.28464
2755.34852,1.28366
2753.30903,1.28365
2751.26954,1.28322
2749.23005,1.28241
2747.19056,1.28155
2745.15108,1.27947
2743.11159,1.27650
2741.07210,1.27493
2739.03261,1.27465
2736.99312,1.27351
2734.95363,1.27167
2732.91415,1.27002
2730.87466,1.26784
2728.83517,1.26515
2726.79568,1.26269
2724.75619,1.26136
2722.71671,1.26140
2720.67722,1.26004
2718.63773,1.25743
2716.59824,1.25519
2714.55875,1.25141
2712.51926,1.24754
2710.47978,1.24629
2708.44029,1.24587
2706.40080,1.24409
2704.36131,1.24152
2702.32182,1.24010
2700.28234,1.23955
2698.24285,1.23735
2696.20336,1.23409
2694.16387,1.23139
2692.12438,1.22814
2690.08489,1.22522
2688.04541,1.22479
2686.00592,1.22509
2683.96643,1.22339
2681.92694,1.22049
2679.88745,1.21724
2677.84797,1.21450
2675.80848,1.21266
2673.76899,1.20836
2671.72950,1.20306
2669.69001,1.20198
2667.65052,1.20271
2665.61104,1.20038
2663.57155,1.19646
2661.53206,1.19299
2659.49257,1.18988
2657.45308,1.18789
2655.41360,1.18591
2653.37411,1.18244
2651.33462,1.17913
2649.29513,1.17692
2647.25564,1.17466
2645.21616,1.17291
2643.17667,1.17210
2641.13718,1.17072
2639.09769,1.16863
2637.05820,1.16655
2635.01871,1.16409
2632.97923,1.16072
2630.93974,1.15866
2628.90025,1.15850
2626.86076,1.15643
2624.82127,1.15206
2622.78179,1.14852
2620.74230,1.14675
2618.70281,1.14567
2616.66332,1.14293
2614.62383,1.13837
2612.58434,1.13542
2610.54486,1.13432
2608.50537,1.13223
2606.46588,1.12931
2604.42639,1.12774
2602.38690,1.12847
2600.34742,1.12994
2598.30793,1.12855
2596.26844,1.12346
2594.22895,1.11962
2592.18946,1.11919
2590.14997,1.11782
2588.11049,1.11442
2586.07100,1.11166
2584.03151,1.10955
2581.99202,1.10719
2579.95253,1.10453
2577.91305,1.10230
2575.87356,1.10109
2573.83407,1.09960
2571.79458,1.09670
2569.75509,1.09315
2567.71560,1.09028
2565.67612,1.08831
2563.63663,1.08705
2561.59714,1.08617
2559.55765,1.08409
2557.51816,1.08184
2555.47868,1.08163
2553.43919,1.08104
2551.39970,1.07852
2549.36021,1.07569
2547.32072,1.07302
2545.28123,1.07090
2543.24175,1.06917
2541.20226,1.06740
2539.16277,1.06587
2537.12328,1.06440
2535.08379,1.06293
2533.04431,1.06111
2531.00482,1.05848
2528.96533,1.05569
2526.92584,1.05340
2524.88635,1.05128
2522.84686,1.04984
2520.80738,1.04914
2518.76789,1.04766
2516.72840,1.04563
2514.68891,1.04457
2512.64942,1.04329
2510.60994,1.04038
2508.57045,1.03783
2506.53096,1.03668
2504.49147,1.03541
2502.45198,1.03360
2500.41250,1.03160
2498.37301,1.02933
2496.33352,1.02660
2494.29403,1.02395
2492.25454,1.02218
2490.21505,1.02051
2488.17557,1.01849
2486.13608,1.01675
2484.09659,1.01438
2482.05710,1.01068
2480.01761,1.00735
2477.97813,1.00561
2475.93864,1.00484
2473.89915,1.00404
2471.85966,1.00238
2469.82017,0.99998
2467.78068,0.99756
2465.74120,0.99481
2463.70171,0.99142
2461.66222,0.98786
2459.62273,0.98459
2457.58324,0.98216
2455.54376,0.98037
2453.50427,0.97763
2451.46478,0.97423
2449.42529,0.97194
2447.38580,0.97100
2445.34631,0.96990
2443.30683,0.96696
2441.26734,0.96308
2439.22785,0.96024
2437.18836,0.95885
2435.14887,0.95759
2433.10939,0.95522
2431.06990,0.95280
2429.03041,0.95123
2426.99092,0.94944
2424.95143,0.94731
2422.91194,0.94566
2420.87246,0.94398
2418.83297,0.94154
2416.79348,0.93935
2414.75399,0.93816
2412.71450,0.93644
2410.67502,0.93305
2408.63553,0.92899
2406.59604,0.92587
2404.55655,0.92428
2402.51706,0.92358
2400.47757,0.92289
2398.43809,0.92182
2396.39860,0.92030
2394.35911,0.91822
2392.31962,0.91593
2390.28013,0.91406
2388.24065,0.91249
2386.20116,0.91109
2384.16167,0.91040
2382.12218,0.91024
2380.08269,0.90977
2378.04320,0.90887
2376.00372,0.90798
2373.96423,0.90709
2371.92474,0.90562
2369.88525,0.90423
2367.84576,0.90387
2365.80628,0.90276
2363.76679,0.89976
2361.72730,0.89769
2359.68781,0.89804
2357.64832,0.89747
2355.60884,0.89428
2353.56935,0.89138
2351.52986,0.89063
2349.49037,0.89047
2347.45088,0.88884
2345.41139,0.88589
2343.37191,0.88328
2341.33242,0.88147
2339.29293,0.87971
2337.25344,0.87775
2335.21395,0.87549
2333.17447,0.87324
2331.13498,0.87115
2329.09549,0.86882
2327.05600,0.86648
2325.01651,0.86498
2322.97702,0.86422
2320.93754,0.86265
2318.89805,0.86000
2316.85856,0.85781
2314.81907,0.85656
2312.77958,0.85522
2310.74010,0.85339
2308.70061,0.85188
2306.66112,0.85085
2304.62163,0.84965
2302.58214,0.84816
2300.54265,0.84649
2298.50317,0.84469
2296.46368,0.84303
2294.42419,0.84155
2292.38470,0.84025
2290.34521,0.83924
2288.30573,0.83797
2286.26624,0.83605
2284.22675,0.83416
2282.18726,0.83302
2280.14777,0.83223
2278.10828,0.83137
2276.06880,0.83067
2274.02931,0.82999
2271.98982,0.82876
2269.95033,0.82721
2267.91084,0.82607
2265.87136,0.82529
2263.83187,0.82434
2261.79238,0.82323
2259.75289,0.82256
2257.71340,0.82257
2255.67391,0.82278
2253.63443,0.82274
2251.59494,0.82214
2249.55545,0.82094
2247.51596,0.82019
2245.47647,0.82005
2243.43699,0.81982
2241.39750,0.81933
2239.35801,0.81884
2237.31852,0.81845
2235.27903,0.81839
2233.23954,0.81868
2231.20006,0.81890
2229.16057,0.81867
2227.12108,0.81801
2225.08159,0.81741
2223.04210,0.81722
2221.00262,0.81744
2218.96313,0.81778
2216.92364,0.81770
2214.88415,0.81746
2212.84466,0.81764
2210.80518,0.81760
2208.76569,0.81689
2206.72620,0.81682
2204.68671,0.81784
2202.64722,0.81841
2200.60773,0.81808
2198.56825,0.81767
2196.52876,0.81789
2194.48927,0.81886
2192.44978,0.81979
2190.41029,0.82007
2188.37081,0.81963
2186.33132,0.81928
2184.29183,0.81987
2182.25234,0.82069
2180.21285,0.82116
2178.17336,0.82187
2176.13388,0.82289
2174.09439,0.82351
2172.05490,0.82385
2170.01541,0.82451
2167.97592,0.82521
2165.93644,0.82562
2163.89695,0.82589
2161.85746,0.82595
2159.81797,0.82574
2157.77848,0.82565
2155.73899,0.82566
2153.69951,0.82550
2151.66002,0.82563
2149.62053,0.82660
2147.58104,0.82733
2145.54155,0.82685
2143.50207,0.82648
2141.46258,0.82691
2139.42309,0.82690
2137.38360,0.82591
2135.34411,0.82497
2133.30462,0.82470
2131.26514,0.82453
2129.22565,0.82404
2127.18616,0.82322
2125.14667,0.82231
2123.10718,0.82171
2121.06770,0.82146
2119.02821,0.82135
2116.98872,0.82167
2114.94923,0.82201
2112.90974,0.82167
2110.87025,0.82114
2108.83077,0.82045
2106.79128,0.81980
2104.75179,0.81955
2102.71230,0.81898
2100.67281,0.81793
2098.63333,0.81726
2096.59384,0.81728
2094.55435,0.81719
2092.51486,0.81681
2090.47537,0.81681
2088.43588,0.81676
2086.39640,0.81615
2084.35691,0.81573
2082.31742,0.81585
2080.27793,0.81577
2078.23844,0.81549
2076.19896,0.81559
2074.15947,0.81567
2072.11998,0.81534
2070.08049,0.81523
2068.04100,0.81552
2066.00152,0.81561
2063.96203,0.81570
2061.92254,0.81601
2059.88305,0.81599
2057.84356,0.81561
2055.80407,0.81535
2053.76459,0.81541
2051.72510,0.81584
2049.68561,0.81616
2047.64612,0.81558
2045.60663,0.81447
2043.56715,0.81368
2041.52766,0.81351
2039.48817,0.81385
2037.44868,0.81379
2035.40919,0.81276
2033.36970,0.81129
2031.33022,0.81059
2029.29073,0.81078
2027.25124,0.81060
2025.21175,0.80974
2023.17226,0.80895
2021.13278,0.80852
2019.09329,0.80818
2017.05380,0.80743
2015.01431,0.80612
2012.97482,0.80501
2010.93533,0.80462
2008.89585,0.80442
2006.85636,0.80396
2004.81687,0.80342
2002.77738,0.80314
2000.73789,0.80308
1998.69841,0.80296
1996.65892,0.80288
1994.61943,0.80313
1992.57994,0.80356
1990.54045,0.80396
1988.50096,0.80439
1986.46148,0.80475
1984.42199,0.80502
1982.38250,0.80519
1980.34301,0.80469
1978.30352,0.80365
1976.26404,0.80332
1974.22455,0.80414
1972.18506,0.80526
1970.14557,0.80593
1968.10608,0.80613
1966.06659,0.80590
1964.02711,0.80531
1961.98762,0.80485
1959.94813,0.80460
1957.90864,0.80418
1955.86915,0.80342
1953.82967,0.80257
1951.79018,0.80249
1949.75069,0.80350
1947.71120,0.80472
1945.67171,0.80546
1943.63222,0.80569
1941.59274,0.80568
1939.55325,0.80528
1937.51376,0.80449
1935.47427,0.80389
1933.43478,0.80382
1931.39530,0.80413
1929.35581,0.80443
1927.31632,0.80482
1925.27683,0.80577
1923.23734,0.80710
1921.19786,0.80803
1919.15837,0.80844
1917.11888,0.80882
1915.07939,0.80873
1913.03990,0.80820
1911.00041,0.80831
1908.96093,0.80906
1906.92144,0.80961
1904.88195,0.80982
1902.84246,0.80974
1900.80297,0.80960
1898.76349,0.81038
1896.72400,0.81230
1894.68451,0.81432
1892.64502,0.81560
1890.60553,0.81628
1888.56604,0.81694
1886.52656,0.81753
1884.48707,0.81780
1882.44758,0.81788
1880.40809,0.81803
1878.36860,0.81854
1876.32912,0.81947
1874.28963,0.82128
1872.25014,0.82482
1870.21065,0.82938
1868.17116,0.83255
1866.13167,0.83311
1864.09219,0.83277
1862.05270,0.83334
1860.01321,0.83497
1857.97372,0.83695
1855.93423,0.83895
1853.89475,0.84127
1851.85526,0.84413
1849.81577,0.84781
1847.77628,0.85271
1845.73679,0.85794
1843.69730,0.86143
1841.65782,0.86247
1839.61833,0.86299
1837.57884,0.86520
1835.53935,0.86942
1833.49986,0.87518
1831.46038,0.88196
1829.42089,0.88831
1827.38140,0.89270
1825.34191,0.89553
1823.30242,0.89827
1821.26293,0.90160
1819.22345,0.90576
1817.18396,0.91087
1815.14447,0.91701
1813.10498,0.92416
1811.06549,0.93213
1809.02601,0.94027
1806.98652,0.94814
1804.94703,0.95659
1802.90754,0.96714
1800.86805,0.98043
1798.82856,0.99573
1796.78908,1.01265
1794.74959,1.03208
1792.71010,1.05439
1790.67061,1.07691
1788.63112,1.09702
1786.59164,1.11729
1784.55215,1.14010
1782.51266,1.16388
1780.47317,1.18792
1778.43368,1.21153
1776.39420,1.23304
1774.35471,1.25479
1772.31522,1.27968
1770.27573,1.30435
1768.23624,1.32688
1766.19675,1.35152
1764.15727,1.38137
1762.11778,1.41753
1760.07829,1.45470
1758.03880,1.48782
1755.99931,1.52105
1753.95983,1.55446
1751.92034,1.58548
1749.88085,1.61531
1747.84136,1.64230
1745.80187,1.66542
1743.76238,1.68695
1741.72290,1.70588
1739.68341,1.72018
1737.64392,1.73044
1735.60443,1.73909
1733.56494,1.74335
1731.52546,1.73560
1729.48597,1.72142
1727.44648,1.71099
1725.40699,1.70281
1723.36750,1.69124
1721.32801,1.67811
1719.28853,1.66707
1717.24904,1.65542
1715.20955,1.63605
1713.17006,1.61159
1711.13057,1.59214
1709.09109,1.57915
1707.05160,1.56945
1705.01211,1.56582
1702.97262,1.57057
1700.93313,1.58269
1698.89364,1.60039
1696.85416,1.61706
1694.81467,1.63068
1692.77518,1.64321
1690.73569,1.65770
1688.69620,1.67484
1686.65672,1.69365
1684.61723,1.71539
1682.57774,1.73287
1680.53825,1.73788
1678.49876,1.73932
1676.45927,1.74699
1674.41979,1.75886
1672.38030,1.76465
1670.34081,1.76018
1668.30132,1.75588
1666.26183,1.76069
1664.22235,1.76864
1662.18286,1.77262
1660.14337,1.77254
1658.10388,1.76853
1656.06439,1.75962
1654.02490,1.75178
1651.98542,1.75639
1649.94593,1.76818
1647.90644,1.77565
1645.86695,1.77548
1643.82746,1.76704
1641.78798,1.75588
1639.74849,1.74987
1637.70900,1.75111
1635.66951,1.75418
1633.63002,1.75235
1631.59054,1.74798
1629.55105,1.74637
1627.51156,1.74693
1625.47207,1.74628
1623.43258,1.74589
1621.39309,1.74514
1619.35361,1.74008
1617.31412,1.73386
1615.27463,1.72959
1613.23514,1.72526
1611.19565,1.72207
1609.15617,1.72107
1607.11668,1.71979
1605.07719,1.71696
1603.03770,1.71421
1600.99821,1.71523
1598.95872,1.71930
1596.91924,1.71927
1594.87975,1.71262
1592.84026,1.70334
1590.80077,1.69327
1588.76128,1.68384
1586.72180,1.67704
1584.68231,1.67095
1582.64282,1.66612
1580.60333,1.66593
1578.56384,1.66706
1576.52435,1.66575
1574.48487,1.66366
1572.44538,1.65986
1570.40589,1.65378
1568.36640,1.64694
1566.32691,1.64143
1564.28743,1.64167
1562.24794,1.64589
1560.20845,1.64506
1558.16896,1.63945
1556.12947,1.63711
1554.08998,1.63721
1552.05050,1.63626
1550.01101,1.63279
1547.97152,1.63054
1545.93203,1.63117
1543.89254,1.63116
1541.85306,1.63140
1539.81357,1.63367
1537.77408,1.63074
1535.73459,1.62226
1533.69510,1.61633
1531.65561,1.61446
1529.61613,1.61233
1527.57664,1.61106
1525.53715,1.61282
1523.49766,1.61502
1521.45817,1.61396
1519.41869,1.60772
1517.37920,1.59984
1515.33971,1.59396
1513.30022,1.58644
1511.26073,1.57481
1509.22124,1.56139
1507.18176,1.55129
1505.14227,1.54947
1503.10278,1.54761
1501.06329,1.54060
1499.02380,1.53305
1496.98432,1.52648
1494.94483,1.51914
1492.90534,1.51365
1490.86585,1.51469
1488.82636,1.52313
1486.78688,1.53263
1484.74739,1.53896
1482.70790,1.54486
1480.66841,1.55378
1478.62892,1.56548
1476.58943,1.57807
1474.54995,1.59183
1472.51046,1.60939
1470.47097,1.62960
1468.43148,1.64701
1466.39199,1.66107
1464.35251,1.67039
1462.31302,1.67111
1460.27353,1.66876
1458.23404,1.67409
1456.19455,1.68875
1454.15506,1.69971
1452.11558,1.70301
1450.07609,1.70438
1448.03660,1.70413
1445.99711,1.70353
1443.95762,1.70527
1441.91814,1.70711
1439.87865,1.70817
1437.83916,1.71286
1435.79967,1.72214
1433.76018,1.72781
1431.72069,1.72721
1429.68121,1.72512
1427.64172,1.72707
1425.60223,1.73652
1423.56274,1.74850
1421.52325,1.75311
1419.48377,1.75009
1417.44428,1.74381
1415.40479,1.73359
1413.36530,1.72271
1411.32581,1.71831
1409.28632,1.72321
1407.24684,1.73161
1405.20735,1.73552
1403.16786,1.73484
1401.12837,1.73367
1399.08888,1.73053
1397.04940,1.72532
1395.00991,1.72565
1392.97042,1.73130
1390.93093,1.73507
1388.89144,1.73638
1386.85195,1.73392
1384.81247,1.72648
1382.77298,1.72125
1380.73349,1.72166
1378.69400,1.72364
1376.65451,1.72456
1374.61503,1.72264
1372.57554,1.71692
1370.53605,1.71247
1368.49656,1.71288
1366.45707,1.71338
1364.41758,1.71044
1362.37810,1.70591
1360.33861,1.69966
1358.29912,1.69039
1356.25963,1.67950
1354.22014,1.67162
1352.18066,1.67082
1350.14117,1.67497
1348.10168,1.67952
1346.06219,1.68204
1344.02270,1.68221
1341.98322,1.68237
1339.94373,1.68272
1337.90424,1.68069
1335.86475,1.68011
1333.82526,1.68503
1331.78577,1.68778
1329.74629,1.68287
1327.70680,1.67630
1325.66731,1.67085
1323.62782,1.66759
1321.58833,1.66905
1319.54885,1.67161
1317.50936,1.67249
1315.46987,1.67388
1313.43038,1.67436
1311.39089,1.66986
1309.35140,1.66333
1307.31192,1.66128
1305.27243,1.66138
1303.23294,1.65704
1301.19345,1.65017
1299.15396,1.64665
1297.11448,1.64892
1295.07499,1.65578
1293.03550,1.66225
1290.99601,1.66557
1288.95652,1.66909
1286.91703,1.67376
1284.87755,1.67534
1282.83806,1.67450
1280.79857,1.67587
1278.75908,1.67736
1276.71959,1.67573
1274.68011,1.67700
1272.64062,1.68475
1270.60113,1.68947
1268.56164,1.68661
1266.52215,1.68508
1264.48266,1.69014
1262.44318,1.69939
1260.40369,1.70651
1258.36420,1.70768
1256.32471,1.70513
1254.28522,1.70135
1252.24574,1.69977
1250.20625,1.70031
1248.16676,1.70071
1246.12727,1.70176
1244.08778,1.69877
1242.04829,1.68976
1240.00881,1.68253
1237.96932,1.67983
1235.92983,1.67984
1233.89034,1.68148
1231.85085,1.67801
1229.81137,1.66808
1227.77188,1.65761
1225.73239,1.64692
1223.69290,1.63748
1221.65341,1.63217
1219.61392,1.63134
1217.57444,1.63157
1215.53495,1.62651
1213.49546,1.61949
1211.45597,1.61654
1209.41648,1.61437
1207.37700,1.61105
1205.33751,1.60993
1203.29802,1.61134
1201.25853,1.61351
1199.21904,1.61576
1197.17956,1.61648
1195.14007,1.61570
1193.10058,1.61644
1191.06109,1.62096
1189.02160,1.62859
1186.98211,1.63723
1184.94263,1.64859
1182.90314,1.66122
1180.86365,1.67057
1178.82416,1.68219
1176.78467,1.70308
1174.74519,1.72579
1172.70570,1.73735
1170.66621,1.73950
1168.62672,1.74252
1166.58723,1.75186
1164.54774,1.76338
1162.50826,1.76570
1160.46877,1.75827
1158.42928,1.75526
1156.38979,1.76336
1154.35030,1.77227
1152.31082,1.77237
1150.27133,1.76468
1148.23184,1.75683
1146.19235,1.75194
1144.15286,1.74851
1142.11337,1.74927
1140.07389,1.75667
1138.03440,1.77072
1135.99491,1.78354
1133.95542,1.78284
1131.91593,1.77557
1129.87645,1.77293
1127.83696,1.77349
1125.79747,1.77319
1123.75798,1.77051
1121.71849,1.77046
1119.67900,1.77964
1117.63952,1.78803
1115.60003,1.78534
1113.56054,1.77697
1111.52105,1.76958
1109.48156,1.76358
1107.44208,1.75531
1105.40259,1.74658
1103.36310,1.74215
1101.32361,1.74345
1099.28412,1.75086
1097.24463,1.75857
1095.20515,1.75625
1093.16566,1.74715
1091.12617,1.74533
1089.08668,1.75334
1087.04719,1.75977
1085.00771,1.75463
1082.96822,1.73979
1080.92873,1.72614
1078.88924,1.71912
1076.84975,1.71518
1074.81027,1.70935
1072.77078,1.70413
1070.73129,1.70272
1068.69180,1.70005
1066.65231,1.69200
1064.61282,1.68767
1062.57334,1.69148
1060.53385,1.69481
1058.49436,1.69226
1056.45487,1.68453
1054.41538,1.67659
1052.37590,1.66904
1050.33641,1.65840
1048.29692,1.64993
1046.25743,1.64217
1044.21794,1.63227
1042.17845,1.63289
1040.13897,1.64114
1038.09948,1.63652
1036.05999,1.62484
1034.02050,1.61872
1031.98101,1.61727
1029.94153,1.61902
1027.90204,1.61541
1025.86255,1.60432
1023.82306,1.59295
1021.78357,1.58474
1019.74408,1.58243
1017.70460,1.58174
1015.66511,1.57884
1013.62562,1.57623
1011.58613,1.57121
1009.54664,1.56490
1007.50716,1.55869
1005.46767,1.55142
1003.42818,1.54682
1001.38869,1.54179
999.34920,1.53334
997.30971,1.52666
995.27023,1.52355
993.23074,1.52322
991.19125,1.52383
989.15176,1.52094
987.11227,1.51478
985.07279,1.51017
983.03330,1.50508
980.99381,1.49764
978.95432,1.48951
976.91483,1.48037
974.87534,1.47100
972.83586,1.46320
970.79637,1.45672
968.75688,1.45093
966.71739,1.44577
964.67790,1.43790
962.63842,1.42676
960.59893,1.41810
958.55944,1.41336
956.51995,1.40986
954.48046,1.40578
952.44097,1.39983
950.40149,1.39534
948.36200,1.39607
946.32251,1.39660
944.28302,1.39212
942.24353,1.38768
940.20405,1.38714
938.16456,1.38814
936.12507,1.38924
934.08558,1.38984
932.04609,1.38938
930.00661,1.39064
927.96712,1.39475
925.92763,1.39857
923.88814,1.40303
921.84865,1.41164
919.80916,1.41776
917.76968,1.41353
915.73019,1.40578
913.69070,1.40417
911.65121,1.40687
909.61172,1.40924
907.57224,1.41105
905.53275,1.40994
903.49326,1.40466
901.45377,1.39929
899.41428,1.39801
897.37479,1.40247
895.33531,1.40904
893.29582,1.40950
891.25633,1.40265
889.21684,1.39654
887.17735,1.39500
885.13787,1.39506
883.09838,1.39504
881.05889,1.39618
879.01940,1.39856
876.97991,1.40058
874.94042,1.40053
872.90094,1.39783
870.86145,1.39274
868.82196,1.38839
866.78247,1.38742
864.74298,1.38776
862.70350,1.38792
860.66401,1.38685
858.62452,1.38505
856.58503,1.38677
854.54554,1.39108
852.50605,1.39327
850.46657,1.39652
848.42708,1.40658
846.38759,1.41782
844.34810,1.42348
842.30861,1.42842
840.26913,1.43674
838.22964,1.44444
836.19015,1.44887
834.15066,1.45006
832.11117,1.45030
830.07168,1.45340
828.03220,1.45660
825.99271,1.45497
823.95322,1.45411
821.91373,1.46039
819.87424,1.46917
817.83476,1.47543
815.79527,1.48060
813.75578,1.48446
811.71629,1.48239
809.67680,1.47553
807.63731,1.47251
805.59783,1.47614
803.55834,1.48003
801.51885,1.47659
799.47936,1.47158
797.43987,1.47625
795.40039,1.48293
793.36090,1.48200
791.32141,1.48159
789.28192,1.49074
787.24243,1.50594
785.20295,1.51164
783.16346,1.50198
781.12397,1.49539
779.08448,1.50146
777.04499,1.50686
775.00550,1.51206
772.96602,1.52473
770.92653,1.53391
768.88704,1.53792
766.84755,1.54175
764.80806,1.54377
762.76858,1.54150
760.72909,1.53419
758.68960,1.52910
756.65011,1.52758
754.61062,1.52462
752.57113,1.51798
750.53165,1.50915
748.49216,1.50578
746.45267,1.50938
744.41318,1.51356
742.37369,1.52224
740.33421,1.53867
738.29472,1.54656
736.25523,1.54058
734.21574,1.53830
732.17625,1.54755
730.13676,1.55903
728.09728,1.56431
726.05779,1.56820
724.01830,1.56552
721.97881,1.55770
719.93932,1.55975
717.89984,1.57376
715.86035,1.58519
713.82086,1.58833
711.78137,1.58783
709.74188,1.58833
707.70239,1.59059
705.66291,1.59158
703.62342,1.59037
701.58393,1.59237
699.54444,1.60075
697.50495,1.60716
695.46547,1.60158
693.42598,1.59270
691.38649,1.59419
689.34700,1.59533
687.30751,1.58395
685.26802,1.57321
683.22854,1.57568
681.18905,1.58620
679.14956,1.59129
677.11007,1.58293
675.07058,1.57143
673.03110,1.57394
670.99161,1.58483
668.95212,1.58872
666.91263,1.59197
664.87314,1.59710
662.83365,1.59213
660.79417,1.58098
658.75468,1.57220
656.71519,1.56818
654.67570,1.57708
652.63621,1.59777
650.59673,1.61405
648.55724,1.62291
646.51775,1.62689
644.47826,1.61651
642.43877,1.58820
640.39929,1.56169
638.35980,1.55813
636.32031,1.56649
634.28082,1.56848
632.24133,1.56736
630.20184,1.56911
628.16236,1.58265
626.12287,1.61479
624.08338,1.64182
622.04389,1.64327
620.00440,1.62155
617.96492,1.60922
615.92543,1.61290
613.88594,1.58783
611.84645,1.56402
609.80696,1.56407
607.76747,1.57044
605.72799,1.59771
603.68850,1.61827
601.64901,1.57949
599.60952,1.53247
597.57003,1.53448
595.53055,1.57648
593.49106,1.61900
591.45157,1.62285
589.41208,1.60755
587.37259,1.60278
585.33310,1.60936
583.29362,1.61580
581.25413,1.58670
579.21464,1.53617
577.17515,1.53613
575.13566,1.57502
573.09618,1.59279
571.05669,1.58077
569.01720,1.58126
566.97771,1.59336
564.93822,1.58353
562.89873,1.56278
560.85925,1.56301
558.81976,1.58699
556.78027,1.61502
554.74078,1.60182
552.70129,1.57341
550.66181,1.55485
548.62232,1.54925
546.58283,1.56325
544.54334,1.57359
542.50385,1.54605
540.46436,1.53070
538.42488,1.50572
536.38539,1.46960
534.34590,1.50074
532.30641,1.56177
530.26692,1.55347
528.22744,1.48740
526.18795,1.45595
524.14846,1.51038
522.10897,1.57550
520.06948,1.60682
518.02999,1.58963
515.99051,1.50001
513.95102,1.46303
511.91153,1.49199
509.87204,1.43378
507.83255,1.27257
505.79307,1.29128
503.75358,1.35841
501.71409,1.56599
499.67460,1.22388
