3997.39681,0.42199
3995.35732,0.42159
3993.31783,0.42132
3991.27835,0.42096
3989.23886,0.42055
3987.19937,0.42010
3985.15988,0.41941
3983.12039,0.41853
3981.08091,0.41765
3979.04142,0.41672
3977.00193,0.41590
3974.96244,0.41544
3972.92295,0.41496
3970.88346,0.41368
3968.84398,0.41201
3966.80449,0.41068
3964.76500,0.40937
3962.72551,0.40783
3960.68602,0.40625
3958.64654,0.40471
3956.60705,0.40321
3954.56756,0.40206
3952.52807,0.40155
3950.48858,0.40106
3948.44909,0.39979
3946.40961,0.39835
3944.37012,0.39751
3942.33063,0.39661
3940.29114,0.39497
3938.25165,0.39327
3936.21217,0.39216
3934.17268,0.39124
3932.13319,0.38985
3930.09370,0.38776
3928.05421,0.38544
3926.01473,0.38355
3923.97524,0.38190
3921.93575,0.38016
3919.89626,0.37832
3917.85677,0.37610
3915.81728,0.37365
3913.77780,0.37165
3911.73831,0.37000
3909.69882,0.36854
3907.65933,0.36790
3905.61984,0.36791
3903.58036,0.36702
3901.54087,0.36416
3899.50138,0.36019
3897.46189,0.35716
3895.42240,0.35594
3893.38291,0.35535
3891.34343,0.35412
3889.30394,0.35303
3887.26445,0.35293
3885.22496,0.35305
3883.18547,0.35291
3881.14599,0.35209
3879.10650,0.35014
3877.06701,0.34859
3875.02752,0.34837
3872.98803,0.34854
3870.94854,0.34840
3868.90906,0.34784
3866.86957,0.34733
3864.83008,0.34730
3862.79059,0.34708
3860.75110,0.34617
3858.71162,0.34530
3856.67213,0.34491
3854.63264,0.34471
3852.59315,0.34459
3850.55366,0.34430
3848.51417,0.34361
3846.47469,0.34319
3844.43520,0.34372
3842.39571,0.34500
3840.35622,0.34594
3838.31673,0.34557
3836.27725,0.34441
3834.23776,0.34352
3832.19827,0.34303
3830.15878,0.34303
3828.11929,0.34379
3826.07980,0.34493
3824.04032,0.34580
3822.00083,0.34591
3819.96134,0.34513
3817.92185,0.34429
3815.88236,0.34404
3813.84288,0.34435
3811.80339,0.34508
3809.76390,0.34619
3807.72441,0.34754
3805.68492,0.34877
3803.64543,0.34977
3801.60595,0.35081
3799.56646,0.35209
3797.52697,0.35329
3795.48748,0.35392
3793.44799,0.35425
3791.40851,0.35493
3789.36902,0.35620
3787.32953,0.35789
3785.29004,0.35954
3783.25055,0.36095
3781.21107,0.36262
3779.17158,0.36455
3777.13209,0.36604
3775.09260,0.36731
3773.05311,0.36916
3771.01362,0.37146
3768.97414,0.37346
3766.93465,0.37518
3764.89516,0.37725
3762.85567,0.37969
3760.81618,0.38210
3758.77670,0.38439
3756.73721,0.38685
3754.69772,0.38951
3752.65823,0.39209
3750.61874,0.39463
3748.57925,0.39706
3746.53977,0.39909
3744.50028,0.40140
3742.46079,0.40476
3740.42130,0.40870
3738.38181,0.41261
3736.34233,0.41622
3734.30284,0.41888
3732.26335,0.42056
3730.22386,0.42273
3728.18437,0.42650
3726.14488,0.43141
3724.10540,0.43612
3722.06591,0.43998
3720.02642,0.44363
3717.98693,0.44786
3715.94744,0.45279
3713.90796,0.45851
3711.86847,0.46533
3709.82898,0.47295
3707.78949,0.47996
3705.75000,0.48587
3703.71051,0.49240
3701.67103,0.50090
3699.63154,0.51007
3697.59205,0.51879
3695.55256,0.52815
3693.51307,0.53953
3691.47359,0.55334
3689.43410,0.56848
3687.39461,0.58267
3685.35512,0.59569
3683.31563,0.60962
3681.27614,0.62534
3679.23666,0.64181
3677.19717,0.66001
3675.15768,0.68188
3673.11819,0.70476
3671.07870,0.72776
3669.03922,0.75211
3666.99973,0.77488
3664.96024,0.79607
3662.92075,0.81903
3660.88126,0.84434
3658.84177,0.87003
3656.80229,0.89598
3654.76280,0.92229
3652.72331,0.94661
3650.68382,0.96942
3648.64433,0.99413
3646.60485,1.02024
3644.56536,1.04486
3642.52587,1.07008
3640.48638,1.09887
3638.44689,1.12832
3636.40741,1.15360
3634.36792,1.17639
3632.32843,1.20043
3630.28894,1.22543
3628.24945,1.24988
3626.20996,1.27389
3624.17048,1.29843
3622.13099,1.32144
3620.09150,1.34028
3618.05201,1.35508
3616.01252,1.36839
3613.97304,1.38420
3611.93355,1.40356
3609.89406,1.42119
3607.85457,1.43700
3605.81508,1.46019
3603.77559,1.48746
3601.73611,1.50751
3599.69662,1.52204
3597.65713,1.53771
3595.61764,1.54875
3593.57815,1.54993
3591.53867,1.54704
3589.49918,1.54536
3587.45969,1.55173
3585.42020,1.56694
3583.38071,1.58199
3581.34122,1.59793
3579.30174,1.61724
3577.26225,1.63893
3575.22276,1.66190
3573.18327,1.67515
3571.14378,1.67742
3569.10430,1.68091
3567.06481,1.68614
3565.02532,1.68522
3562.98583,1.68225
3560.94634,1.68893
3558.90685,1.70319
3556.86737,1.70988
3554.82788,1.70830
3552.78839,1.71431
3550.74890,1.72916
3548.70941,1.73254
3546.66993,1.72379
3544.63044,1.72506
3542.59095,1.73480
3540.55146,1.73426
3538.51197,1.72977
3536.47248,1.73962
3534.43300,1.75067
3532.39351,1.73949
3530.35402,1.71943
3528.31453,1.72120
3526.27504,1.74458
3524.23556,1.75884
3522.19607,1.75497
3520.15658,1.75128
3518.11709,1.75081
3516.07760,1.74827
3514.03811,1.75736
3511.99863,1.77756
3509.95914,1.78256
3507.91965,1.76565
3505.88016,1.74710
3503.84067,1.74888
3501.80119,1.76959
3499.76170,1.77818
3497.72221,1.76389
3495.68272,1.75037
3493.64323,1.75212
3491.60375,1.76745
3489.56426,1.78254
3487.52477,1.78239
3485.48528,1.76772
3483.44579,1.75653
3481.40630,1.76834
3479.36682,1.79603
3477.32733,1.81059
3475.28784,1.79520
3473.24835,1.76887
3471.20886,1.75969
3469.16938,1.76850
3467.12989,1.77862
3465.09040,1.77489
3463.05091,1.75889
3461.01142,1.75162
3458.97193,1.76523
3456.93245,1.78084
3454.89296,1.77537
3452.85347,1.76363
3450.81398,1.76407
3448.77449,1.76578
3446.73501,1.76482
3444.69552,1.77307
3442.65603,1.78109
3440.61654,1.76938
3438.57705,1.74854
3436.53756,1.74510
3434.49808,1.75935
3432.45859,1.76843
3430.41910,1.75837
3428.37961,1.74369
3426.34012,1.74356
3424.30064,1.75452
3422.26115,1.76499
3420.22166,1.77430
3418.18217,1.77716
3416.14268,1.77000
3414.10319,1.76633
3412.06371,1.76949
3410.02422,1.76812
3407.98473,1.75927
3405.94524,1.75247
3403.90575,1.75654
3401.86627,1.76019
3399.82678,1.74663
3397.78729,1.72856
3395.74780,1.72822
3393.70831,1.73864
3391.66882,1.74313
3389.62934,1.74647
3387.58985,1.75329
3385.55036,1.75213
3383.51087,1.73803
3381.47138,1.72579
3379.43190,1.72839
3377.39241,1.74094
3375.35292,1.74469
3373.31343,1.73474
3371.27394,1.72406
3369.23446,1.71844
3367.19497,1.71841
3365.15548,1.72325
3363.11599,1.72498
3361.07650,1.71761
3359.03701,1.71223
3356.99753,1.71540
3354.95804,1.71449
3352.91855,1.70799
3350.87906,1.70629
3348.83957,1.70883
3346.80009,1.71454
3344.76060,1.72041
3342.72111,1.71997
3340.68162,1.71900
3338.64213,1.72083
3336.60264,1.72407
3334.56316,1.72820
3332.52367,1.73249
3330.48418,1.73486
3328.44469,1.73256
3326.40520,1.72673
3324.36572,1.72078
3322.32623,1.71897
3320.28674,1.71775
3318.24725,1.70934
3316.20776,1.69845
3314.16827,1.69384
3312.12879,1.69546
3310.08930,1.70042
3308.04981,1.70933
3306.01032,1.71416
3303.97083,1.70453
3301.93135,1.69235
3299.89186,1.69068
3297.85237,1.69061
3295.81288,1.68898
3293.77339,1.69041
3291.73390,1.68808
3289.69442,1.68163
3287.65493,1.68117
3285.61544,1.68294
3283.57595,1.67692
3281.53646,1.66927
3279.49698,1.66996
3277.45749,1.67574
3275.41800,1.67889
3273.37851,1.67729
3271.33902,1.67325
3269.29953,1.66870
3267.26005,1.66258
3265.22056,1.65537
3263.18107,1.65424
3261.14158,1.66078
3259.10209,1.66603
3257.06261,1.66451
3255.02312,1.65944
3252.98363,1.65501
3250.94414,1.65777
3248.90465,1.66966
3246.86516,1.67391
3244.82568,1.66041
3242.78619,1.64738
3240.74670,1.64715
3238.70721,1.65151
3236.66772,1.65069
3234.62824,1.64526
3232.58875,1.64178
3230.54926,1.64070
3228.50977,1.64168
3226.47028,1.64772
3224.43080,1.65582
3222.39131,1.66128
3220.35182,1.66000
3218.31233,1.65071
3216.27284,1.64202
3214.23335,1.64050
3212.19387,1.64118
3210.15438,1.63774
3208.11489,1.63444
3206.07540,1.63725
3204.03591,1.64037
3201.99643,1.63807
3199.95694,1.63673
3197.91745,1.63986
3195.87796,1.64179
3193.83847,1.64020
3191.79898,1.63753
3189.75950,1.63380
3187.72001,1.62958
3185.68052,1.62547
3183.64103,1.62042
3181.60154,1.61934
3179.56206,1.62461
3177.52257,1.62775
3175.48308,1.62785
3173.44359,1.63452
3171.40410,1.63895
3169.36461,1.62736
3167.32513,1.61247
3165.28564,1.60676
3163.24615,1.60669
3161.20666,1.60860
3159.16717,1.61185
3157.12769,1.61487
3155.08820,1.61377
3153.04871,1.60709
3151.00922,1.60050
3148.96973,1.59803
3146.93024,1.59670
3144.89076,1.59569
3142.85127,1.59694
3140.81178,1.59976
3138.77229,1.60045
3136.73280,1.59550
3134.69332,1.58764
3132.65383,1.58253
3130.61434,1.58122
3128.57485,1.58224
3126.53536,1.58256
3124.49587,1.57922
3122.45639,1.57459
3120.41690,1.57386
3118.37741,1.57719
3116.33792,1.57598
3114.29843,1.56753
3112.25895,1.56152
3110.21946,1.56138
3108.17997,1.56317
3106.14048,1.56562
3104.10099,1.56570
3102.06150,1.55947
3100.02202,1.54900
3097.98253,1.54058
3095.94304,1.53867
3093.90355,1.54016
3091.86406,1.53815
3089.82458,1.53230
3087.78509,1.52794
3085.74560,1.52961
3083.70611,1.53482
3081.66662,1.53617
3079.62714,1.53338
3077.58765,1.53027
3075.54816,1.52500
3073.50867,1.51595
3071.46918,1.50832
3069.42969,1.50561
3067.39021,1.50433
3065.35072,1.50264
3063.31123,1.50124
3061.27174,1.49922
3059.23225,1.49519
3057.19277,1.48854
3055.15328,1.48051
3053.11379,1.47259
3051.07430,1.46613
3049.03481,1.46142
3046.99532,1.45779
3044.95584,1.45530
3042.91635,1.45371
3040.87686,1.45090
3038.83737,1.44588
3036.79788,1.44104
3034.75840,1.43879
3032.71891,1.43740
3030.67942,1.43206
3028.63993,1.42465
3026.60044,1.42001
3024.56095,1.41677
3022.52147,1.41359
3020.48198,1.41063
3018.44249,1.40776
3016.40300,1.40654
3014.36351,1.40693
3012.32403,1.40689
3010.28454,1.40705
3008.24505,1.40805
3006.20556,1.40774
3004.16607,1.40655
3002.12658,1.40729
3000.08710,1.40971
2998.04761,1.41261
2996.00812,1.41663
2993.96863,1.42070
2991.92914,1.42396
2989.88966,1.42851
2987.85017,1.43472
2985.81068,1.44031
2983.77119,1.44622
2981.73170,1.45448
2979.69221,1.46303
2977.65273,1.47106
2975.61324,1.48073
2973.57375,1.49137
2971.53426,1.49887
2969.49477,1.50315
2967.45529,1.50912
2965.41580,1.51730
2963.37631,1.52665
2961.33682,1.53720
2959.29733,1.54468
2957.25784,1.55147
2955.21836,1.56209
2953.17887,1.57261
2951.13938,1.58111
2949.09989,1.58715
2947.06040,1.59019
2945.02092,1.59323
2942.98143,1.59751
2940.94194,1.60187
2938.90245,1.60913
2936.86296,1.61872
2934.82348,1.62221
2932.78399,1.61781
2930.74450,1.61182
2928.70501,1.60799
2926.66552,1.60418
2924.62603,1.59879
2922.58655,1.59460
2920.54706,1.59343
2918.50757,1.59488
2916.46808,1.59347
2914.42859,1.58509
2912.38911,1.57514
2910.34962,1.56803
2908.31013,1.56343
2906.27064,1.56218
2904.23115,1.56215
2902.19166,1.55716
2900.15218,1.54780
2898.11269,1.54345
2896.07320,1.54650
2894.03371,1.54877
2891.99422,1.54902
2889.95474,1.55132
2887.91525,1.55122
2885.87576,1.54420
2883.83627,1.53480
2881.79678,1.52586
2879.75729,1.51629
2877.71781,1.50749
2875.67832,1.49911
2873.63883,1.48836
2871.59934,1.47686
2869.55985,1.46887
2867.52037,1.46241
2865.48088,1.45480
2863.44139,1.44869
2861.40190,1.44407
2859.36241,1.43764
2857.32292,1.43024
2855.28344,1.42325
2853.24395,1.41558
2851.20446,1.40936
2849.16497,1.40472
2847.12548,1.39779
2845.08600,1.38814
2843.04651,1.37770
2841.00702,1.36858
2838.96753,1.36126
2836.92804,1.35471
2834.88855,1.34931
2832.84907,1.34361
2830.80958,1.33498
2828.77009,1.32610
2826.73060,1.32077
2824.69111,1.31719
2822.65163,1.31201
2820.61214,1.30627
2818.57265,1.30124
2816.53316,1.29486
2814.49367,1.28811
2812.45418,1.28299
2810.41470,1.27793
2808.37521,1.27218
2806.33572,1.26682
2804.29623,1.26310
2802.25674,1.26049
2800.21726,1.25659
2798.17777,1.25129
2796.13828,1.24729
2794.09879,1.24526
2792.05930,1.24363
2790.01982,1.24112
2787.98033,1.23835
2785.94084,1.23618
2783.90135,1.23336
2781.86186,1.23045
2779.82237,1.22758
2777.78289,1.22421
2775.74340,1.22188
2773.70391,1.22006
2771.66442,1.21835
2769.62493,1.21735
2767.58545,1.21633
2765.54596,1.21491
2763.50647,1.21377
2761.46698,1.21439
2759.42749,1.21560
2757.38800,1.21460
2755.34852,1.21135
2753.30903,1.20681
2751.26954,1.20310
2749.23005,1.20174
2747.19056,1.20046
2745.15108,1.19839
2743.11159,1.19753
2741.07210,1.19750
2739.03261,1.19658
2736.99312,1.19381
2734.95363,1.18992
2732.91415,1.18644
2730.87466,1.18310
2728.83517,1.17939
2726.79568,1.17524
2724.75619,1.17127
2722.71671,1.16869
2720.67722,1.16695
2718.63773,1.16431
2716.59824,1.16039
2714.55875,1.15654
2712.51926,1.15260
2710.47978,1.14798
2708.44029,1.14376
2706.40080,1.14014
2704.36131,1.13699
2702.32182,1.13363
2700.28234,1.12855
2698.24285,1.12246
2696.20336,1.11693
2694.16387,1.11274
2692.12438,1.11050
2690.08489,1.10868
2688.04541,1.10462
2686.00592,1.09911
2683.96643,1.09599
2681.92694,1.09535
2679.88745,1.09355
2677.84797,1.08999
2675.80848,1.08589
2673.76899,1.08130
2671.72950,1.07609
2669.69001,1.07019
2667.65052,1.06422
2665.61104,1.06000
2663.57155,1.05770
2661.53206,1.05450
2659.49257,1.04908
2657.45308,1.04269
2655.41360,1.03665
2653.37411,1.03212
2651.33462,1.02894
2649.29513,1.02554
2647.25564,1.02104
2645.21616,1.01545
2643.17667,1.00902
2641.13718,1.00243
2639.09769,0.99653
2637.05820,0.99148
2635.01871,0.98729
2632.97923,0.98340
2630.93974,0.97834
2628.90025,0.97252
2626.86076,0.96780
2624.82127,0.96366
2622.78179,0.95817
2620.74230,0.95227
2618.70281,0.94822
2616.66332,0.94551
2614.62383,0.94282
2612.58434,0.94033
2610.54486,0.93798
2608.50537,0.93503
2606.46588,0.93170
2604.42639,0.92895
2602.38690,0.92638
2600.34742,0.92340
2598.30793,0.92138
2596.26844,0.92073
2594.22895,0.91925
2592.18946,0.91653
2590.14997,0.91435
2588.11049,0.91254
2586.07100,0.91016
2584.03151,0.90751
2581.99202,0.90466
2579.95253,0.90194
2577.91305,0.89969
2575.87356,0.89702
2573.83407,0.89312
2571.79458,0.88864
2569.75509,0.88500
2567.71560,0.88212
2565.67612,0.87894
2563.63663,0.87564
2561.59714,0.87264
2559.55765,0.86953
2557.51816,0.86612
2555.47868,0.86223
2553.43919,0.85814
2551.39970,0.85428
2549.36021,0.85036
2547.32072,0.84638
2545.28123,0.84269
2543.24175,0.83950
2541.20226,0.83660
2539.16277,0.83329
2537.12328,0.82962
2535.08379,0.82603
2533.04431,0.82245
2531.00482,0.81896
2528.96533,0.81572
2526.92584,0.81259
2524.88635,0.80981
2522.84686,0.80731
2520.80738,0.80438
2518.76789,0.80113
2516.72840,0.79840
2514.68891,0.79625
2512.64942,0.79417
2510.60994,0.79189
2508.57045,0.78928
2506.53096,0.78677
2504.49147,0.78493
2502.45198,0.78311
2500.41250,0.78086
2498.37301,0.77866
2496.33352,0.77651
2494.29403,0.77432
2492.25454,0.77253
2490.21505,0.77128
2488.17557,0.76964
2486.13608,0.76648
2484.09659,0.76251
2482.05710,0.75916
2480.01761,0.75623
2477.97813,0.75295
2475.93864,0.74940
2473.89915,0.74614
2471.85966,0.74320
2469.82017,0.74057
2467.78068,0.73809
2465.74120,0.73469
2463.70171,0.73068
2461.66222,0.72721
2459.62273,0.72374
2457.58324,0.71977
2455.54376,0.71598
2453.50427,0.71229
2451.46478,0.70775
2449.42529,0.70274
2447.38580,0.69865
2445.34631,0.69487
2443.30683,0.69027
2441.26734,0.68576
2439.22785,0.68177
2437.18836,0.67764
2435.14887,0.67351
2433.10939,0.66961
2431.06990,0.66588
2429.03041,0.66232
2426.99092,0.65855
2424.95143,0.65448
2422.91194,0.65047
2420.87246,0.64652
2418.83297,0.64262
2416.79348,0.63923
2414.75399,0.63645
2412.71450,0.63373
2410.67502,0.63071
2408.63553,0.62766
2406.59604,0.62496
2404.55655,0.62276
2402.51706,0.62077
2400.47757,0.61843
2398.43809,0.61620
2396.39860,0.61406
2394.35911,0.61164
2392.31962,0.60937
2390.28013,0.60790
2388.24065,0.60703
2386.20116,0.60631
2384.16167,0.60587
2382.12218,0.60592
2380.08269,0.60627
2378.04320,0.60673
2376.00372,0.60711
2373.96423,0.60737
2371.92474,0.60799
2369.88525,0.60886
2367.84576,0.60955
2365.80628,0.61036
2363.76679,0.61067
2361.72730,0.60941
2359.68781,0.60652
2357.64832,0.60228
2355.60884,0.59794
2353.56935,0.59580
2351.52986,0.59612
2349.49037,0.59584
2347.45088,0.59265
2345.41139,0.58836
2343.37191,0.58615
2341.33242,0.58602
2339.29293,0.58564
2337.25344,0.58394
2335.21395,0.58106
2333.17447,0.57791
2331.13498,0.57561
2329.09549,0.57410
2327.05600,0.57229
2325.01651,0.56980
2322.97702,0.56711
2320.93754,0.56477
2318.89805,0.56300
2316.85856,0.56148
2314.81907,0.55989
2312.77958,0.55821
2310.74010,0.55640
2308.70061,0.55465
2306.66112,0.55342
2304.62163,0.55255
2302.58214,0.55153
2300.54265,0.55042
2298.50317,0.54930
2296.46368,0.54812
2294.42419,0.54729
2292.38470,0.54708
2290.34521,0.54710
2288.30573,0.54710
2286.26624,0.54725
2284.22675,0.54766
2282.18726,0.54809
2280.14777,0.54839
2278.10828,0.54852
2276.06880,0.54874
2274.02931,0.54960
2271.98982,0.55097
2269.95033,0.55205
2267.91084,0.55264
2265.87136,0.55343
2263.83187,0.55464
2261.79238,0.55560
2259.75289,0.55611
2257.71340,0.55674
2255.67391,0.55763
2253.63443,0.55838
2251.59494,0.55874
2249.55545,0.55879
2247.51596,0.55937
2245.47647,0.56035
2243.43699,0.56134
2241.39750,0.56203
2239.35801,0.56296
2237.31852,0.56432
2235.27903,0.56543
2233.23954,0.56637
2231.20006,0.56731
2229.16057,0.56844
2227.12108,0.56995
2225.08159,0.57153
2223.04210,0.57291
2221.00262,0.57424
2218.96313,0.57603
2216.92364,0.57812
2214.88415,0.58017
2212.84466,0.58217
2210.80518,0.58408
2208.76569,0.58623
2206.72620,0.58874
2204.68671,0.59091
2202.64722,0.59246
2200.60773,0.59435
2198.56825,0.59684
2196.52876,0.59900
2194.48927,0.60081
2192.44978,0.60264
2190.41029,0.60454
2188.37081,0.60667
2186.33132,0.60926
2184.29183,0.61227
2182.25234,0.61508
2180.21285,0.61731
2178.17336,0.61968
2176.13388,0.62265
2174.09439,0.62566
2172.05490,0.62825
2170.01541,0.63063
2167.97592,0.63307
2165.93644,0.63550
2163.89695,0.63778
2161.85746,0.63955
2159.81797,0.64036
2157.77848,0.64091
2155.73899,0.64182
2153.69951,0.64265
2151.66002,0.64326
2149.62053,0.64363
2147.58104,0.64328
2145.54155,0.64235
2143.50207,0.64186
2141.46258,0.64188
2139.42309,0.64158
2137.38360,0.64090
2135.34411,0.64037
2133.30462,0.63997
2131.26514,0.63947
2129.22565,0.63891
2127.18616,0.63808
2125.14667,0.63702
2123.10718,0.63599
2121.06770,0.63491
2119.02821,0.63395
2116.98872,0.63346
2114.94923,0.63320
2112.90974,0.63300
2110.87025,0.63312
2108.83077,0.63335
2106.79128,0.63335
2104.75179,0.63321
2102.71230,0.63314
2100.67281,0.63339
2098.63333,0.63420
2096.59384,0.63496
2094.55435,0.63507
2092.51486,0.63490
2090.47537,0.63499
2088.43588,0.63519
2086.39640,0.63512
2084.35691,0.63470
2082.31742,0.63405
2080.27793,0.63353
2078.23844,0.63315
2076.19896,0.63264
2074.15947,0.63224
2072.11998,0.63208
2070.08049,0.63201
2068.04100,0.63218
2066.00152,0.63219
2063.96203,0.63155
2061.92254,0.63105
2059.88305,0.63131
2057.84356,0.63160
2055.80407,0.63128
2053.76459,0.63047
2051.72510,0.62911
2049.68561,0.62708
2047.64612,0.62489
2045.60663,0.62292
2043.56715,0.62101
2041.52766,0.61868
2039.48817,0.61568
2037.44868,0.61233
2035.40919,0.60890
2033.36970,0.60533
2031.33022,0.60172
2029.29073,0.59821
2027.25124,0.59474
2025.21175,0.59103
2023.17226,0.58699
2021.13278,0.58343
2019.09329,0.58069
2017.05380,0.57755
2015.01431,0.57347
2012.97482,0.56950
2010.93533,0.56624
2008.89585,0.56346
2006.85636,0.56100
2004.81687,0.55889
2002.77738,0.55689
2000.73789,0.55494
1998.69841,0.55323
1996.65892,0.55194
1994.61943,0.55132
1992.57994,0.55108
1990.54045,0.55031
1988.50096,0.54914
1986.46148,0.54818
1984.42199,0.54722
1982.38250,0.54610
1980.34301,0.54506
1978.30352,0.54414
1976.26404,0.54371
1974.22455,0.54388
1972.18506,0.54395
1970.14557,0.54381
1968.10608,0.54396
1966.06659,0.54412
1964.02711,0.54380
1961.98762,0.54349
1959.94813,0.54373
1957.90864,0.54416
1955.86915,0.54449
1953.82967,0.54474
1951.79018,0.54477
1949.75069,0.54484
1947.71120,0.54538
1945.67171,0.54640
1943.63222,0.54720
1941.59274,0.54674
1939.55325,0.54528
1937.51376,0.54406
1935.47427,0.54346
1933.43478,0.54297
1931.39530,0.54220
1929.35581,0.54146
1927.31632,0.54121
1925.27683,0.54175
1923.23734,0.54244
1921.19786,0.54237
1919.15837,0.54172
1917.11888,0.54058
1915.07939,0.53917
1913.03990,0.53844
1911.00041,0.53828
1908.96093,0.53767
1906.92144,0.53629
1904.88195,0.53479
1902.84246,0.53367
1900.80297,0.53279
1898.76349,0.53208
1896.72400,0.53189
1894.68451,0.53230
1892.64502,0.53299
1890.60553,0.53370
1888.56604,0.53397
1886.52656,0.53408
1884.48707,0.53485
1882.44758,0.53619
1880.40809,0.53757
1878.36860,0.53862
1876.32912,0.53910
1874.28963,0.53942
1872.25014,0.54082
1870.21065,0.54313
1868.17116,0.54370
1866.13167,0.54168
1864.09219,0.53957
1862.05270,0.53848
1860.01321,0.53768
1857.97372,0.53680
1855.93423,0.53591
1853.89475,0.53508
1851.85526,0.53426
1849.81577,0.53368
1847.77628,0.53422
1845.73679,0.53566
1843.69730,0.53551
1841.65782,0.53306
1839.61833,0.53088
1837.57884,0.53019
1835.53935,0.53027
1833.49986,0.53124
1831.46038,0.53346
1829.42089,0.53533
1827.38140,0.53582
1825.34191,0.53600
1823.30242,0.53619
1821.26293,0.53650
1819.22345,0.53744
1817.18396,0.53908
1815.14447,0.54143
1813.10498,0.54465
1811.06549,0.54818
1809.02601,0.55103
1806.98652,0.55340
1804.94703,0.55687
1802.90754,0.56224
1800.86805,0.56835
1798.82856,0.57382
1796.78908,0.57949
1794.74959,0.58703
1792.71010,0.59576
1790.67061,0.60272
1788.63112,0.60774
1786.59164,0.61374
1784.55215,0.62157
1782.51266,0.62954
1780.47317,0.63635
1778.43368,0.64227
1776.39420,0.64889
1774.35471,0.65740
1772.31522,0.66598
1770.27573,0.67159
1768.23624,0.67528
1766.19675,0.68006
1764.15727,0.68723
1762.11778,0.69643
1760.07829,0.70643
1758.03880,0.71747
1755.99931,0.73016
1753.95983,0.74421
1751.92034,0.76064
1749.88085,0.77886
1747.84136,0.79596
1745.80187,0.81205
1743.76238,0.82896
1741.72290,0.84742
1739.68341,0.86724
1737.64392,0.88742
1735.60443,0.90880
1733.56494,0.92989
1731.52546,0.94313
1729.48597,0.94837
1727.44648,0.95028
1725.40699,0.95067
1723.36750,0.95031
1721.32801,0.95098
1719.28853,0.95360
1717.24904,0.95476
1715.20955,0.95158
1713.17006,0.94754
1711.13057,0.94630
1709.09109,0.94901
1707.05160,0.95655
1705.01211,0.96871
1702.97262,0.98409
1700.93313,1.00388
1698.89364,1.02700
1696.85416,1.04946
1694.81467,1.07196
1692.77518,1.09458
1690.73569,1.11908
1688.69620,1.14589
1686.65672,1.17352
1684.61723,1.20509
1682.57774,1.23776
1680.53825,1.26428
1678.49876,1.28789
1676.45927,1.31233
1674.41979,1.33600
1672.38030,1.35765
1670.34081,1.37984
1668.30132,1.40123
1666.26183,1.41787
1664.22235,1.43216
1662.18286,1.44591
1660.14337,1.45792
1658.10388,1.46772
1656.06439,1.47506
1654.02490,1.48136
1651.98542,1.48846
1649.94593,1.49568
1647.90644,1.50271
1645.86695,1.50844
1643.82746,1.51112
1641.78798,1.51193
1639.74849,1.51269
1637.70900,1.51356
1635.66951,1.51161
1633.63002,1.50642
1631.59054,1.50323
1629.55105,1.50332
1627.51156,1.50361
1625.47207,1.50083
1623.43258,1.49469
1621.39309,1.49038
1619.35361,1.49262
1617.31412,1.49551
1615.27463,1.49094
1613.23514,1.48357
1611.19565,1.48036
1609.15617,1.48162
1607.11668,1.48383
1605.07719,1.48452
1603.03770,1.48480
1600.99821,1.48578
1598.95872,1.48733
1596.91924,1.48886
1594.87975,1.48842
1592.84026,1.48566
1590.80077,1.48318
1588.76128,1.48185
1586.72180,1.48068
1584.68231,1.47898
1582.64282,1.47735
1580.60333,1.47665
1578.56384,1.47529
1576.52435,1.47091
1574.48487,1.46467
1572.44538,1.45951
1570.40589,1.45344
1568.36640,1.44141
1566.32691,1.42486
1564.28743,1.41116
1562.24794,1.40439
1560.20845,1.39937
1558.16896,1.38575
1556.12947,1.36437
1554.08998,1.34471
1552.05050,1.33143
1550.01101,1.32282
1547.97152,1.31453
1545.93203,1.30501
1543.89254,1.29513
1541.85306,1.28417
1539.81357,1.27036
1537.77408,1.25905
1535.73459,1.25277
1533.69510,1.24604
1531.65561,1.23757
1529.61613,1.23140
1527.57664,1.22808
1525.53715,1.22534
1523.49766,1.22179
1521.45817,1.21671
1519.41869,1.21044
1517.37920,1.20477
1515.33971,1.20089
1513.30022,1.19911
1511.26073,1.19880
1509.22124,1.19847
1507.18176,1.19806
1505.14227,1.19911
1503.10278,1.20045
1501.06329,1.20207
1499.02380,1.20594
1496.98432,1.21200
1494.94483,1.21863
1492.90534,1.22721
1490.86585,1.24115
1488.82636,1.25924
1486.78688,1.27641
1484.74739,1.29269
1482.70790,1.31172
1480.66841,1.33559
1478.62892,1.36441
1476.58943,1.39890
1474.54995,1.43993
1472.51046,1.48686
1470.47097,1.53253
1468.43148,1.56970
1466.39199,1.60087
1464.35251,1.62767
1462.31302,1.64811
1460.27353,1.66125
1458.23404,1.66546
1456.19455,1.66004
1454.15506,1.65114
1452.11558,1.64576
1450.07609,1.64517
1448.03660,1.64653
1445.99711,1.64758
1443.95762,1.64830
1441.91814,1.65026
1439.87865,1.65504
1437.83916,1.66307
1435.79967,1.67393
1433.76018,1.68417
1431.72069,1.69085
1429.68121,1.69652
1427.64172,1.70162
1425.60223,1.70192
1423.56274,1.69999
1421.52325,1.69987
1419.48377,1.70052
1417.44428,1.70429
1415.40479,1.71306
1413.36530,1.72101
1411.32581,1.72168
1409.28632,1.71778
1407.24684,1.71485
1405.20735,1.71221
1403.16786,1.70897
1401.12837,1.70647
1399.08888,1.70506
1397.04940,1.70451
1395.00991,1.70426
1392.97042,1.70335
1390.93093,1.70215
1388.89144,1.70257
1386.85195,1.70583
1384.81247,1.71035
1382.77298,1.71541
1380.73349,1.72209
1378.69400,1.72826
1376.65451,1.73015
1374.61503,1.72980
1372.57554,1.73182
1370.53605,1.73517
1368.49656,1.73724
1366.45707,1.73971
1364.41758,1.73988
1362.37810,1.72994
1360.33861,1.71563
1358.29912,1.70951
1356.25963,1.71062
1354.22014,1.71154
1352.18066,1.71251
1350.14117,1.71751
1348.10168,1.72513
1346.06219,1.72967
1344.02270,1.72945
1341.98322,1.72916
1339.94373,1.72991
1337.90424,1.72793
1335.86475,1.72255
1333.82526,1.71500
1331.78577,1.70456
1329.74629,1.69157
1327.70680,1.67819
1325.66731,1.66567
1323.62782,1.65728
1321.58833,1.65684
1319.54885,1.66099
1317.50936,1.65873
1315.46987,1.64529
1313.43038,1.63058
1311.39089,1.62632
1309.35140,1.63125
1307.31192,1.63495
1305.27243,1.63136
1303.23294,1.62264
1301.19345,1.61513
1299.15396,1.61213
1297.11448,1.61214
1295.07499,1.61234
1293.03550,1.60888
1290.99601,1.60023
1288.95652,1.59012
1286.91703,1.58366
1284.87755,1.58202
1282.83806,1.58085
1280.79857,1.57622
1278.75908,1.56921
1276.71959,1.56263
1274.68011,1.56031
1272.64062,1.56271
1270.60113,1.56386
1268.56164,1.56279
1266.52215,1.56310
1264.48266,1.56508
1262.44318,1.56846
1260.40369,1.57322
1258.36420,1.57742
1256.32471,1.57825
1254.28522,1.57740
1252.24574,1.57967
1250.20625,1.58586
1248.16676,1.59070
1246.12727,1.58935
1244.08778,1.58737
1242.04829,1.58909
1240.00881,1.58862
1237.96932,1.58648
1235.92983,1.58711
1233.89034,1.58381
1231.85085,1.57028
1229.81137,1.55250
1227.77188,1.53930
1225.73239,1.53095
1223.69290,1.52163
1221.65341,1.51211
1219.61392,1.50953
1217.57444,1.51478
1215.53495,1.52204
1213.49546,1.52887
1211.45597,1.53878
1209.41648,1.55472
1207.37700,1.57023
1205.33751,1.57623
1203.29802,1.57605
1201.25853,1.57453
1199.21904,1.57063
1197.17956,1.56529
1195.14007,1.55910
1193.10058,1.55245
1191.06109,1.55091
1189.02160,1.55807
1186.98211,1.57260
1184.94263,1.59392
1182.90314,1.62439
1180.86365,1.66570
1178.82416,1.71557
1176.78467,1.77541
1174.74519,1.84535
1172.70570,1.90972
1170.66621,1.95733
1168.62672,1.99453
1166.58723,2.02143
1164.54774,2.02322
1162.50826,1.99905
1160.46877,1.96632
1158.42928,1.93501
1156.38979,1.90432
1154.35030,1.87430
1152.31082,1.84827
1150.27133,1.82430
1148.23184,1.80644
1146.19235,1.80104
1144.15286,1.80182
1142.11337,1.80090
1140.07389,1.80287
1138.03440,1.80664
1135.99491,1.81205
1133.95542,1.83244
1131.91593,1.86038
1129.87645,1.87259
1127.83696,1.86586
1125.79747,1.84461
1123.75798,1.81953
1121.71849,1.81027
1119.67900,1.82303
1117.63952,1.84249
1115.60003,1.84923
1113.56054,1.84562
1111.52105,1.84862
1109.48156,1.85743
1107.44208,1.85799
1105.40259,1.85295
1103.36310,1.84930
1101.32361,1.84065
1099.28412,1.83199
1097.24463,1.83395
1095.20515,1.83991
1093.16566,1.84007
1091.12617,1.84425
1089.08668,1.86094
1087.04719,1.87682
1085.00771,1.87751
1082.96822,1.86397
1080.92873,1.84283
1078.88924,1.81640
1076.84975,1.79213
1074.81027,1.78380
1072.77078,1.79354
1070.73129,1.80971
1068.69180,1.82293
1066.65231,1.83547
1064.61282,1.84682
1062.57334,1.84432
1060.53385,1.82684
1058.49436,1.80739
1056.45487,1.78475
1054.41538,1.74939
1052.37590,1.71303
1050.33641,1.68954
1048.29692,1.67083
1046.25743,1.64860
1044.21794,1.62864
1042.17845,1.61841
1040.13897,1.61520
1038.09948,1.61292
1036.05999,1.61020
1034.02050,1.60474
1031.98101,1.60048
1029.94153,1.60008
1027.90204,1.59567
1025.86255,1.58570
1023.82306,1.57467
1021.78357,1.56161
1019.74408,1.54801
1017.70460,1.54127
1015.66511,1.54030
1013.62562,1.53950
1011.58613,1.53842
1009.54664,1.53624
1007.50716,1.53154
1005.46767,1.52575
1003.42818,1.52077
1001.38869,1.51610
999.34920,1.51130
997.30971,1.50626
995.27023,1.50102
993.23074,1.49593
991.19125,1.49354
989.15176,1.49442
987.11227,1.49020
985.07279,1.47568
983.03330,1.45320
980.99381,1.42513
978.95432,1.39430
976.91483,1.36319
974.87534,1.33327
972.83586,1.30464
970.79637,1.27837
968.75688,1.25575
966.71739,1.23495
964.67790,1.21563
962.63842,1.20062
960.59893,1.19126
958.55944,1.18702
956.51995,1.18664
954.48046,1.18990
952.44097,1.20009
950.40149,1.22081
948.36200,1.25032
946.32251,1.28419
944.28302,1.32027
942.24353,1.35513
940.20405,1.38283
938.16456,1.40059
936.12507,1.41191
934.08558,1.41845
932.04609,1.41786
930.00661,1.41383
927.96712,1.41284
925.92763,1.41408
923.88814,1.40766
921.84865,1.38734
919.80916,1.36071
917.76968,1.33747
915.73019,1.31910
913.69070,1.30149
911.65121,1.28228
909.61172,1.26410
907.57224,1.25013
905.53275,1.23942
903.49326,1.23119
901.45377,1.22707
899.41428,1.22596
897.37479,1.22419
895.33531,1.21896
893.29582,1.20963
891.25633,1.19909
889.21684,1.18939
887.17735,1.18109
885.13787,1.17815
883.09838,1.18294
881.05889,1.19377
879.01940,1.20950
876.97991,1.23126
874.94042,1.26353
872.90094,1.30668
870.86145,1.35229
868.82196,1.39328
866.78247,1.42579
864.74298,1.44578
862.70350,1.45151
860.66401,1.44416
858.62452,1.42677
856.58503,1.40417
854.54554,1.38528
852.50605,1.37469
850.46657,1.36822
848.42708,1.36238
846.38759,1.35897
844.34810,1.35699
842.30861,1.34944
840.26913,1.33681
838.22964,1.32611
836.19015,1.31540
834.15066,1.30287
832.11117,1.29412
830.07168,1.29047
828.03220,1.28722
825.99271,1.28257
823.95322,1.27957
821.91373,1.28000
819.87424,1.28503
817.83476,1.29264
815.79527,1.29696
813.75578,1.30173
811.71629,1.31030
809.67680,1.31855
807.63731,1.32772
805.59783,1.33949
803.55834,1.35300
801.51885,1.36831
799.47936,1.38298
797.43987,1.39489
795.40039,1.40587
793.36090,1.41901
791.32141,1.43051
789.28192,1.43592
787.24243,1.44226
785.20295,1.45238
783.16346,1.46597
781.12397,1.49017
779.08448,1.51937
777.04499,1.53878
775.00550,1.55396
772.96602,1.57605
770.92653,1.59012
768.88704,1.58694
766.84755,1.57770
764.80806,1.56118
762.76858,1.54489
760.72909,1.54131
758.68960,1.54538
756.65011,1.54552
754.61062,1.53415
752.57113,1.51837
750.53165,1.51386
748.49216,1.52273
746.45267,1.52660
744.41318,1.51543
742.37369,1.50764
740.33421,1.51237
738.29472,1.52284
736.25523,1.54059
734.21574,1.55802
732.17625,1.56018
730.13676,1.56008
728.09728,1.57346
726.05779,1.59055
724.01830,1.60142
721.97881,1.60938
719.93932,1.61954
717.89984,1.63094
715.86035,1.63548
713.82086,1.63078
711.78137,1.61872
709.74188,1.60165
707.70239,1.59034
705.66291,1.58753
703.62342,1.58219
701.58393,1.57305
699.54444,1.56672
697.50495,1.56767
695.46547,1.57859
693.42598,1.59055
691.38649,1.59479
689.34700,1.59182
687.30751,1.58327
685.26802,1.57758
683.22854,1.58801
681.18905,1.61202
679.14956,1.62532
677.11007,1.60846
675.07058,1.58231
673.03110,1.57694
670.99161,1.59033
668.95212,1.60911
666.91263,1.61922
664.87314,1.60702
662.83365,1.58985
660.79417,1.59789
658.75468,1.62892
656.71519,1.64981
654.67570,1.64604
652.63621,1.62960
650.59673,1.61577
648.55724,1.61510
646.51775,1.62389
644.47826,1.62476
642.43877,1.62072
640.39929,1.63020
638.35980,1.64338
636.32031,1.63421
634.28082,1.61202
632.24133,1.60897
630.20184,1.62941
628.16236,1.65001
626.12287,1.64673
624.08338,1.61370
622.04389,1.57530
620.00440,1.58035
617.96492,1.63256
615.92543,1.66177
613.88594,1.61500
611.84645,1.57153
609.80696,1.58660
607.76747,1.61882
605.72799,1.64531
603.68850,1.67768
601.64901,1.68660
599.60952,1.66332
597.57003,1.63538
595.53055,1.63413
593.49106,1.65169
591.45157,1.64237
589.41208,1.59879
587.37259,1.55699
585.33310,1.55651
583.29362,1.58112
581.25413,1.58885
579.21464,1.57074
577.17515,1.54513
575.13566,1.55693
573.09618,1.55807
571.05669,1.51025
569.01720,1.50589
566.97771,1.58007
564.93822,1.63379
562.89873,1.57759
560.85925,1.52459
558.81976,1.50549
556.78027,1.50212
554.74078,1.50648
552.70129,1.48947
550.66181,1.47932
548.62232,1.54336
546.58283,1.62996
544.54334,1.63580
542.50385,1.61758
540.46436,1.63151
538.42488,1.65644
536.38539,1.71397
534.34590,1.67348
532.30641,1.54475
530.26692,1.47033
528.22744,1.48255
526.18795,1.52710
524.14846,1.50064
522.10897,1.42015
520.06948,1.40900
518.02999,1.38386
515.99051,1.36324
513.95102,1.39622
511.91153,1.41978
509.87204,1.34122
507.83255,1.28455
505.79307,1.27510
503.75358,1.19108
501.71409,1.11469
499.67460,1.07789
