3997.39681,0.35391
3995.35732,0.35408
3993.31783,0.35383
3991.27835,0.35281
3989.23886,0.35219
3987.19937,0.35224
3985.15988,0.35176
3983.12039,0.35065
3981.08091,0.34961
3979.04142,0.34875
3977.00193,0.34792
3974.96244,0.34723
3972.92295,0.34644
3970.88346,0.34501
3968.84398,0.34321
3966.80449,0.34199
3964.76500,0.34145
3962.72551,0.34088
3960.68602,0.34033
3958.64654,0.33986
3956.60705,0.33888
3954.56756,0.33744
3952.52807,0.33611
3950.48858,0.33487
3948.44909,0.33347
3946.40961,0.33204
3944.37012,0.33067
3942.33063,0.32942
3940.29114,0.32846
3938.25165,0.32773
3936.21217,0.32717
3934.17268,0.32637
3932.13319,0.32491
3930.09370,0.32313
3928.05421,0.32185
3926.01473,0.32111
3923.97524,0.32010
3921.93575,0.31817
3919.89626,0.31565
3917.85677,0.31353
3915.81728,0.31205
3913.77780,0.31058
3911.73831,0.30881
3909.69882,0.30737
3907.65933,0.30666
3905.61984,0.30595
3903.58036,0.30430
3901.54087,0.30198
3899.50138,0.30024
3897.46189,0.29965
3895.42240,0.29937
3893.38291,0.29850
3891.34343,0.29736
3889.30394,0.29657
3887.26445,0.29543
3885.22496,0.29417
3883.18547,0.29340
3881.14599,0.29245
3879.10650,0.29174
3877.06701,0.29115
3875.02752,0.29023
3872.98803,0.28950
3870.94854,0.28850
3868.90906,0.28787
3866.86957,0.28795
3864.83008,0.28765
3862.79059,0.28717
3860.75110,0.28725
3858.71162,0.28825
3856.67213,0.28844
3854.63264,0.28615
3852.59315,0.28386
3850.55366,0.28378
3848.51417,0.28435
3846.47469,0.28481
3844.43520,0.28526
3842.39571,0.28549
3840.35622,0.28464
3838.31673,0.28319
3836.27725,0.28278
3834.23776,0.28292
3832.19827,0.28278
3830.15878,0.28299
3828.11929,0.28366
3826.07980,0.28484
3824.04032,0.28545
3822.00083,0.28438
3819.96134,0.28369
3817.92185,0.28341
3815.88236,0.28283
3813.84288,0.28372
3811.80339,0.28555
3809.76390,0.28662
3807.72441,0.28676
3805.68492,0.28725
3803.64543,0.28757
3801.60595,0.28734
3799.56646,0.28787
3797.52697,0.28820
3795.48748,0.28850
3793.44799,0.28959
3791.40851,0.29070
3789.36902,0.29157
3787.32953,0.29245
3785.29004,0.29339
3783.25055,0.29442
3781.21107,0.29533
3779.17158,0.29625
3777.13209,0.29739
3775.09260,0.29841
3773.05311,0.29934
3771.01362,0.30047
3768.97414,0.30205
3766.93465,0.30364
3764.89516,0.30525
3762.85567,0.30691
3760.81618,0.30782
3758.77670,0.30869
3756.73721,0.31053
3754.69772,0.31202
3752.65823,0.31207
3750.61874,0.31275
3748.57925,0.31554
3746.53977,0.31727
3744.50028,0.31792
3742.46079,0.32073
3740.42130,0.32432
3738.38181,0.32685
3736.34233,0.32846
3734.30284,0.32997
3732.26335,0.33245
3730.22386,0.33569
3728.18437,0.33838
3726.14488,0.34026
3724.10540,0.34188
3722.06591,0.34368
3720.02642,0.34622
3717.98693,0.34957
3715.94744,0.35345
3713.90796,0.35711
3711.86847,0.36068
3709.82898,0.36519
3707.78949,0.37036
3705.75000,0.37547
3703.71051,0.38046
3701.67103,0.38591
3699.63154,0.39206
3697.59205,0.39848
3695.55256,0.40541
3693.51307,0.41242
3691.47359,0.41882
3689.43410,0.42585
3687.39461,0.43499
3685.35512,0.44502
3683.31563,0.45527
3681.27614,0.46663
3679.23666,0.47854
3677.19717,0.49027
3675.15768,0.50396
3673.11819,0.51928
3671.07870,0.53375
3669.03922,0.54914
3666.99973,0.56535
3664.96024,0.58131
3662.92075,0.59800
3660.88126,0.61527
3658.84177,0.63230
3656.80229,0.64996
3654.76280,0.66864
3652.72331,0.68653
3650.68382,0.70474
3648.64433,0.72517
3646.60485,0.74499
3644.56536,0.76227
3642.52587,0.77886
3640.48638,0.79678
3638.44689,0.81558
3636.40741,0.83361
3634.36792,0.85070
3632.32843,0.86728
3630.28894,0.88397
3628.24945,0.90293
3626.20996,0.92320
3624.17048,0.94261
3622.13099,0.96160
3620.09150,0.97960
3618.05201,0.99553
3616.01252,1.01115
3613.97304,1.02889
3611.93355,1.04828
3609.89406,1.06750
3607.85457,1.08624
3605.81508,1.10408
3603.77559,1.12012
3601.73611,1.13414
3599.69662,1.14718
3597.65713,1.16230
3595.61764,1.18085
3593.57815,1.20020
3591.53867,1.21650
3589.49918,1.23027
3587.45969,1.24605
3585.42020,1.26404
3583.38071,1.28124
3581.34122,1.29704
3579.30174,1.31139
3577.26225,1.32511
3575.22276,1.33965
3573.18327,1.35460
3571.14378,1.36935
3569.10430,1.38365
3567.06481,1.39873
3565.02532,1.41591
3562.98583,1.43297
3560.94634,1.44601
3558.90685,1.45325
3556.86737,1.45913
3554.82788,1.46784
3552.78839,1.47852
3550.74890,1.49095
3548.70941,1.50531
3546.66993,1.51610
3544.63044,1.52009
3542.59095,1.52506
3540.55146,1.53659
3538.51197,1.55024
3536.47248,1.56122
3534.43300,1.56943
3532.39351,1.57474
3530.35402,1.57708
3528.31453,1.57835
3526.27504,1.58402
3524.23556,1.59864
3522.19607,1.61225
3520.15658,1.61342
3518.11709,1.61039
3516.07760,1.61230
3514.03811,1.61749
3511.99863,1.62461
3509.95914,1.63264
3507.91965,1.63975
3505.88016,1.64328
3503.84067,1.64335
3501.80119,1.64685
3499.76170,1.65903
3497.72221,1.67108
3495.68272,1.67252
3493.64323,1.67522
3491.60375,1.68789
3489.56426,1.69201
3487.52477,1.68255
3485.48528,1.67992
3483.44579,1.69006
3481.40630,1.70268
3479.36682,1.70997
3477.32733,1.70961
3475.28784,1.70383
3473.24835,1.70134
3471.20886,1.70701
3469.16938,1.71537
3467.12989,1.72553
3465.09040,1.73550
3463.05091,1.73473
3461.01142,1.72874
3458.97193,1.73394
3456.93245,1.74021
3454.89296,1.72997
3452.85347,1.71736
3450.81398,1.71736
3448.77449,1.72361
3446.73501,1.72867
3444.69552,1.73088
3442.65603,1.73243
3440.61654,1.73678
3438.57705,1.74033
3436.53756,1.74090
3434.49808,1.74264
3432.45859,1.74590
3430.41910,1.74537
3428.37961,1.73938
3426.34012,1.73635
3424.30064,1.73648
3422.26115,1.72916
3420.22166,1.71808
3418.18217,1.71474
3416.14268,1.72335
3414.10319,1.73574
3412.06371,1.73810
3410.02422,1.73557
3407.98473,1.73865
3405.94524,1.74411
3403.90575,1.74615
3401.86627,1.74533
3399.82678,1.74127
3397.78729,1.73692
3395.74780,1.73895
3393.70831,1.74761
3391.66882,1.75344
3389.62934,1.75032
3387.58985,1.74607
3385.55036,1.74284
3383.51087,1.74021
3381.47138,1.74857
3379.43190,1.76302
3377.39241,1.76760
3375.35292,1.75987
3373.31343,1.75319
3371.27394,1.75090
3369.23446,1.74353
3367.19497,1.73303
3365.15548,1.72666
3363.11599,1.72623
3361.07650,1.73116
3359.03701,1.73826
3356.99753,1.73966
3354.95804,1.73252
3352.91855,1.72673
3350.87906,1.72748
3348.83957,1.72719
3346.80009,1.72573
3344.76060,1.72907
3342.72111,1.73066
3340.68162,1.72580
3338.64213,1.71937
3336.60264,1.71266
3334.56316,1.70622
3332.52367,1.70372
3330.48418,1.70584
3328.44469,1.70716
3326.40520,1.70723
3324.36572,1.71171
3322.32623,1.72000
3320.28674,1.72517
3318.24725,1.72194
3316.20776,1.71489
3314.16827,1.70847
3312.12879,1.69978
3310.08930,1.69333
3308.04981,1.69356
3306.01032,1.69292
3303.97083,1.68626
3301.93135,1.68365
3299.89186,1.69316
3297.85237,1.70217
3295.81288,1.69974
3293.77339,1.69508
3291.73390,1.69552
3289.69442,1.69159
3287.65493,1.67856
3285.61544,1.67107
3283.57595,1.67793
3281.53646,1.68928
3279.49698,1.69262
3277.45749,1.68660
3275.41800,1.67889
3273.37851,1.67476
3271.33902,1.67031
3269.29953,1.66554
3267.26005,1.66470
3265.22056,1.66281
3263.18107,1.65867
3261.14158,1.65787
3259.10209,1.65606
3257.06261,1.64851
3255.02312,1.64271
3252.98363,1.64774
3250.94414,1.65678
3248.90465,1.65444
3246.86516,1.64644
3244.82568,1.64432
3242.78619,1.64024
3240.74670,1.63442
3238.70721,1.63694
3236.66772,1.64080
3234.62824,1.63730
3232.58875,1.63151
3230.54926,1.62981
3228.50977,1.63102
3226.47028,1.63145
3224.43080,1.62861
3222.39131,1.62287
3220.35182,1.62078
3218.31233,1.62244
3216.27284,1.62268
3214.23335,1.62216
3212.19387,1.61940
3210.15438,1.61531
3208.11489,1.61621
3206.07540,1.61924
3204.03591,1.61677
3201.99643,1.60935
3199.95694,1.60303
3197.91745,1.60083
3195.87796,1.60024
3193.83847,1.59878
3191.79898,1.59639
3189.75950,1.59386
3187.72001,1.59224
3185.68052,1.59147
3183.64103,1.58800
3181.60154,1.57914
3179.56206,1.57019
3177.52257,1.56639
3175.48308,1.56656
3173.44359,1.56679
3171.40410,1.56216
3169.36461,1.55286
3167.32513,1.54470
3165.28564,1.54013
3163.24615,1.53838
3161.20666,1.53869
3159.16717,1.53820
3157.12769,1.53453
3155.08820,1.52972
3153.04871,1.52684
3151.00922,1.52515
3148.96973,1.52262
3146.93024,1.51783
3144.89076,1.51167
3142.85127,1.50976
3140.81178,1.51175
3138.77229,1.51167
3136.73280,1.50744
3134.69332,1.49791
3132.65383,1.48793
3130.61434,1.48573
3128.57485,1.48740
3126.53536,1.48503
3124.49587,1.47956
3122.45639,1.47413
3120.41690,1.46824
3118.37741,1.46308
3116.33792,1.46469
3114.29843,1.47019
3112.25895,1.46689
3110.21946,1.45484
3108.17997,1.44582
3106.14048,1.44424
3104.10099,1.44536
3102.06150,1.44338
3100.02202,1.43644
3097.98253,1.42720
3095.94304,1.42033
3093.90355,1.41882
3091.86406,1.41931
3089.82458,1.41537
3087.78509,1.40763
3085.74560,1.40237
3083.70611,1.40141
3081.66662,1.40083
3079.62714,1.39757
3077.58765,1.39203
3075.54816,1.38637
3073.50867,1.38220
3071.46918,1.37918
3069.42969,1.37670
3067.39021,1.37324
3065.35072,1.36799
3063.31123,1.36430
3061.27174,1.36286
3059.23225,1.35912
3057.19277,1.35153
3055.15328,1.34275
3053.11379,1.33646
3051.07430,1.33354
3049.03481,1.33048
3046.99532,1.32507
3044.95584,1.31895
3042.91635,1.31482
3040.87686,1.31239
3038.83737,1.30876
3036.79788,1.30386
3034.75840,1.29987
3032.71891,1.29698
3030.67942,1.29263
3028.63993,1.28616
3026.60044,1.28035
3024.56095,1.27642
3022.52147,1.27416
3020.48198,1.27329
3018.44249,1.27139
3016.40300,1.26711
3014.36351,1.26404
3012.32403,1.26462
3010.28454,1.26562
3008.24505,1.26444
3006.20556,1.26269
3004.16607,1.26209
3002.12658,1.26192
3000.08710,1.26203
2998.04761,1.26465
2996.00812,1.27007
2993.96863,1.27515
2991.92914,1.27814
2989.88966,1.28075
2987.85017,1.28667
2985.81068,1.29508
2983.77119,1.30175
2981.73170,1.30723
2979.69221,1.31487
2977.65273,1.32414
2975.61324,1.33193
2973.57375,1.33839
2971.53426,1.34680
2969.49477,1.35818
2967.45529,1.37081
2965.41580,1.38210
2963.37631,1.38984
2961.33682,1.39490
2959.29733,1.40207
2957.25784,1.41352
2955.21836,1.42296
2953.17887,1.42907
2951.13938,1.43956
2949.09989,1.45403
2947.06040,1.46668
2945.02092,1.47536
2942.98143,1.47660
2940.94194,1.47361
2938.90245,1.47644
2936.86296,1.48596
2934.82348,1.49744
2932.78399,1.50600
2930.74450,1.50661
2928.70501,1.50351
2926.66552,1.49942
2924.62603,1.49024
2922.58655,1.48051
2920.54706,1.47405
2918.50757,1.46897
2916.46808,1.46412
2914.42859,1.45862
2912.38911,1.45297
2910.34962,1.44512
2908.31013,1.43571
2906.27064,1.42859
2904.23115,1.42476
2902.19166,1.42141
2900.15218,1.41567
2898.11269,1.41054
2896.07320,1.40847
2894.03371,1.40745
2891.99422,1.40490
2889.95474,1.40055
2887.91525,1.39486
2885.87576,1.38888
2883.83627,1.38455
2881.79678,1.37979
2879.75729,1.37170
2877.71781,1.36198
2875.67832,1.35321
2873.63883,1.34611
2871.59934,1.33993
2869.55985,1.33275
2867.52037,1.32495
2865.48088,1.31743
2863.44139,1.30925
2861.40190,1.29990
2859.36241,1.28966
2857.32292,1.28212
2855.28344,1.27835
2853.24395,1.27204
2851.20446,1.26154
2849.16497,1.25254
2847.12548,1.24672
2845.08600,1.24125
2843.04651,1.23327
2841.00702,1.22285
2838.96753,1.21372
2836.92804,1.20650
2834.88855,1.19862
2832.84907,1.19172
2830.80958,1.18762
2828.77009,1.18293
2826.73060,1.17624
2824.69111,1.17025
2822.65163,1.16503
2820.61214,1.15885
2818.57265,1.15340
2816.53316,1.15042
2814.49367,1.14699
2812.45418,1.14066
2810.41470,1.13332
2808.37521,1.12803
2806.33572,1.12470
2804.29623,1.12208
2802.25674,1.11994
2800.21726,1.11614
2798.17777,1.11075
2796.13828,1.10691
2794.09879,1.10507
2792.05930,1.10313
2790.01982,1.09972
2787.98033,1.09576
2785.94084,1.09322
2783.90135,1.09243
2781.86186,1.09184
2779.82237,1.09063
2777.78289,1.08891
2775.74340,1.08739
2773.70391,1.08626
2771.66442,1.08395
2769.62493,1.07989
2767.58545,1.07660
2765.54596,1.07573
2763.50647,1.07468
2761.46698,1.07256
2759.42749,1.07097
2757.38800,1.06885
2755.34852,1.06586
2753.30903,1.06417
2751.26954,1.06436
2749.23005,1.06464
2747.19056,1.06375
2745.15108,1.06201
2743.11159,1.05947
2741.07210,1.05641
2739.03261,1.05395
2736.99312,1.05186
2734.95363,1.04962
2732.91415,1.04859
2730.87466,1.04771
2728.83517,1.04403
2726.79568,1.03968
2724.75619,1.03733
2722.71671,1.03531
2720.67722,1.03233
2718.63773,1.02854
2716.59824,1.02512
2714.55875,1.02332
2712.51926,1.02141
2710.47978,1.01812
2708.44029,1.01415
2706.40080,1.00986
2704.36131,1.00605
2702.32182,1.00311
2700.28234,1.00008
2698.24285,0.99638
2696.20336,0.99289
2694.16387,0.99031
2692.12438,0.98806
2690.08489,0.98586
2688.04541,0.98346
2686.00592,0.98096
2683.96643,0.97879
2681.92694,0.97639
2679.88745,0.97322
2677.84797,0.96948
2675.80848,0.96532
2673.76899,0.96110
2671.72950,0.95787
2669.69001,0.95534
2667.65052,0.95233
2665.61104,0.94927
2663.57155,0.94631
2661.53206,0.94251
2659.49257,0.93829
2657.45308,0.93432
2655.41360,0.93080
2653.37411,0.92813
2651.33462,0.92527
2649.29513,0.92086
2647.25564,0.91592
2645.21616,0.91175
2643.17667,0.90774
2641.13718,0.90328
2639.09769,0.89897
2637.05820,0.89495
2635.01871,0.89134
2632.97923,0.88797
2630.93974,0.88431
2628.90025,0.88114
2626.86076,0.87879
2624.82127,0.87603
2622.78179,0.87251
2620.74230,0.86914
2618.70281,0.86620
2616.66332,0.86332
2614.62383,0.85978
2612.58434,0.85545
2610.54486,0.85153
2608.50537,0.84887
2606.46588,0.84714
2604.42639,0.84576
2602.38690,0.84428
2600.34742,0.84259
2598.30793,0.84081
2596.26844,0.83842
2594.22895,0.83579
2592.18946,0.83383
2590.14997,0.83205
2588.11049,0.83018
2586.07100,0.82829
2584.03151,0.82599
2581.99202,0.82300
2579.95253,0.81963
2577.91305,0.81662
2575.87356,0.81406
2573.83407,0.81150
2571.79458,0.80921
2569.75509,0.80730
2567.71560,0.80527
2565.67612,0.80305
2563.63663,0.80057
2561.59714,0.79804
2559.55765,0.79584
2557.51816,0.79358
2555.47868,0.79096
2553.43919,0.78820
2551.39970,0.78587
2549.36021,0.78382
2547.32072,0.78174
2545.28123,0.77982
2543.24175,0.77775
2541.20226,0.77474
2539.16277,0.77097
2537.12328,0.76788
2535.08379,0.76590
2533.04431,0.76387
2531.00482,0.76143
2528.96533,0.75918
2526.92584,0.75711
2524.88635,0.75477
2522.84686,0.75254
2520.80738,0.75091
2518.76789,0.74937
2516.72840,0.74711
2514.68891,0.74430
2512.64942,0.74167
2510.60994,0.73964
2508.57045,0.73803
2506.53096,0.73613
2504.49147,0.73388
2502.45198,0.73193
2500.41250,0.73000
2498.37301,0.72781
2496.33352,0.72565
2494.29403,0.72369
2492.25454,0.72183
2490.21505,0.71971
2488.17557,0.71743
2486.13608,0.71538
2484.09659,0.71310
2482.05710,0.71030
2480.01761,0.70752
2477.97813,0.70502
2475.93864,0.70246
2473.89915,0.69988
2471.85966,0.69753
2469.82017,0.69511
2467.78068,0.69250
2465.74120,0.68960
2463.70171,0.68617
2461.66222,0.68309
2459.62273,0.68094
2457.58324,0.67863
2455.54376,0.67543
2453.50427,0.67207
2451.46478,0.66914
2449.42529,0.66623
2447.38580,0.66298
2445.34631,0.65955
2443.30683,0.65607
2441.26734,0.65263
2439.22785,0.64957
2437.18836,0.64693
2435.14887,0.64437
2433.10939,0.64173
2431.06990,0.63878
2429.03041,0.63540
2426.99092,0.63195
2424.95143,0.62880
2422.91194,0.62601
2420.87246,0.62367
2418.83297,0.62146
2416.79348,0.61883
2414.75399,0.61596
2412.71450,0.61350
2410.67502,0.61146
2408.63553,0.60917
2406.59604,0.60658
2404.55655,0.60435
2402.51706,0.60247
2400.47757,0.60038
2398.43809,0.59822
2396.39860,0.59638
2394.35911,0.59457
2392.31962,0.59243
2390.28013,0.59048
2388.24065,0.58962
2386.20116,0.58966
2384.16167,0.58967
2382.12218,0.58925
2380.08269,0.58874
2378.04320,0.58841
2376.00372,0.58813
2373.96423,0.58806
2371.92474,0.58861
2369.88525,0.58886
2367.84576,0.58784
2365.80628,0.58628
2363.76679,0.58481
2361.72730,0.58311
2359.68781,0.58075
2357.64832,0.57764
2355.60884,0.57451
2353.56935,0.57288
2351.52986,0.57350
2349.49037,0.57447
2347.45088,0.57314
2345.41139,0.56982
2343.37191,0.56671
2341.33242,0.56446
2339.29293,0.56234
2337.25344,0.56075
2335.21395,0.55955
2333.17447,0.55790
2331.13498,0.55559
2329.09549,0.55298
2327.05600,0.55101
2325.01651,0.54976
2322.97702,0.54804
2320.93754,0.54570
2318.89805,0.54361
2316.85856,0.54180
2314.81907,0.53997
2312.77958,0.53849
2310.74010,0.53749
2308.70061,0.53654
2306.66112,0.53549
2304.62163,0.53416
2302.58214,0.53242
2300.54265,0.53075
2298.50317,0.52952
2296.46368,0.52849
2294.42419,0.52738
2292.38470,0.52618
2290.34521,0.52509
2288.30573,0.52426
2286.26624,0.52374
2284.22675,0.52348
2282.18726,0.52339
2280.14777,0.52335
2278.10828,0.52328
2276.06880,0.52323
2274.02931,0.52311
2271.98982,0.52290
2269.95033,0.52289
2267.91084,0.52298
2265.87136,0.52293
2263.83187,0.52294
2261.79238,0.52313
2259.75289,0.52337
2257.71340,0.52364
2255.67391,0.52376
2253.63443,0.52366
2251.59494,0.52365
2249.55545,0.52360
2247.51596,0.52354
2245.47647,0.52349
2243.43699,0.52384
2241.39750,0.52435
2239.35801,0.52476
2237.31852,0.52495
2235.27903,0.52513
2233.23954,0.52543
2231.20006,0.52562
2229.16057,0.52576
2227.12108,0.52629
2225.08159,0.52714
2223.04210,0.52786
2221.00262,0.52835
2218.96313,0.52905
2216.92364,0.53016
2214.88415,0.53127
2212.84466,0.53234
2210.80518,0.53373
2208.76569,0.53511
2206.72620,0.53625
2204.68671,0.53738
2202.64722,0.53845
2200.60773,0.53937
2198.56825,0.54045
2196.52876,0.54175
2194.48927,0.54277
2192.44978,0.54389
2190.41029,0.54548
2188.37081,0.54703
2186.33132,0.54850
2184.29183,0.55000
2182.25234,0.55113
2180.21285,0.55194
2178.17336,0.55299
2176.13388,0.55462
2174.09439,0.55667
2172.05490,0.55855
2170.01541,0.55999
2167.97592,0.56129
2165.93644,0.56256
2163.89695,0.56355
2161.85746,0.56461
2159.81797,0.56581
2157.77848,0.56646
2155.73899,0.56670
2153.69951,0.56697
2151.66002,0.56701
2149.62053,0.56671
2147.58104,0.56639
2145.54155,0.56625
2143.50207,0.56619
2141.46258,0.56598
2139.42309,0.56542
2137.38360,0.56464
2135.34411,0.56407
2133.30462,0.56376
2131.26514,0.56359
2129.22565,0.56332
2127.18616,0.56279
2125.14667,0.56232
2123.10718,0.56202
2121.06770,0.56175
2119.02821,0.56148
2116.98872,0.56133
2114.94923,0.56126
2112.90974,0.56102
2110.87025,0.56069
2108.83077,0.56050
2106.79128,0.56037
2104.75179,0.56009
2102.71230,0.55995
2100.67281,0.56031
2098.63333,0.56066
2096.59384,0.56064
2094.55435,0.56054
2092.51486,0.56055
2090.47537,0.56061
2088.43588,0.56060
2086.39640,0.56041
2084.35691,0.55999
2082.31742,0.55956
2080.27793,0.55940
2078.23844,0.55943
2076.19896,0.55926
2074.15947,0.55896
2072.11998,0.55910
2070.08049,0.55958
2068.04100,0.55972
2066.00152,0.55942
2063.96203,0.55912
2061.92254,0.55917
2059.88305,0.55952
2057.84356,0.55960
2055.80407,0.55925
2053.76459,0.55887
2051.72510,0.55856
2049.68561,0.55793
2047.64612,0.55680
2045.60663,0.55575
2043.56715,0.55502
2041.52766,0.55380
2039.48817,0.55181
2037.44868,0.54972
2035.40919,0.54790
2033.36970,0.54618
2031.33022,0.54438
2029.29073,0.54245
2027.25124,0.54032
2025.21175,0.53825
2023.17226,0.53644
2021.13278,0.53471
2019.09329,0.53278
2017.05380,0.53051
2015.01431,0.52793
2012.97482,0.52535
2010.93533,0.52354
2008.89585,0.52244
2006.85636,0.52121
2004.81687,0.51980
2002.77738,0.51867
2000.73789,0.51794
1998.69841,0.51731
1996.65892,0.51677
1994.61943,0.51668
1992.57994,0.51678
1990.54045,0.51650
1988.50096,0.51575
1986.46148,0.51506
1984.42199,0.51447
1982.38250,0.51389
1980.34301,0.51373
1978.30352,0.51398
1976.26404,0.51414
1974.22455,0.51407
1972.18506,0.51421
1970.14557,0.51479
1968.10608,0.51518
1966.06659,0.51488
1964.02711,0.51427
1961.98762,0.51393
1959.94813,0.51422
1957.90864,0.51500
1955.86915,0.51562
1953.82967,0.51576
1951.79018,0.51573
1949.75069,0.51606
1947.71120,0.51684
1945.67171,0.51757
1943.63222,0.51772
1941.59274,0.51733
1939.55325,0.51684
1937.51376,0.51647
1935.47427,0.51629
1933.43478,0.51615
1931.39530,0.51601
1929.35581,0.51603
1927.31632,0.51631
1925.27683,0.51679
1923.23734,0.51721
1921.19786,0.51726
1919.15837,0.51688
1917.11888,0.51640
1915.07939,0.51594
1913.03990,0.51572
1911.00041,0.51587
1908.96093,0.51576
1906.92144,0.51504
1904.88195,0.51420
1902.84246,0.51361
1900.80297,0.51333
1898.76349,0.51353
1896.72400,0.51403
1894.68451,0.51448
1892.64502,0.51502
1890.60553,0.51558
1888.56604,0.51588
1886.52656,0.51591
1884.48707,0.51592
1882.44758,0.51624
1880.40809,0.51699
1878.36860,0.51803
1876.32912,0.51903
1874.28963,0.52005
1872.25014,0.52168
1870.21065,0.52369
1868.17116,0.52479
1866.13167,0.52448
1864.09219,0.52371
1862.05270,0.52346
1860.01321,0.52377
1857.97372,0.52420
1855.93423,0.52451
1853.89475,0.52490
1851.85526,0.52566
1849.81577,0.52716
1847.77628,0.52952
1845.73679,0.53174
1843.69730,0.53276
1841.65782,0.53278
1839.61833,0.53275
1837.57884,0.53352
1835.53935,0.53524
1833.49986,0.53777
1831.46038,0.54071
1829.42089,0.54359
1827.38140,0.54601
1825.34191,0.54764
1823.30242,0.54883
1821.26293,0.55028
1819.22345,0.55257
1817.18396,0.55579
1815.14447,0.55962
1813.10498,0.56369
1811.06549,0.56775
1809.02601,0.57183
1806.98652,0.57635
1804.94703,0.58196
1802.90754,0.58913
1800.86805,0.59809
1798.82856,0.60849
1796.78908,0.61992
1794.74959,0.63290
1792.71010,0.64801
1790.67061,0.66383
1788.63112,0.67852
1786.59164,0.69330
1784.55215,0.70951
1782.51266,0.72561
1780.47317,0.74031
1778.43368,0.75404
1776.39420,0.76753
1774.35471,0.78150
1772.31522,0.79527
1770.27573,0.80640
1768.23624,0.81501
1766.19675,0.82451
1764.15727,0.83702
1762.11778,0.85373
1760.07829,0.87392
1758.03880,0.89600
1755.99931,0.92052
1753.95983,0.94667
1751.92034,0.97584
1749.88085,1.01088
1747.84136,1.04895
1745.80187,1.08718
1743.76238,1.12720
1741.72290,1.16978
1739.68341,1.21304
1737.64392,1.25271
1735.60443,1.28717
1733.56494,1.31647
1731.52546,1.33425
1729.48597,1.33963
1727.44648,1.33624
1725.40699,1.32502
1723.36750,1.30893
1721.32801,1.29267
1719.28853,1.27362
1717.24904,1.24645
1715.20955,1.21660
1713.17006,1.19215
1711.13057,1.17307
1709.09109,1.15763
1707.05160,1.14665
1705.01211,1.14225
1702.97262,1.14488
1700.93313,1.15453
1698.89364,1.17141
1696.85416,1.19199
1694.81467,1.21553
1692.77518,1.23964
1690.73569,1.26311
1688.69620,1.28742
1686.65672,1.31245
1684.61723,1.34077
1682.57774,1.36959
1680.53825,1.38991
1678.49876,1.40365
1676.45927,1.41774
1674.41979,1.43486
1672.38030,1.45020
1670.34081,1.46062
1668.30132,1.46981
1666.26183,1.47788
1664.22235,1.48324
1662.18286,1.48783
1660.14337,1.49212
1658.10388,1.49458
1656.06439,1.49486
1654.02490,1.49334
1651.98542,1.49161
1649.94593,1.48965
1647.90644,1.48711
1645.86695,1.48732
1643.82746,1.48984
1641.78798,1.49210
1639.74849,1.49497
1637.70900,1.49690
1635.66951,1.49500
1633.63002,1.49182
1631.59054,1.49006
1629.55105,1.48782
1627.51156,1.48231
1625.47207,1.47284
1623.43258,1.46302
1621.39309,1.45689
1619.35361,1.45272
1617.31412,1.44904
1615.27463,1.44824
1613.23514,1.44868
1611.19565,1.44772
1609.15617,1.44588
1607.11668,1.44367
1605.07719,1.44141
1603.03770,1.43909
1600.99821,1.43585
1598.95872,1.43105
1596.91924,1.42546
1594.87975,1.42087
1592.84026,1.41772
1590.80077,1.41439
1588.76128,1.40993
1586.72180,1.40530
1584.68231,1.40070
1582.64282,1.39523
1580.60333,1.38981
1578.56384,1.38610
1576.52435,1.38457
1574.48487,1.38439
1572.44538,1.38286
1570.40589,1.37930
1568.36640,1.37472
1566.32691,1.36852
1564.28743,1.36219
1562.24794,1.35667
1560.20845,1.34834
1558.16896,1.34060
1556.12947,1.34082
1554.08998,1.34306
1552.05050,1.34264
1550.01101,1.33898
1547.97152,1.33325
1545.93203,1.32807
1543.89254,1.32452
1541.85306,1.32077
1539.81357,1.31702
1537.77408,1.31421
1535.73459,1.30699
1533.69510,1.29642
1531.65561,1.29079
1529.61613,1.28922
1527.57664,1.28591
1525.53715,1.28129
1523.49766,1.27688
1521.45817,1.27193
1519.41869,1.26727
1517.37920,1.26208
1515.33971,1.25535
1513.30022,1.24952
1511.26073,1.24434
1509.22124,1.23423
1507.18176,1.21879
1505.14227,1.20989
1503.10278,1.20873
1501.06329,1.20748
1499.02380,1.20563
1496.98432,1.20607
1494.94483,1.20917
1492.90534,1.21301
1490.86585,1.21746
1488.82636,1.22463
1486.78688,1.23432
1484.74739,1.24471
1482.70790,1.25644
1480.66841,1.27239
1478.62892,1.29293
1476.58943,1.31525
1474.54995,1.34004
1472.51046,1.37234
1470.47097,1.40816
1468.43148,1.43624
1466.39199,1.45612
1464.35251,1.47402
1462.31302,1.49121
1460.27353,1.50421
1458.23404,1.51239
1456.19455,1.51913
1454.15506,1.52622
1452.11558,1.53082
1450.07609,1.53142
1448.03660,1.53168
1445.99711,1.53382
1443.95762,1.53497
1441.91814,1.53583
1439.87865,1.53907
1437.83916,1.54542
1435.79967,1.55607
1433.76018,1.56640
1431.72069,1.57102
1429.68121,1.57302
1427.64172,1.57619
1425.60223,1.58035
1423.56274,1.58492
1421.52325,1.58790
1419.48377,1.58851
1417.44428,1.58879
1415.40479,1.59075
1413.36530,1.59582
1411.32581,1.60037
1409.28632,1.59972
1407.24684,1.59611
1405.20735,1.59327
1403.16786,1.59189
1401.12837,1.59201
1399.08888,1.59213
1397.04940,1.58865
1395.00991,1.58102
1392.97042,1.57583
1390.93093,1.57747
1388.89144,1.58184
1386.85195,1.58417
1384.81247,1.58457
1382.77298,1.58515
1380.73349,1.58668
1378.69400,1.59080
1376.65451,1.59671
1374.61503,1.60004
1372.57554,1.60163
1370.53605,1.60294
1368.49656,1.60129
1366.45707,1.59738
1364.41758,1.59243
1362.37810,1.58526
1360.33861,1.57859
1358.29912,1.57553
1356.25963,1.57346
1354.22014,1.56932
1352.18066,1.56514
1350.14117,1.56337
1348.10168,1.56301
1346.06219,1.56225
1344.02270,1.56126
1341.98322,1.56218
1339.94373,1.56454
1337.90424,1.56427
1335.86475,1.56120
1333.82526,1.55809
1331.78577,1.55330
1329.74629,1.54579
1327.70680,1.53740
1325.66731,1.53016
1323.62782,1.52574
1321.58833,1.52207
1319.54885,1.51606
1317.50936,1.50961
1315.46987,1.50545
1313.43038,1.50174
1311.39089,1.49710
1309.35140,1.49215
1307.31192,1.48818
1305.27243,1.48389
1303.23294,1.47607
1301.19345,1.46964
1299.15396,1.46960
1297.11448,1.47170
1295.07499,1.47131
1293.03550,1.46857
1290.99601,1.46584
1288.95652,1.46404
1286.91703,1.46226
1284.87755,1.45958
1282.83806,1.45548
1280.79857,1.45223
1278.75908,1.45399
1276.71959,1.45862
1274.68011,1.45955
1272.64062,1.45735
1270.60113,1.45757
1268.56164,1.46155
1266.52215,1.46596
1264.48266,1.46871
1262.44318,1.47256
1260.40369,1.48016
1258.36420,1.48823
1256.32471,1.49247
1254.28522,1.49480
1252.24574,1.49722
1250.20625,1.49704
1248.16676,1.49576
1246.12727,1.49674
1244.08778,1.49796
1242.04829,1.49797
1240.00881,1.49618
1237.96932,1.49330
1235.92983,1.49077
1233.89034,1.48480
1231.85085,1.47542
1229.81137,1.46798
1227.77188,1.46045
1225.73239,1.45064
1223.69290,1.44194
1221.65341,1.43459
1219.61392,1.42871
1217.57444,1.42522
1215.53495,1.42323
1213.49546,1.42567
1211.45597,1.43457
1209.41648,1.44593
1207.37700,1.45601
1205.33751,1.46207
1203.29802,1.46383
1201.25853,1.46426
1199.21904,1.46309
1197.17956,1.45810
1195.14007,1.45262
1193.10058,1.44958
1191.06109,1.44828
1189.02160,1.45163
1186.98211,1.46097
1184.94263,1.47545
1182.90314,1.49803
1180.86365,1.52964
1178.82416,1.56721
1176.78467,1.60914
1174.74519,1.65630
1172.70570,1.70837
1170.66621,1.75799
1168.62672,1.79835
1166.58723,1.83373
1164.54774,1.86040
1162.50826,1.86585
1160.46877,1.85427
1158.42928,1.84230
1156.38979,1.83627
1154.35030,1.82581
1152.31082,1.80923
1150.27133,1.79891
1148.23184,1.79195
1146.19235,1.77688
1144.15286,1.75650
1142.11337,1.73993
1140.07389,1.73477
1138.03440,1.73952
1135.99491,1.74426
1133.95542,1.74666
1131.91593,1.75226
1129.87645,1.76299
1127.83696,1.77537
1125.79747,1.78848
1123.75798,1.79634
1121.71849,1.79240
1119.67900,1.78638
1117.63952,1.78602
1115.60003,1.79410
1113.56054,1.80884
1111.52105,1.81422
1109.48156,1.80543
1107.44208,1.79859
1105.40259,1.80570
1103.36310,1.81727
1101.32361,1.81467
1099.28412,1.80591
1097.24463,1.80654
1095.20515,1.80519
1093.16566,1.80142
1091.12617,1.81503
1089.08668,1.83431
1087.04719,1.83286
1085.00771,1.81857
1082.96822,1.80517
1080.92873,1.79049
1078.88924,1.77122
1076.84975,1.74695
1074.81027,1.72579
1072.77078,1.72028
1070.73129,1.72813
1068.69180,1.74246
1066.65231,1.75865
1064.61282,1.76464
1062.57334,1.75634
1060.53385,1.74508
1058.49436,1.74088
1056.45487,1.73621
1054.41538,1.72097
1052.37590,1.70144
1050.33641,1.68550
1048.29692,1.67216
1046.25743,1.65877
1044.21794,1.64709
1042.17845,1.63726
1040.13897,1.62768
1038.09948,1.62138
1036.05999,1.61813
1034.02050,1.61587
1031.98101,1.61175
1029.94153,1.60307
1027.90204,1.59054
1025.86255,1.57434
1023.82306,1.56347
1021.78357,1.56294
1019.74408,1.56033
1017.70460,1.55150
1015.66511,1.54456
1013.62562,1.54128
1011.58613,1.53827
1009.54664,1.53294
1007.50716,1.52754
1005.46767,1.52849
1003.42818,1.53163
1001.38869,1.52686
999.34920,1.51644
997.30971,1.50581
995.27023,1.49291
993.23074,1.47700
991.19125,1.46084
989.15176,1.44041
987.11227,1.41106
985.07279,1.37570
983.03330,1.33816
980.99381,1.30096
978.95432,1.26423
976.91483,1.22778
974.87534,1.19491
972.83586,1.16800
970.79637,1.14622
968.75688,1.12740
966.71739,1.11115
964.67790,1.09857
962.63842,1.08989
960.59893,1.08523
958.55944,1.08388
956.51995,1.08591
954.48046,1.09246
952.44097,1.10386
950.40149,1.12068
948.36200,1.14367
946.32251,1.17267
944.28302,1.20350
942.24353,1.22837
940.20405,1.24494
938.16456,1.25871
936.12507,1.26985
934.08558,1.27376
932.04609,1.27408
930.00661,1.27481
927.96712,1.27410
925.92763,1.26979
923.88814,1.26072
921.84865,1.24513
919.80916,1.22448
917.76968,1.20413
915.73019,1.18621
913.69070,1.16877
911.65121,1.15164
909.61172,1.13853
907.57224,1.12986
905.53275,1.12263
903.49326,1.11674
901.45377,1.11338
899.41428,1.11104
897.37479,1.10651
895.33531,1.10042
893.29582,1.09476
891.25633,1.09036
889.21684,1.08915
887.17735,1.08862
885.13787,1.08663
883.09838,1.08925
881.05889,1.09968
879.01940,1.11446
876.97991,1.13114
874.94042,1.14909
872.90094,1.17062
870.86145,1.19895
868.82196,1.22819
866.78247,1.24956
864.74298,1.26260
862.70350,1.26752
860.66401,1.26567
858.62452,1.25997
856.58503,1.25170
854.54554,1.24434
852.50605,1.23674
850.46657,1.22536
848.42708,1.21476
846.38759,1.21026
844.34810,1.20831
842.30861,1.20452
840.26913,1.20024
838.22964,1.19602
836.19015,1.19034
834.15066,1.18327
832.11117,1.17698
830.07168,1.17337
828.03220,1.17064
825.99271,1.16552
823.95322,1.16060
821.91373,1.16178
819.87424,1.16811
817.83476,1.17324
815.79527,1.17825
813.75578,1.18766
811.71629,1.19760
809.67680,1.20583
807.63731,1.21454
805.59783,1.22255
803.55834,1.23174
801.51885,1.24531
799.47936,1.26084
797.43987,1.27459
795.40039,1.28435
793.36090,1.28959
791.32141,1.29409
789.28192,1.30427
787.24243,1.31725
785.20295,1.32835
783.16346,1.34202
781.12397,1.35654
779.08448,1.36795
777.04499,1.38087
775.00550,1.39942
772.96602,1.41784
770.92653,1.42497
768.88704,1.42584
766.84755,1.43106
764.80806,1.43288
762.76858,1.42504
760.72909,1.41609
758.68960,1.40773
756.65011,1.39826
754.61062,1.38952
752.57113,1.38039
750.53165,1.37313
748.49216,1.37261
746.45267,1.37483
744.41318,1.37275
742.37369,1.37013
740.33421,1.37447
738.29472,1.38375
736.25523,1.39150
734.21574,1.39738
732.17625,1.40494
730.13676,1.41670
728.09728,1.43173
726.05779,1.44548
724.01830,1.45440
721.97881,1.45976
719.93932,1.46342
717.89984,1.46688
715.86035,1.47075
713.82086,1.47248
711.78137,1.47318
709.74188,1.47736
707.70239,1.48049
705.66291,1.47622
703.62342,1.47028
701.58393,1.47009
699.54444,1.47505
697.50495,1.47853
695.46547,1.47185
693.42598,1.45881
691.38649,1.45740
689.34700,1.47145
687.30751,1.48306
685.26802,1.48124
683.22854,1.47522
681.18905,1.47650
679.14956,1.48431
677.11007,1.48861
675.07058,1.48533
673.03110,1.48403
670.99161,1.48666
668.95212,1.48567
666.91263,1.48754
664.87314,1.49536
662.83365,1.49875
660.79417,1.50005
658.75468,1.50523
656.71519,1.51061
654.67570,1.51435
652.63621,1.51362
650.59673,1.50177
648.55724,1.48561
646.51775,1.47898
644.47826,1.48144
642.43877,1.48211
640.39929,1.47593
638.35980,1.46862
636.32031,1.47010
634.28082,1.48486
632.24133,1.50462
630.20184,1.52447
628.16236,1.54166
626.12287,1.54665
624.08338,1.54680
622.04389,1.54560
620.00440,1.53832
617.96492,1.54558
615.92543,1.54840
613.88594,1.53332
611.84645,1.53942
609.80696,1.56319
607.76747,1.57641
605.72799,1.56266
603.68850,1.52125
601.64901,1.48027
599.60952,1.46433
597.57003,1.45997
595.53055,1.44723
593.49106,1.42685
591.45157,1.41443
589.41208,1.43037
587.37259,1.46228
585.33310,1.47598
583.29362,1.48517
581.25413,1.49522
579.21464,1.48217
577.17515,1.47444
575.13566,1.47976
573.09618,1.49454
571.05669,1.49286
569.01720,1.45174
566.97771,1.42171
564.93822,1.41269
562.89873,1.41772
560.85925,1.44059
558.81976,1.45448
556.78027,1.45776
554.74078,1.50684
552.70129,1.61442
550.66181,1.63467
548.62232,1.50769
546.58283,1.43055
544.54334,1.43105
542.50385,1.46008
540.46436,1.49838
538.42488,1.49899
536.38539,1.46028
534.34590,1.46301
532.30641,1.52553
530.26692,1.52987
528.22744,1.44885
526.18795,1.40376
524.14846,1.40620
522.10897,1.43722
520.06948,1.46518
518.02999,1.54966
515.99051,1.53007
513.95102,1.45543
511.91153,1.38370
509.87204,1.32276
507.83255,1.31676
505.79307,1.30161
503.75358,1.37056
501.71409,1.73695
499.67460,1.85372
