3997.39681,0.38497
3995.35732,0.38493
3993.31783,0.38475
3991.27835,0.38431
3989.23886,0.38422
3987.19937,0.38437
3985.15988,0.38386
3983.12039,0.38273
3981.08091,0.38181
3979.04142,0.38155
3977.00193,0.38129
3974.96244,0.38023
3972.92295,0.37877
3970.88346,0.37748
3968.84398,0.37630
3966.80449,0.37516
3964.76500,0.37389
3962.72551,0.37259
3960.68602,0.37152
3958.64654,0.37048
3956.60705,0.36942
3954.56756,0.36863
3952.52807,0.36823
3950.48858,0.36785
3948.44909,0.36662
3946.40961,0.36466
3944.37012,0.36287
3942.33063,0.36124
3940.29114,0.35953
3938.25165,0.35819
3936.21217,0.35760
3934.17268,0.35739
3932.13319,0.35661
3930.09370,0.35507
3928.05421,0.35353
3926.01473,0.35227
3923.97524,0.35096
3921.93575,0.34967
3919.89626,0.34857
3917.85677,0.34694
3915.81728,0.34444
3913.77780,0.34201
3911.73831,0.34030
3909.69882,0.33914
3907.65933,0.33851
3905.61984,0.33802
3903.58036,0.33702
3901.54087,0.33556
3899.50138,0.33377
3897.46189,0.33179
3895.42240,0.33036
3893.38291,0.32944
3891.34343,0.32818
3889.30394,0.32681
3887.26445,0.32600
3885.22496,0.32523
3883.18547,0.32411
3881.14599,0.32308
3879.10650,0.32212
3877.06701,0.32120
3875.02752,0.32040
3872.98803,0.31978
3870.94854,0.31956
3868.90906,0.31965
3866.86957,0.31989
3864.83008,0.31984
3862.79059,0.31892
3860.75110,0.31796
3858.71162,0.31781
3856.67213,0.31757
3854.63264,0.31637
3852.59315,0.31508
3850.55366,0.31503
3848.51417,0.31595
3846.47469,0.31678
3844.43520,0.31692
3842.39571,0.31640
3840.35622,0.31548
3838.31673,0.31451
3836.27725,0.31416
3834.23776,0.31441
3832.19827,0.31447
3830.15878,0.31420
3828.11929,0.31419
3826.07980,0.31480
3824.04032,0.31550
3822.00083,0.31549
3819.96134,0.31491
3817.92185,0.31452
3815.88236,0.31435
3813.84288,0.31452
3811.80339,0.31523
3809.76390,0.31583
3807.72441,0.31579
3805.68492,0.31550
3803.64543,0.31560
3801.60595,0.31634
3799.56646,0.31768
3797.52697,0.31922
3795.48748,0.32030
3793.44799,0.32091
3791.40851,0.32157
3789.36902,0.32257
3787.32953,0.32362
3785.29004,0.32438
3783.25055,0.32496
3781.21107,0.32567
3779.17158,0.32662
3777.13209,0.32779
3775.09260,0.32913
3773.05311,0.33043
3771.01362,0.33160
3768.97414,0.33309
3766.93465,0.33515
3764.89516,0.33699
3762.85567,0.33788
3760.81618,0.33836
3758.77670,0.33950
3756.73721,0.34148
3754.69772,0.34339
3752.65823,0.34430
3750.61874,0.34450
3748.57925,0.34541
3746.53977,0.34736
3744.50028,0.35001
3742.46079,0.35333
3740.42130,0.35648
3738.38181,0.35859
3736.34233,0.36017
3734.30284,0.36223
3732.26335,0.36488
3730.22386,0.36747
3728.18437,0.36988
3726.14488,0.37251
3724.10540,0.37522
3722.06591,0.37753
3720.02642,0.37975
3717.98693,0.38267
3715.94744,0.38637
3713.90796,0.39031
3711.86847,0.39435
3709.82898,0.39873
3707.78949,0.40339
3705.75000,0.40825
3703.71051,0.41339
3701.67103,0.41897
3699.63154,0.42520
3697.59205,0.43210
3695.55256,0.43950
3693.51307,0.44703
3691.47359,0.45474
3689.43410,0.46325
3687.39461,0.47254
3685.35512,0.48172
3683.31563,0.49080
3681.27614,0.50060
3679.23666,0.51166
3677.19717,0.52513
3675.15768,0.54114
3673.11819,0.55707
3671.07870,0.57285
3669.03922,0.58951
3666.99973,0.60514
3664.96024,0.61997
3662.92075,0.63581
3660.88126,0.65264
3658.84177,0.67007
3656.80229,0.68819
3654.76280,0.70603
3652.72331,0.72382
3650.68382,0.74373
3648.64433,0.76444
3646.60485,0.78249
3644.56536,0.79854
3642.52587,0.81540
3640.48638,0.83417
3638.44689,0.85370
3636.40741,0.87258
3634.36792,0.89058
3632.32843,0.90859
3630.28894,0.92804
3628.24945,0.94864
3626.20996,0.96717
3624.17048,0.98308
3622.13099,0.99846
3620.09150,1.01541
3618.05201,1.03478
3616.01252,1.05501
3613.97304,1.07482
3611.93355,1.09352
3609.89406,1.11015
3607.85457,1.12487
3605.81508,1.13835
3603.77559,1.15181
3601.73611,1.16693
3599.69662,1.18428
3597.65713,1.20386
3595.61764,1.22607
3593.57815,1.24834
3591.53867,1.26493
3589.49918,1.27662
3587.45969,1.28893
3585.42020,1.30402
3583.38071,1.32269
3581.34122,1.34291
3579.30174,1.35882
3577.26225,1.36871
3575.22276,1.37871
3573.18327,1.39381
3571.14378,1.41193
3569.10430,1.42975
3567.06481,1.44666
3565.02532,1.46091
3562.98583,1.47096
3560.94634,1.48005
3558.90685,1.48922
3556.86737,1.49667
3554.82788,1.50577
3552.78839,1.51750
3550.74890,1.52495
3548.70941,1.52845
3546.66993,1.53608
3544.63044,1.55093
3542.59095,1.57103
3540.55146,1.59047
3538.51197,1.60052
3536.47248,1.60294
3534.43300,1.60873
3532.39351,1.61678
3530.35402,1.61896
3528.31453,1.62023
3526.27504,1.63083
3524.23556,1.64872
3522.19607,1.66434
3520.15658,1.67237
3518.11709,1.67694
3516.07760,1.68364
3514.03811,1.68731
3511.99863,1.68260
3509.95914,1.67826
3507.91965,1.68063
3505.88016,1.68417
3503.84067,1.68665
3501.80119,1.69077
3499.76170,1.69731
3497.72221,1.70313
3495.68272,1.70559
3493.64323,1.70819
3491.60375,1.71515
3489.56426,1.72144
3487.52477,1.72165
3485.48528,1.72387
3483.44579,1.73325
3481.40630,1.74417
3479.36682,1.75197
3477.32733,1.75722
3475.28784,1.76075
3473.24835,1.75788
3471.20886,1.75036
3469.16938,1.74893
3467.12989,1.75544
3465.09040,1.76607
3463.05091,1.77526
3461.01142,1.77604
3458.97193,1.77380
3456.93245,1.77244
3454.89296,1.77285
3452.85347,1.78071
3450.81398,1.79225
3448.77449,1.79855
3446.73501,1.79648
3444.69552,1.78737
3442.65603,1.78000
3440.61654,1.77898
3438.57705,1.77655
3436.53756,1.77496
3434.49808,1.78209
3432.45859,1.79548
3430.41910,1.80534
3428.37961,1.79616
3426.34012,1.77747
3424.30064,1.77180
3422.26115,1.77382
3420.22166,1.77994
3418.18217,1.78948
3416.14268,1.79398
3414.10319,1.79849
3412.06371,1.80112
3410.02422,1.79617
3407.98473,1.79351
3405.94524,1.78854
3403.90575,1.77757
3401.86627,1.78227
3399.82678,1.79600
3397.78729,1.80210
3395.74780,1.80965
3393.70831,1.81247
3391.66882,1.80847
3389.62934,1.81625
3387.58985,1.82563
3385.55036,1.80953
3383.51087,1.78310
3381.47138,1.77896
3379.43190,1.79135
3377.39241,1.79817
3375.35292,1.79444
3373.31343,1.78352
3371.27394,1.77389
3369.23446,1.77660
3367.19497,1.78586
3365.15548,1.78653
3363.11599,1.78207
3361.07650,1.78009
3359.03701,1.77812
3356.99753,1.77991
3354.95804,1.78264
3352.91855,1.77713
3350.87906,1.76878
3348.83957,1.76589
3346.80009,1.77141
3344.76060,1.77986
3342.72111,1.78441
3340.68162,1.78374
3338.64213,1.77449
3336.60264,1.76302
3334.56316,1.76157
3332.52367,1.76877
3330.48418,1.77616
3328.44469,1.78054
3326.40520,1.77889
3324.36572,1.76932
3322.32623,1.76021
3320.28674,1.75975
3318.24725,1.76727
3316.20776,1.77744
3314.16827,1.78183
3312.12879,1.78027
3310.08930,1.77846
3308.04981,1.76982
3306.01032,1.75475
3303.97083,1.74676
3301.93135,1.74579
3299.89186,1.74474
3297.85237,1.74486
3295.81288,1.74556
3293.77339,1.74492
3291.73390,1.74467
3289.69442,1.74550
3287.65493,1.74676
3285.61544,1.74307
3283.57595,1.73479
3281.53646,1.73582
3279.49698,1.74550
3277.45749,1.74768
3275.41800,1.74226
3273.37851,1.73926
3271.33902,1.73982
3269.29953,1.73756
3267.26005,1.72702
3265.22056,1.71566
3263.18107,1.71243
3261.14158,1.71504
3259.10209,1.71603
3257.06261,1.71329
3255.02312,1.71372
3252.98363,1.71459
3250.94414,1.70896
3248.90465,1.70189
3246.86516,1.69700
3244.82568,1.69434
3242.78619,1.69203
3240.74670,1.68596
3238.70721,1.67931
3236.66772,1.67687
3234.62824,1.67643
3232.58875,1.67783
3230.54926,1.68064
3228.50977,1.68092
3226.47028,1.67879
3224.43080,1.67589
3222.39131,1.67579
3220.35182,1.67908
3218.31233,1.68014
3216.27284,1.68118
3214.23335,1.68258
3212.19387,1.67585
3210.15438,1.66650
3208.11489,1.66298
3206.07540,1.65757
3204.03591,1.64601
3201.99643,1.63781
3199.95694,1.63794
3197.91745,1.63899
3195.87796,1.63688
3193.83847,1.63481
3191.79898,1.63222
3189.75950,1.63137
3187.72001,1.63347
3185.68052,1.63471
3183.64103,1.63501
3181.60154,1.63136
3179.56206,1.62429
3177.52257,1.62022
3175.48308,1.61645
3173.44359,1.61050
3171.40410,1.60547
3169.36461,1.59978
3167.32513,1.59322
3165.28564,1.59138
3163.24615,1.59504
3161.20666,1.59747
3159.16717,1.59406
3157.12769,1.58814
3155.08820,1.58401
3153.04871,1.58127
3151.00922,1.57945
3148.96973,1.57747
3146.93024,1.57239
3144.89076,1.56543
3142.85127,1.56085
3140.81178,1.55710
3138.77229,1.54899
3136.73280,1.53981
3134.69332,1.53778
3132.65383,1.54105
3130.61434,1.54050
3128.57485,1.53327
3126.53536,1.52462
3124.49587,1.52113
3122.45639,1.52159
3120.41690,1.52179
3118.37741,1.52197
3116.33792,1.51921
3114.29843,1.51196
3112.25895,1.50511
3110.21946,1.50044
3108.17997,1.49773
3106.14048,1.49646
3104.10099,1.49176
3102.06150,1.48262
3100.02202,1.47390
3097.98253,1.46803
3095.94304,1.46245
3093.90355,1.45648
3091.86406,1.45560
3089.82458,1.45948
3087.78509,1.46090
3085.74560,1.45786
3083.70611,1.45306
3081.66662,1.44735
3079.62714,1.44077
3077.58765,1.43500
3075.54816,1.42951
3073.50867,1.42468
3071.46918,1.42171
3069.42969,1.41919
3067.39021,1.41529
3065.35072,1.41008
3063.31123,1.40646
3061.27174,1.40446
3059.23225,1.40016
3057.19277,1.39290
3055.15328,1.38803
3053.11379,1.38762
3051.07430,1.38563
3049.03481,1.37939
3046.99532,1.37181
3044.95584,1.36560
3042.91635,1.36364
3040.87686,1.36470
3038.83737,1.36205
3036.79788,1.35391
3034.75840,1.34672
3032.71891,1.34303
3030.67942,1.33950
3028.63993,1.33569
3026.60044,1.33232
3024.56095,1.32911
3022.52147,1.32572
3020.48198,1.32050
3018.44249,1.31414
3016.40300,1.30996
3014.36351,1.30886
3012.32403,1.30891
3010.28454,1.30880
3008.24505,1.30945
3006.20556,1.31105
3004.16607,1.31109
3002.12658,1.31017
3000.08710,1.31157
2998.04761,1.31427
2996.00812,1.31665
2993.96863,1.32123
2991.92914,1.32724
2989.88966,1.33045
2987.85017,1.33190
2985.81068,1.33695
2983.77119,1.34692
2981.73170,1.35682
2979.69221,1.36250
2977.65273,1.36691
2975.61324,1.37593
2973.57375,1.38828
2971.53426,1.39653
2969.49477,1.40201
2967.45529,1.41075
2965.41580,1.42256
2963.37631,1.43496
2961.33682,1.44641
2959.29733,1.45712
2957.25784,1.46642
2955.21836,1.47438
2953.17887,1.48392
2951.13938,1.49460
2949.09989,1.50249
2947.06040,1.50617
2945.02092,1.50897
2942.98143,1.51647
2940.94194,1.52798
2938.90245,1.53782
2936.86296,1.54417
2934.82348,1.54813
2932.78399,1.55194
2930.74450,1.55585
2928.70501,1.55363
2926.66552,1.54248
2924.62603,1.52882
2922.58655,1.51990
2920.54706,1.51606
2918.50757,1.51315
2916.46808,1.50997
2914.42859,1.50480
2912.38911,1.49478
2910.34962,1.48407
2908.31013,1.47901
2906.27064,1.47901
2904.23115,1.47968
2902.19166,1.47956
2900.15218,1.47650
2898.11269,1.46958
2896.07320,1.46226
2894.03371,1.45594
2891.99422,1.44962
2889.95474,1.44333
2887.91525,1.43965
2885.87576,1.43826
2883.83627,1.43430
2881.79678,1.42732
2879.75729,1.42028
2877.71781,1.41288
2875.67832,1.40391
2873.63883,1.39294
2871.59934,1.38095
2869.55985,1.37096
2867.52037,1.36402
2865.48088,1.35824
2863.44139,1.34992
2861.40190,1.33999
2859.36241,1.33410
2857.32292,1.33038
2855.28344,1.32438
2853.24395,1.31693
2851.20446,1.30780
2849.16497,1.29812
2847.12548,1.29096
2845.08600,1.28348
2843.04651,1.27272
2841.00702,1.26191
2838.96753,1.25399
2836.92804,1.24782
2834.88855,1.24053
2832.84907,1.23324
2830.80958,1.22896
2828.77009,1.22573
2826.73060,1.22018
2824.69111,1.21289
2822.65163,1.20635
2820.61214,1.20113
2818.57265,1.19577
2816.53316,1.19020
2814.49367,1.18600
2812.45418,1.18261
2810.41470,1.17794
2808.37521,1.17250
2806.33572,1.16795
2804.29623,1.16410
2802.25674,1.16025
2800.21726,1.15589
2798.17777,1.15136
2796.13828,1.14820
2794.09879,1.14624
2792.05930,1.14325
2790.01982,1.13996
2787.98033,1.13872
2785.94084,1.13789
2783.90135,1.13543
2781.86186,1.13266
2779.82237,1.13094
2777.78289,1.12870
2775.74340,1.12538
2773.70391,1.12444
2771.66442,1.12578
2769.62493,1.12510
2767.58545,1.12168
2765.54596,1.11756
2763.50647,1.11531
2761.46698,1.11647
2759.42749,1.11805
2757.38800,1.11620
2755.34852,1.11146
2753.30903,1.10714
2751.26954,1.10494
2749.23005,1.10455
2747.19056,1.10383
2745.15108,1.10121
2743.11159,1.09834
2741.07210,1.09540
2739.03261,1.09209
2736.99312,1.08970
2734.95363,1.08773
2732.91415,1.08567
2730.87466,1.08458
2728.83517,1.08379
2726.79568,1.08141
2724.75619,1.07792
2722.71671,1.07473
2720.67722,1.07265
2718.63773,1.07109
2716.59824,1.06787
2714.55875,1.06220
2712.51926,1.05633
2710.47978,1.05231
2708.44029,1.04913
2706.40080,1.04639
2704.36131,1.04504
2702.32182,1.04407
2700.28234,1.04152
2698.24285,1.03691
2696.20336,1.03185
2694.16387,1.02788
2692.12438,1.02462
2690.08489,1.02211
2688.04541,1.02092
2686.00592,1.02021
2683.96643,1.01905
2681.92694,1.01678
2679.88745,1.01354
2677.84797,1.00964
2675.80848,1.00548
2673.76899,1.00258
2671.72950,0.99971
2669.69001,0.99508
2667.65052,0.99064
2665.61104,0.98739
2663.57155,0.98398
2661.53206,0.98020
2659.49257,0.97677
2657.45308,0.97339
2655.41360,0.96956
2653.37411,0.96563
2651.33462,0.96186
2649.29513,0.95845
2647.25564,0.95520
2645.21616,0.95112
2643.17667,0.94637
2641.13718,0.94200
2639.09769,0.93850
2637.05820,0.93579
2635.01871,0.93266
2632.97923,0.92771
2630.93974,0.92192
2628.90025,0.91768
2626.86076,0.91513
2624.82127,0.91256
2622.78179,0.90892
2620.74230,0.90436
2618.70281,0.89983
2616.66332,0.89646
2614.62383,0.89395
2612.58434,0.89109
2610.54486,0.88804
2608.50537,0.88547
2606.46588,0.88338
2604.42639,0.88194
2602.38690,0.88095
2600.34742,0.87949
2598.30793,0.87731
2596.26844,0.87482
2594.22895,0.87262
2592.18946,0.87086
2590.14997,0.86877
2588.11049,0.86639
2586.07100,0.86420
2584.03151,0.86171
2581.99202,0.85871
2579.95253,0.85576
2577.91305,0.85325
2575.87356,0.85107
2573.83407,0.84939
2571.79458,0.84781
2569.75509,0.84523
2567.71560,0.84242
2565.67612,0.84049
2563.63663,0.83878
2561.59714,0.83619
2559.55765,0.83292
2557.51816,0.82993
2555.47868,0.82727
2553.43919,0.82450
2551.39970,0.82201
2549.36021,0.82008
2547.32072,0.81796
2545.28123,0.81535
2543.24175,0.81261
2541.20226,0.80998
2539.16277,0.80784
2537.12328,0.80581
2535.08379,0.80303
2533.04431,0.79973
2531.00482,0.79672
2528.96533,0.79428
2526.92584,0.79215
2524.88635,0.79001
2522.84686,0.78776
2520.80738,0.78548
2518.76789,0.78341
2516.72840,0.78207
2514.68891,0.78093
2512.64942,0.77882
2510.60994,0.77613
2508.57045,0.77384
2506.53096,0.77194
2504.49147,0.77008
2502.45198,0.76811
2500.41250,0.76621
2498.37301,0.76453
2496.33352,0.76255
2494.29403,0.75990
2492.25454,0.75718
2490.21505,0.75487
2488.17557,0.75295
2486.13608,0.75131
2484.09659,0.74925
2482.05710,0.74676
2480.01761,0.74415
2477.97813,0.74118
2475.93864,0.73807
2473.89915,0.73518
2471.85966,0.73253
2469.82017,0.72990
2467.78068,0.72721
2465.74120,0.72493
2463.70171,0.72281
2461.66222,0.72003
2459.62273,0.71690
2457.58324,0.71383
2455.54376,0.71061
2453.50427,0.70769
2451.46478,0.70520
2449.42529,0.70240
2447.38580,0.69897
2445.34631,0.69558
2443.30683,0.69259
2441.26734,0.68923
2439.22785,0.68545
2437.18836,0.68236
2435.14887,0.67984
2433.10939,0.67672
2431.06990,0.67309
2429.03041,0.66996
2426.99092,0.66736
2424.95143,0.66461
2422.91194,0.66161
2420.87246,0.65876
2418.83297,0.65593
2416.79348,0.65271
2414.75399,0.64983
2412.71450,0.64760
2410.67502,0.64497
2408.63553,0.64193
2406.59604,0.63929
2404.55655,0.63716
2402.51706,0.63530
2400.47757,0.63343
2398.43809,0.63149
2396.39860,0.62956
2394.35911,0.62758
2392.31962,0.62573
2390.28013,0.62434
2388.24065,0.62337
2386.20116,0.62265
2384.16167,0.62214
2382.12218,0.62197
2380.08269,0.62218
2378.04320,0.62216
2376.00372,0.62146
2373.96423,0.62073
2371.92474,0.62064
2369.88525,0.62125
2367.84576,0.62253
2365.80628,0.62292
2363.76679,0.62062
2361.72730,0.61673
2359.68781,0.61323
2357.64832,0.61041
2355.60884,0.60825
2353.56935,0.60747
2351.52986,0.60803
2349.49037,0.60780
2347.45088,0.60496
2345.41139,0.60095
2343.37191,0.59800
2341.33242,0.59590
2339.29293,0.59405
2337.25344,0.59295
2335.21395,0.59184
2333.17447,0.58990
2331.13498,0.58757
2329.09549,0.58552
2327.05600,0.58402
2325.01651,0.58275
2322.97702,0.58123
2320.93754,0.57943
2318.89805,0.57741
2316.85856,0.57530
2314.81907,0.57350
2312.77958,0.57233
2310.74010,0.57148
2308.70061,0.57021
2306.66112,0.56844
2304.62163,0.56681
2302.58214,0.56558
2300.54265,0.56445
2298.50317,0.56320
2296.46368,0.56183
2294.42419,0.56056
2292.38470,0.55954
2290.34521,0.55864
2288.30573,0.55780
2286.26624,0.55719
2284.22675,0.55685
2282.18726,0.55658
2280.14777,0.55635
2278.10828,0.55628
2276.06880,0.55624
2274.02931,0.55612
2271.98982,0.55616
2269.95033,0.55640
2267.91084,0.55644
2265.87136,0.55646
2263.83187,0.55673
2261.79238,0.55710
2259.75289,0.55749
2257.71340,0.55784
2255.67391,0.55789
2253.63443,0.55782
2251.59494,0.55776
2249.55545,0.55748
2247.51596,0.55760
2245.47647,0.55796
2243.43699,0.55829
2241.39750,0.55865
2239.35801,0.55910
2237.31852,0.55939
2235.27903,0.55958
2233.23954,0.55991
2231.20006,0.56043
2229.16057,0.56103
2227.12108,0.56140
2225.08159,0.56170
2223.04210,0.56227
2221.00262,0.56304
2218.96313,0.56404
2216.92364,0.56529
2214.88415,0.56659
2212.84466,0.56776
2210.80518,0.56894
2208.76569,0.57025
2206.72620,0.57159
2204.68671,0.57281
2202.64722,0.57388
2200.60773,0.57493
2198.56825,0.57600
2196.52876,0.57692
2194.48927,0.57771
2192.44978,0.57872
2190.41029,0.57988
2188.37081,0.58132
2186.33132,0.58329
2184.29183,0.58525
2182.25234,0.58660
2180.21285,0.58782
2178.17336,0.58942
2176.13388,0.59126
2174.09439,0.59302
2172.05490,0.59433
2170.01541,0.59530
2167.97592,0.59642
2165.93644,0.59763
2163.89695,0.59885
2161.85746,0.60024
2159.81797,0.60141
2157.77848,0.60194
2155.73899,0.60222
2153.69951,0.60254
2151.66002,0.60278
2149.62053,0.60288
2147.58104,0.60274
2145.54155,0.60239
2143.50207,0.60227
2141.46258,0.60256
2139.42309,0.60275
2137.38360,0.60224
2135.34411,0.60135
2133.30462,0.60080
2131.26514,0.60073
2129.22565,0.60066
2127.18616,0.60011
2125.14667,0.59912
2123.10718,0.59827
2121.06770,0.59807
2119.02821,0.59805
2116.98872,0.59778
2114.94923,0.59740
2112.90974,0.59697
2110.87025,0.59665
2108.83077,0.59646
2106.79128,0.59636
2104.75179,0.59630
2102.71230,0.59606
2100.67281,0.59582
2098.63333,0.59587
2096.59384,0.59614
2094.55435,0.59647
2092.51486,0.59650
2090.47537,0.59624
2088.43588,0.59600
2086.39640,0.59590
2084.35691,0.59589
2082.31742,0.59585
2080.27793,0.59562
2078.23844,0.59533
2076.19896,0.59540
2074.15947,0.59580
2072.11998,0.59585
2070.08049,0.59532
2068.04100,0.59485
2066.00152,0.59484
2063.96203,0.59506
2061.92254,0.59521
2059.88305,0.59546
2057.84356,0.59597
2055.80407,0.59609
2053.76459,0.59545
2051.72510,0.59476
2049.68561,0.59435
2047.64612,0.59363
2045.60663,0.59235
2043.56715,0.59093
2041.52766,0.58960
2039.48817,0.58804
2037.44868,0.58598
2035.40919,0.58366
2033.36970,0.58147
2031.33022,0.57942
2029.29073,0.57733
2027.25124,0.57535
2025.21175,0.57351
2023.17226,0.57150
2021.13278,0.56935
2019.09329,0.56736
2017.05380,0.56538
2015.01431,0.56308
2012.97482,0.56075
2010.93533,0.55908
2008.89585,0.55796
2006.85636,0.55661
2004.81687,0.55505
2002.77738,0.55375
2000.73789,0.55285
1998.69841,0.55225
1996.65892,0.55182
1994.61943,0.55167
1992.57994,0.55160
1990.54045,0.55124
1988.50096,0.55073
1986.46148,0.55024
1984.42199,0.54979
1982.38250,0.54940
1980.34301,0.54915
1978.30352,0.54910
1976.26404,0.54902
1974.22455,0.54874
1972.18506,0.54858
1970.14557,0.54887
1968.10608,0.54927
1966.06659,0.54927
1964.02711,0.54933
1961.98762,0.54974
1959.94813,0.55008
1957.90864,0.55026
1955.86915,0.55032
1953.82967,0.55020
1951.79018,0.54997
1949.75069,0.54998
1947.71120,0.55061
1945.67171,0.55183
1943.63222,0.55293
1941.59274,0.55302
1939.55325,0.55220
1937.51376,0.55150
1935.47427,0.55124
1933.43478,0.55114
1931.39530,0.55117
1929.35581,0.55120
1927.31632,0.55127
1925.27683,0.55173
1923.23734,0.55208
1921.19786,0.55186
1919.15837,0.55153
1917.11888,0.55094
1915.07939,0.55023
1913.03990,0.55014
1911.00041,0.55051
1908.96093,0.55057
1906.92144,0.55007
1904.88195,0.54936
1902.84246,0.54866
1900.80297,0.54805
1898.76349,0.54794
1896.72400,0.54842
1894.68451,0.54906
1892.64502,0.54977
1890.60553,0.55059
1888.56604,0.55096
1886.52656,0.55078
1884.48707,0.55075
1882.44758,0.55126
1880.40809,0.55212
1878.36860,0.55296
1876.32912,0.55374
1874.28963,0.55485
1872.25014,0.55668
1870.21065,0.55868
1868.17116,0.55931
1866.13167,0.55833
1864.09219,0.55743
1862.05270,0.55743
1860.01321,0.55794
1857.97372,0.55842
1855.93423,0.55883
1853.89475,0.55956
1851.85526,0.56065
1849.81577,0.56204
1847.77628,0.56409
1845.73679,0.56660
1843.69730,0.56794
1841.65782,0.56749
1839.61833,0.56723
1837.57884,0.56815
1835.53935,0.56960
1833.49986,0.57173
1831.46038,0.57493
1829.42089,0.57803
1827.38140,0.58002
1825.34191,0.58147
1823.30242,0.58281
1821.26293,0.58429
1819.22345,0.58647
1817.18396,0.58945
1815.14447,0.59312
1813.10498,0.59752
1811.06549,0.60223
1809.02601,0.60643
1806.98652,0.61037
1804.94703,0.61549
1802.90754,0.62289
1800.86805,0.63234
1798.82856,0.64258
1796.78908,0.65334
1794.74959,0.66618
1792.71010,0.68212
1790.67061,0.69838
1788.63112,0.71241
1786.59164,0.72627
1784.55215,0.74175
1782.51266,0.75809
1780.47317,0.77403
1778.43368,0.78855
1776.39420,0.80202
1774.35471,0.81574
1772.31522,0.82866
1770.27573,0.83872
1768.23624,0.84717
1766.19675,0.85673
1764.15727,0.86908
1762.11778,0.88530
1760.07829,0.90480
1758.03880,0.92691
1755.99931,0.95179
1753.95983,0.97888
1751.92034,1.01011
1749.88085,1.04672
1747.84136,1.08479
1745.80187,1.12230
1743.76238,1.16214
1741.72290,1.20628
1739.68341,1.25164
1737.64392,1.29075
1735.60443,1.32349
1733.56494,1.35314
1731.52546,1.37183
1729.48597,1.37679
1727.44648,1.37338
1725.40699,1.36400
1723.36750,1.34928
1721.32801,1.33227
1719.28853,1.31251
1717.24904,1.28508
1715.20955,1.25392
1713.17006,1.22833
1711.13057,1.20974
1709.09109,1.19670
1707.05160,1.18822
1705.01211,1.18415
1702.97262,1.18715
1700.93313,1.19871
1698.89364,1.21528
1696.85416,1.23448
1694.81467,1.25754
1692.77518,1.28190
1690.73569,1.30778
1688.69620,1.33547
1686.65672,1.36296
1684.61723,1.39138
1682.57774,1.41636
1680.53825,1.43432
1678.49876,1.45189
1676.45927,1.47034
1674.41979,1.48447
1672.38030,1.49482
1670.34081,1.50634
1668.30132,1.51783
1666.26183,1.52603
1664.22235,1.53255
1662.18286,1.53600
1660.14337,1.53388
1658.10388,1.52977
1656.06439,1.52788
1654.02490,1.53010
1651.98542,1.53487
1649.94593,1.53725
1647.90644,1.53667
1645.86695,1.53646
1643.82746,1.53776
1641.78798,1.53893
1639.74849,1.54047
1637.70900,1.54403
1635.66951,1.54784
1633.63002,1.54859
1631.59054,1.54649
1629.55105,1.54112
1627.51156,1.53194
1625.47207,1.52228
1623.43258,1.51594
1621.39309,1.51300
1619.35361,1.51073
1617.31412,1.50623
1615.27463,1.50042
1613.23514,1.49731
1611.19565,1.49687
1609.15617,1.49606
1607.11668,1.49305
1605.07719,1.48799
1603.03770,1.48299
1600.99821,1.48034
1598.95872,1.47814
1596.91924,1.47336
1594.87975,1.46726
1592.84026,1.46264
1590.80077,1.45903
1588.76128,1.45431
1586.72180,1.44870
1584.68231,1.44428
1582.64282,1.44145
1580.60333,1.43912
1578.56384,1.43730
1576.52435,1.43543
1574.48487,1.43226
1572.44538,1.42699
1570.40589,1.41921
1568.36640,1.41254
1566.32691,1.41123
1564.28743,1.41267
1562.24794,1.41156
1560.20845,1.40457
1558.16896,1.39428
1556.12947,1.38782
1554.08998,1.38398
1552.05050,1.38155
1550.01101,1.38017
1547.97152,1.37783
1545.93203,1.37438
1543.89254,1.37056
1541.85306,1.36602
1539.81357,1.36025
1537.77408,1.35480
1535.73459,1.34966
1533.69510,1.34343
1531.65561,1.33794
1529.61613,1.33453
1527.57664,1.33097
1525.53715,1.32628
1523.49766,1.32185
1521.45817,1.31651
1519.41869,1.30814
1517.37920,1.29880
1515.33971,1.29180
1513.30022,1.28741
1511.26073,1.28241
1509.22124,1.27340
1507.18176,1.26082
1505.14227,1.25116
1503.10278,1.24832
1501.06329,1.24910
1499.02380,1.25018
1496.98432,1.25075
1494.94483,1.25120
1492.90534,1.25193
1490.86585,1.25345
1488.82636,1.25719
1486.78688,1.26573
1484.74739,1.28024
1482.70790,1.29903
1480.66841,1.31874
1478.62892,1.33754
1476.58943,1.35830
1474.54995,1.38587
1472.51046,1.42076
1470.47097,1.45435
1468.43148,1.48040
1466.39199,1.50261
1464.35251,1.52239
1462.31302,1.53661
1460.27353,1.54821
1458.23404,1.56208
1456.19455,1.57191
1454.15506,1.57200
1452.11558,1.57059
1450.07609,1.57242
1448.03660,1.57451
1445.99711,1.57508
1443.95762,1.57744
1441.91814,1.58333
1439.87865,1.58953
1437.83916,1.59240
1435.79967,1.59414
1433.76018,1.59960
1431.72069,1.60855
1429.68121,1.61939
1427.64172,1.62947
1425.60223,1.63693
1423.56274,1.64251
1421.52325,1.64350
1419.48377,1.64111
1417.44428,1.64276
1415.40479,1.64606
1413.36530,1.64584
1411.32581,1.64392
1409.28632,1.64240
1407.24684,1.64270
1405.20735,1.64625
1403.16786,1.64881
1401.12837,1.64573
1399.08888,1.63966
1397.04940,1.63395
1395.00991,1.62932
1392.97042,1.62627
1390.93093,1.62572
1388.89144,1.62778
1386.85195,1.62923
1384.81247,1.62956
1382.77298,1.63357
1380.73349,1.64039
1378.69400,1.64512
1376.65451,1.64681
1374.61503,1.64733
1372.57554,1.65009
1370.53605,1.65618
1368.49656,1.66107
1366.45707,1.66016
1364.41758,1.65317
1362.37810,1.64273
1360.33861,1.63368
1358.29912,1.63008
1356.25963,1.62876
1354.22014,1.62355
1352.18066,1.61714
1350.14117,1.61717
1348.10168,1.62306
1346.06219,1.62956
1344.02270,1.63255
1341.98322,1.62691
1339.94373,1.61474
1337.90424,1.60750
1335.86475,1.60842
1333.82526,1.60902
1331.78577,1.60440
1329.74629,1.59695
1327.70680,1.58878
1325.66731,1.58125
1323.62782,1.57543
1321.58833,1.56884
1319.54885,1.55844
1317.50936,1.54663
1315.46987,1.54074
1313.43038,1.54440
1311.39089,1.55005
1309.35140,1.54785
1307.31192,1.54119
1305.27243,1.53806
1303.23294,1.53657
1301.19345,1.53188
1299.15396,1.52611
1297.11448,1.52137
1295.07499,1.51462
1293.03550,1.50695
1290.99601,1.50360
1288.95652,1.50423
1286.91703,1.50480
1284.87755,1.50323
1282.83806,1.49996
1280.79857,1.49697
1278.75908,1.49558
1276.71959,1.49563
1274.68011,1.49592
1272.64062,1.49660
1270.60113,1.50008
1268.56164,1.50586
1266.52215,1.51018
1264.48266,1.51200
1262.44318,1.51460
1260.40369,1.51959
1258.36420,1.52283
1256.32471,1.52414
1254.28522,1.52904
1252.24574,1.53751
1250.20625,1.54590
1248.16676,1.55009
1246.12727,1.54774
1244.08778,1.54430
1242.04829,1.54282
1240.00881,1.53939
1237.96932,1.53401
1235.92983,1.52956
1233.89034,1.52562
1231.85085,1.51928
1229.81137,1.50901
1227.77188,1.49643
1225.73239,1.48395
1223.69290,1.47444
1221.65341,1.46927
1219.61392,1.46725
1217.57444,1.46644
1215.53495,1.46692
1213.49546,1.47118
1211.45597,1.47874
1209.41648,1.48598
1207.37700,1.49006
1205.33751,1.49248
1203.29802,1.49625
1201.25853,1.49973
1199.21904,1.49924
1197.17956,1.49349
1195.14007,1.48675
1193.10058,1.48335
1191.06109,1.48344
1189.02160,1.48899
1186.98211,1.50260
1184.94263,1.52184
1182.90314,1.54285
1180.86365,1.56999
1178.82416,1.60898
1176.78467,1.65651
1174.74519,1.70917
1172.70570,1.76362
1170.66621,1.80909
1168.62672,1.84370
1166.58723,1.87317
1164.54774,1.89428
1162.50826,1.90243
1160.46877,1.89914
1158.42928,1.89014
1156.38979,1.88596
1154.35030,1.88734
1152.31082,1.87413
1150.27133,1.84409
1148.23184,1.81781
1146.19235,1.80338
1144.15286,1.79883
1142.11337,1.79857
1140.07389,1.79693
1138.03440,1.79157
1135.99491,1.78849
1133.95542,1.79008
1131.91593,1.79308
1129.87645,1.80752
1127.83696,1.82964
1125.79747,1.83533
1123.75798,1.82636
1121.71849,1.81708
1119.67900,1.81108
1117.63952,1.81886
1115.60003,1.84162
1113.56054,1.86422
1111.52105,1.87362
1109.48156,1.86659
1107.44208,1.85353
1105.40259,1.84499
1103.36310,1.83982
1101.32361,1.83629
1099.28412,1.83851
1097.24463,1.84697
1095.20515,1.85597
1093.16566,1.85905
1091.12617,1.86246
1089.08668,1.86916
1087.04719,1.87347
1085.00771,1.87473
1082.96822,1.86476
1080.92873,1.84176
1078.88924,1.81579
1076.84975,1.79784
1074.81027,1.79389
1072.77078,1.79637
1070.73129,1.80034
1068.69180,1.80821
1066.65231,1.81765
1064.61282,1.82496
1062.57334,1.82877
1060.53385,1.83147
1058.49436,1.82701
1056.45487,1.81014
1054.41538,1.78432
1052.37590,1.76308
1050.33641,1.75168
1048.29692,1.74135
1046.25743,1.73021
1044.21794,1.71368
1042.17845,1.69524
1040.13897,1.68847
1038.09948,1.68824
1036.05999,1.68376
1034.02050,1.67927
1031.98101,1.67227
1029.94153,1.65901
1027.90204,1.65212
1025.86255,1.64633
1023.82306,1.63165
1021.78357,1.62144
1019.74408,1.61944
1017.70460,1.62167
1015.66511,1.62426
1013.62562,1.61910
1011.58613,1.61037
1009.54664,1.60303
1007.50716,1.59570
1005.46767,1.59297
1003.42818,1.59300
1001.38869,1.58641
999.34920,1.57466
997.30971,1.56171
995.27023,1.54602
993.23074,1.52873
991.19125,1.50994
989.15176,1.48761
987.11227,1.46042
985.07279,1.42585
983.03330,1.38707
980.99381,1.34845
978.95432,1.30977
976.91483,1.27366
974.87534,1.24154
972.83586,1.21169
970.79637,1.18633
968.75688,1.16705
966.71739,1.15089
964.67790,1.13787
962.63842,1.13069
960.59893,1.12744
958.55944,1.12602
956.51995,1.12817
954.48046,1.13445
952.44097,1.14433
950.40149,1.15794
948.36200,1.17740
946.32251,1.20454
944.28302,1.23406
942.24353,1.25987
940.20405,1.28078
938.16456,1.29545
936.12507,1.30552
934.08558,1.31457
932.04609,1.32046
930.00661,1.31870
927.96712,1.31083
925.92763,1.30242
923.88814,1.29347
921.84865,1.28117
919.80916,1.26586
917.76968,1.24704
915.73019,1.22466
913.69070,1.20222
911.65121,1.18434
909.61172,1.17367
907.57224,1.16685
905.53275,1.15784
903.49326,1.14820
901.45377,1.14447
899.41428,1.14524
897.37479,1.14436
895.33531,1.14064
893.29582,1.13544
891.25633,1.13007
889.21684,1.12566
887.17735,1.12215
885.13787,1.12095
883.09838,1.12438
881.05889,1.13124
879.01940,1.14145
876.97991,1.15813
874.94042,1.18082
872.90094,1.20703
870.86145,1.23361
868.82196,1.25719
866.78247,1.27681
864.74298,1.29147
862.70350,1.29775
860.66401,1.29426
858.62452,1.28651
856.58503,1.28017
854.54554,1.27692
852.50605,1.27526
850.46657,1.26984
848.42708,1.25962
846.38759,1.25163
844.34810,1.24886
842.30861,1.24399
840.26913,1.23577
838.22964,1.23129
836.19015,1.22861
834.15066,1.22156
832.11117,1.21244
830.07168,1.20770
828.03220,1.20748
825.99271,1.20664
823.95322,1.20503
821.91373,1.20750
819.87424,1.21374
817.83476,1.21842
815.79527,1.22091
813.75578,1.22337
811.71629,1.22767
809.67680,1.23645
807.63731,1.24798
805.59783,1.25723
803.55834,1.26518
801.51885,1.27674
799.47936,1.28920
797.43987,1.29882
795.40039,1.30970
793.36090,1.32175
791.32141,1.33255
789.28192,1.34627
787.24243,1.36209
785.20295,1.37486
783.16346,1.38388
781.12397,1.39233
779.08448,1.40460
777.04499,1.41798
775.00550,1.43172
772.96602,1.44804
770.92653,1.45824
768.88704,1.45946
766.84755,1.46385
764.80806,1.47301
762.76858,1.47386
760.72909,1.46396
758.68960,1.44990
756.65011,1.43590
754.61062,1.42442
752.57113,1.41452
750.53165,1.40692
748.49216,1.40613
746.45267,1.40832
744.41318,1.40546
742.37369,1.40337
740.33421,1.40912
738.29472,1.41763
736.25523,1.42702
734.21574,1.43756
732.17625,1.44428
730.13676,1.44849
728.09728,1.45450
726.05779,1.46520
724.01830,1.47955
721.97881,1.49026
719.93932,1.49588
717.89984,1.50278
715.86035,1.50906
713.82086,1.51247
711.78137,1.52102
709.74188,1.52927
707.70239,1.52427
705.66291,1.51373
703.62342,1.51145
701.58393,1.51505
699.54444,1.51355
697.50495,1.50700
695.46547,1.50230
693.42598,1.49810
691.38649,1.49138
689.34700,1.48711
687.30751,1.49135
685.26802,1.50022
683.22854,1.50543
681.18905,1.50778
679.14956,1.51568
677.11007,1.52835
675.07058,1.53501
673.03110,1.53442
670.99161,1.52909
668.95212,1.51791
666.91263,1.51630
664.87314,1.53191
662.83365,1.54147
660.79417,1.53944
658.75468,1.53356
656.71519,1.52147
654.67570,1.51521
652.63621,1.52090
650.59673,1.51799
648.55724,1.50805
646.51775,1.51167
644.47826,1.51907
642.43877,1.51768
640.39929,1.52016
638.35980,1.53103
636.32031,1.54004
634.28082,1.53835
632.24133,1.52576
630.20184,1.51775
628.16236,1.52639
626.12287,1.54483
624.08338,1.55765
622.04389,1.56253
620.00440,1.55853
617.96492,1.55288
615.92543,1.55260
613.88594,1.55447
611.84645,1.55720
609.80696,1.56854
607.76747,1.57923
605.72799,1.57573
603.68850,1.56928
601.64901,1.57477
599.60952,1.58470
597.57003,1.56724
595.53055,1.53703
593.49106,1.53352
591.45157,1.55474
589.41208,1.55983
587.37259,1.53688
585.33310,1.52045
583.29362,1.51139
581.25413,1.51182
579.21464,1.52844
577.17515,1.52416
575.13566,1.49669
573.09618,1.50514
571.05669,1.52453
569.01720,1.53874
566.97771,1.55918
564.93822,1.54712
562.89873,1.50249
560.85925,1.45444
558.81976,1.44341
556.78027,1.47216
554.74078,1.50340
552.70129,1.51706
550.66181,1.52338
548.62232,1.49770
546.58283,1.43401
544.54334,1.42048
542.50385,1.45728
540.46436,1.46269
538.42488,1.45984
536.38539,1.45611
534.34590,1.50543
532.30641,1.58227
530.26692,1.61869
528.22744,1.58539
526.18795,1.50584
524.14846,1.41829
522.10897,1.33102
520.06948,1.29660
518.02999,1.29045
515.99051,1.27204
513.95102,1.24174
511.91153,1.21639
509.87204,1.23274
507.83255,1.24623
505.79307,1.29467
503.75358,1.46463
501.71409,1.47039
499.67460,1.45556
