3997.39681,0.33560
3995.35732,0.33496
3993.31783,0.33469
3991.27835,0.33453
3989.23886,0.33414
3987.19937,0.33368
3985.15988,0.33346
3983.12039,0.33355
3981.08091,0.33376
3979.04142,0.33364
3977.00193,0.33301
3974.96244,0.33199
3972.92295,0.33077
3970.88346,0.32961
3968.84398,0.32845
3966.80449,0.32734
3964.76500,0.32671
3962.72551,0.32628
3960.68602,0.32532
3958.64654,0.32395
3956.60705,0.32287
3954.56756,0.32230
3952.52807,0.32194
3950.48858,0.32125
3948.44909,0.31984
3946.40961,0.31816
3944.37012,0.31689
3942.33063,0.31570
3940.29114,0.31409
3938.25165,0.31251
3936.21217,0.31164
3934.17268,0.31131
3932.13319,0.31066
3930.09370,0.30959
3928.05421,0.30860
3926.01473,0.30737
3923.97524,0.30584
3921.93575,0.30464
3919.89626,0.30379
3917.85677,0.30254
3915.81728,0.30070
3913.77780,0.29918
3911.73831,0.29831
3909.69882,0.29755
3907.65933,0.29681
3905.61984,0.29607
3903.58036,0.29480
3901.54087,0.29300
3899.50138,0.29116
3897.46189,0.28979
3895.42240,0.28946
3893.38291,0.28985
3891.34343,0.28958
3889.30394,0.28840
3887.26445,0.28716
3885.22496,0.28578
3883.18547,0.28432
3881.14599,0.28317
3879.10650,0.28204
3877.06701,0.28106
3875.02752,0.28048
3872.98803,0.27984
3870.94854,0.27894
3868.90906,0.27844
3866.86957,0.27866
3864.83008,0.27879
3862.79059,0.27836
3860.75110,0.27808
3858.71162,0.27815
3856.67213,0.27782
3854.63264,0.27652
3852.59315,0.27469
3850.55366,0.27398
3848.51417,0.27461
3846.47469,0.27545
3844.43520,0.27571
3842.39571,0.27525
3840.35622,0.27453
3838.31673,0.27399
3836.27725,0.27350
3834.23776,0.27311
3832.19827,0.27294
3830.15878,0.27302
3828.11929,0.27339
3826.07980,0.27386
3824.04032,0.27400
3822.00083,0.27373
3819.96134,0.27329
3817.92185,0.27302
3815.88236,0.27281
3813.84288,0.27279
3811.80339,0.27347
3809.76390,0.27446
3807.72441,0.27472
3805.68492,0.27417
3803.64543,0.27393
3801.60595,0.27433
3799.56646,0.27477
3797.52697,0.27507
3795.48748,0.27560
3793.44799,0.27646
3791.40851,0.27747
3789.36902,0.27854
3787.32953,0.27957
3785.29004,0.28034
3783.25055,0.28080
3781.21107,0.28111
3779.17158,0.28129
3777.13209,0.28143
3775.09260,0.28194
3773.05311,0.28292
3771.01362,0.28397
3768.97414,0.28497
3766.93465,0.28609
3764.89516,0.28722
3762.85567,0.28827
3760.81618,0.28935
3758.77670,0.29047
3756.73721,0.29174
3754.69772,0.29288
3752.65823,0.29306
3750.61874,0.29262
3748.57925,0.29295
3746.53977,0.29406
3744.50028,0.29588
3742.46079,0.29903
3740.42130,0.30268
3738.38181,0.30551
3736.34233,0.30737
3734.30284,0.30898
3732.26335,0.31078
3730.22386,0.31283
3728.18437,0.31509
3726.14488,0.31724
3724.10540,0.31912
3722.06591,0.32115
3720.02642,0.32378
3717.98693,0.32702
3715.94744,0.33064
3713.90796,0.33458
3711.86847,0.33856
3709.82898,0.34206
3707.78949,0.34536
3705.75000,0.34931
3703.71051,0.35440
3701.67103,0.36037
3699.63154,0.36652
3697.59205,0.37244
3695.55256,0.37785
3693.51307,0.38295
3691.47359,0.38902
3689.43410,0.39627
3687.39461,0.40317
3685.35512,0.40998
3683.31563,0.41803
3681.27614,0.42740
3679.23666,0.43767
3677.19717,0.44902
3675.15768,0.46146
3673.11819,0.47422
3671.07870,0.48761
3669.03922,0.50161
3666.99973,0.51477
3664.96024,0.52758
3662.92075,0.54134
3660.88126,0.55582
3658.84177,0.57048
3656.80229,0.58561
3654.76280,0.60123
3652.72331,0.61711
3650.68382,0.63350
3648.64433,0.64985
3646.60485,0.66535
3644.56536,0.68004
3642.52587,0.69508
3640.48638,0.71134
3638.44689,0.72802
3636.40741,0.74391
3634.36792,0.75884
3632.32843,0.77319
3630.28894,0.78794
3628.24945,0.80365
3626.20996,0.81867
3624.17048,0.83213
3622.13099,0.84508
3620.09150,0.85852
3618.05201,0.87272
3616.01252,0.88782
3613.97304,0.90323
3611.93355,0.91822
3609.89406,0.93325
3607.85457,0.94732
3605.81508,0.95892
3603.77559,0.97027
3601.73611,0.98391
3599.69662,0.99875
3597.65713,1.01276
3595.61764,1.02557
3593.57815,1.03733
3591.53867,1.04909
3589.49918,1.06259
3587.45969,1.07657
3585.42020,1.08853
3583.38071,1.09998
3581.34122,1.11192
3579.30174,1.12313
3577.26225,1.13403
3575.22276,1.14567
3573.18327,1.15753
3571.14378,1.16920
3569.10430,1.18231
3567.06481,1.19814
3565.02532,1.21345
3562.98583,1.22401
3560.94634,1.22939
3558.90685,1.23356
3556.86737,1.24196
3554.82788,1.25439
3552.78839,1.26587
3550.74890,1.27402
3548.70941,1.28144
3546.66993,1.29264
3544.63044,1.30879
3542.59095,1.32459
3540.55146,1.33435
3538.51197,1.33907
3536.47248,1.34294
3534.43300,1.34761
3532.39351,1.35486
3530.35402,1.36622
3528.31453,1.37811
3526.27504,1.38579
3524.23556,1.38885
3522.19607,1.39271
3520.15658,1.40263
3518.11709,1.41497
3516.07760,1.42293
3514.03811,1.42789
3511.99863,1.43348
3509.95914,1.43613
3507.91965,1.43544
3505.88016,1.44030
3503.84067,1.45472
3501.80119,1.46808
3499.76170,1.47227
3497.72221,1.47577
3495.68272,1.48418
3493.64323,1.49080
3491.60375,1.49294
3489.56426,1.49678
3487.52477,1.50535
3485.48528,1.51599
3483.44579,1.52522
3481.40630,1.53127
3479.36682,1.53672
3477.32733,1.54158
3475.28784,1.54271
3473.24835,1.54457
3471.20886,1.54682
3469.16938,1.54310
3467.12989,1.54111
3465.09040,1.54830
3463.05091,1.55747
3461.01142,1.56195
3458.97193,1.56021
3456.93245,1.55388
3454.89296,1.55436
3452.85347,1.56409
3450.81398,1.57099
3448.77449,1.57021
3446.73501,1.56816
3444.69552,1.57244
3442.65603,1.58010
3440.61654,1.58521
3438.57705,1.58740
3436.53756,1.58548
3434.49808,1.58367
3432.45859,1.59281
3430.41910,1.61077
3428.37961,1.61984
3426.34012,1.61843
3424.30064,1.61717
3422.26115,1.61044
3420.22166,1.59840
3418.18217,1.59574
3416.14268,1.60351
3414.10319,1.61002
3412.06371,1.61217
3410.02422,1.61485
3407.98473,1.61700
3405.94524,1.61679
3403.90575,1.61850
3401.86627,1.62368
3399.82678,1.62794
3397.78729,1.62672
3395.74780,1.62058
3393.70831,1.61529
3391.66882,1.61668
3389.62934,1.62436
3387.58985,1.62893
3385.55036,1.62745
3383.51087,1.62632
3381.47138,1.62468
3379.43190,1.62206
3377.39241,1.62493
3375.35292,1.63216
3373.31343,1.63374
3371.27394,1.62596
3369.23446,1.61692
3367.19497,1.61367
3365.15548,1.61066
3363.11599,1.60558
3361.07650,1.60585
3359.03701,1.61146
3356.99753,1.61857
3354.95804,1.62472
3352.91855,1.62724
3350.87906,1.62354
3348.83957,1.61824
3346.80009,1.61998
3344.76060,1.62559
3342.72111,1.62556
3340.68162,1.61936
3338.64213,1.61543
3336.60264,1.61895
3334.56316,1.63065
3332.52367,1.64536
3330.48418,1.64866
3328.44469,1.63668
3326.40520,1.62296
3324.36572,1.61563
3322.32623,1.61241
3320.28674,1.61212
3318.24725,1.61734
3316.20776,1.62203
3314.16827,1.61673
3312.12879,1.60668
3310.08930,1.60549
3308.04981,1.61353
3306.01032,1.61925
3303.97083,1.62175
3301.93135,1.62409
3299.89186,1.61964
3297.85237,1.60815
3295.81288,1.60119
3293.77339,1.60175
3291.73390,1.60065
3289.69442,1.59500
3287.65493,1.59030
3285.61544,1.58827
3283.57595,1.58751
3281.53646,1.58728
3279.49698,1.58568
3277.45749,1.58112
3275.41800,1.57749
3273.37851,1.57867
3271.33902,1.57850
3269.29953,1.57395
3267.26005,1.57091
3265.22056,1.57192
3263.18107,1.57540
3261.14158,1.57549
3259.10209,1.57094
3257.06261,1.56732
3255.02312,1.56356
3252.98363,1.55424
3250.94414,1.54173
3248.90465,1.53667
3246.86516,1.54165
3244.82568,1.54858
3242.78619,1.55187
3240.74670,1.54831
3238.70721,1.53936
3236.66772,1.53425
3234.62824,1.53643
3232.58875,1.54164
3230.54926,1.54262
3228.50977,1.53706
3226.47028,1.53205
3224.43080,1.52976
3222.39131,1.52785
3220.35182,1.52524
3218.31233,1.51954
3216.27284,1.51094
3214.23335,1.50563
3212.19387,1.50874
3210.15438,1.51557
3208.11489,1.51744
3206.07540,1.51361
3204.03591,1.51050
3201.99643,1.50962
3199.95694,1.50717
3197.91745,1.50394
3195.87796,1.50238
3193.83847,1.50016
3191.79898,1.49781
3189.75950,1.49967
3187.72001,1.50139
3185.68052,1.49762
3183.64103,1.49082
3181.60154,1.48487
3179.56206,1.48101
3177.52257,1.47916
3175.48308,1.48087
3173.44359,1.48254
3171.40410,1.47650
3169.36461,1.46594
3167.32513,1.45958
3165.28564,1.45691
3163.24615,1.45346
3161.20666,1.45183
3159.16717,1.45382
3157.12769,1.45427
3155.08820,1.45049
3153.04871,1.44465
3151.00922,1.44054
3148.96973,1.43970
3146.93024,1.43896
3144.89076,1.43669
3142.85127,1.43534
3140.81178,1.43620
3138.77229,1.43566
3136.73280,1.43032
3134.69332,1.42177
3132.65383,1.41480
3130.61434,1.41301
3128.57485,1.41178
3126.53536,1.40645
3124.49587,1.40300
3122.45639,1.40354
3120.41690,1.40181
3118.37741,1.39801
3116.33792,1.39451
3114.29843,1.38950
3112.25895,1.38363
3110.21946,1.37938
3108.17997,1.37814
3106.14048,1.37757
3104.10099,1.37610
3102.06150,1.37569
3100.02202,1.37479
3097.98253,1.37051
3095.94304,1.36447
3093.90355,1.36049
3091.86406,1.36096
3089.82458,1.36449
3087.78509,1.36674
3085.74560,1.36552
3083.70611,1.36176
3081.66662,1.35650
3079.62714,1.35119
3077.58765,1.34802
3075.54816,1.34592
3073.50867,1.34131
3071.46918,1.33495
3069.42969,1.33037
3067.39021,1.32782
3065.35072,1.32679
3063.31123,1.32750
3061.27174,1.32774
3059.23225,1.32626
3057.19277,1.32482
3055.15328,1.32259
3053.11379,1.31819
3051.07430,1.31401
3049.03481,1.31053
3046.99532,1.30624
3044.95584,1.30264
3042.91635,1.30011
3040.87686,1.29850
3038.83737,1.29919
3036.79788,1.29886
3034.75840,1.29334
3032.71891,1.28600
3030.67942,1.28087
3028.63993,1.27810
3026.60044,1.27652
3024.56095,1.27438
3022.52147,1.27177
3020.48198,1.27036
3018.44249,1.26960
3016.40300,1.26748
3014.36351,1.26482
3012.32403,1.26418
3010.28454,1.26561
3008.24505,1.26616
3006.20556,1.26404
3004.16607,1.26172
3002.12658,1.26226
3000.08710,1.26469
2998.04761,1.26638
2996.00812,1.26772
2993.96863,1.27169
2991.92914,1.27754
2989.88966,1.28184
2987.85017,1.28495
2985.81068,1.28809
2983.77119,1.29171
2981.73170,1.29684
2979.69221,1.30307
2977.65273,1.31014
2975.61324,1.31765
2973.57375,1.32532
2971.53426,1.33405
2969.49477,1.34236
2967.45529,1.34744
2965.41580,1.35074
2963.37631,1.35644
2961.33682,1.36347
2959.29733,1.36703
2957.25784,1.36780
2955.21836,1.37001
2953.17887,1.37363
2951.13938,1.37790
2949.09989,1.38283
2947.06040,1.38664
2945.02092,1.38909
2942.98143,1.39349
2940.94194,1.40215
2938.90245,1.41040
2936.86296,1.41327
2934.82348,1.41237
2932.78399,1.41000
2930.74450,1.40772
2928.70501,1.40776
2926.66552,1.40752
2924.62603,1.40277
2922.58655,1.39898
2920.54706,1.39931
2918.50757,1.39586
2916.46808,1.38651
2914.42859,1.37793
2912.38911,1.37260
2910.34962,1.36880
2908.31013,1.36619
2906.27064,1.36261
2904.23115,1.35600
2902.19166,1.34913
2900.15218,1.34434
2898.11269,1.34169
2896.07320,1.34164
2894.03371,1.34333
2891.99422,1.34298
2889.95474,1.33893
2887.91525,1.33341
2885.87576,1.32845
2883.83627,1.32383
2881.79678,1.31853
2879.75729,1.31406
2877.71781,1.31192
2875.67832,1.31080
2873.63883,1.30773
2871.59934,1.30118
2869.55985,1.29362
2867.52037,1.28763
2865.48088,1.28441
2863.44139,1.28183
2861.40190,1.27620
2859.36241,1.26901
2857.32292,1.26379
2855.28344,1.26286
2853.24395,1.26397
2851.20446,1.26017
2849.16497,1.25000
2847.12548,1.23910
2845.08600,1.23067
2843.04651,1.22268
2841.00702,1.21370
2838.96753,1.20570
2836.92804,1.20026
2834.88855,1.19467
2832.84907,1.18739
2830.80958,1.18124
2828.77009,1.17743
2826.73060,1.17458
2824.69111,1.17106
2822.65163,1.16635
2820.61214,1.16063
2818.57265,1.15282
2816.53316,1.14450
2814.49367,1.13939
2812.45418,1.13682
2810.41470,1.13392
2808.37521,1.13052
2806.33572,1.12787
2804.29623,1.12658
2802.25674,1.12563
2800.21726,1.12398
2798.17777,1.12209
2796.13828,1.11897
2794.09879,1.11436
2792.05930,1.11160
2790.01982,1.11139
2787.98033,1.11102
2785.94084,1.10877
2783.90135,1.10528
2781.86186,1.10335
2779.82237,1.10358
2777.78289,1.10283
2775.74340,1.09993
2773.70391,1.09773
2771.66442,1.09763
2769.62493,1.09732
2767.58545,1.09462
2765.54596,1.09063
2763.50647,1.08818
2761.46698,1.08857
2759.42749,1.08974
2757.38800,1.08876
2755.34852,1.08704
2753.30903,1.08629
2751.26954,1.08479
2749.23005,1.08193
2747.19056,1.08020
2745.15108,1.08103
2743.11159,1.08192
2741.07210,1.08152
2739.03261,1.08027
2736.99312,1.07707
2734.95363,1.07293
2732.91415,1.07102
2730.87466,1.07198
2728.83517,1.07259
2726.79568,1.07031
2724.75619,1.06685
2722.71671,1.06377
2720.67722,1.06092
2718.63773,1.05883
2716.59824,1.05691
2714.55875,1.05383
2712.51926,1.05061
2710.47978,1.04843
2708.44029,1.04617
2706.40080,1.04327
2704.36131,1.04059
2702.32182,1.03820
2700.28234,1.03597
2698.24285,1.03462
2696.20336,1.03334
2694.16387,1.03036
2692.12438,1.02642
2690.08489,1.02384
2688.04541,1.02290
2686.00592,1.02126
2683.96643,1.01845
2681.92694,1.01607
2679.88745,1.01380
2677.84797,1.01135
2675.80848,1.00868
2673.76899,1.00489
2671.72950,1.00128
2669.69001,0.99925
2667.65052,0.99748
2665.61104,0.99541
2663.57155,0.99271
2661.53206,0.98822
2659.49257,0.98437
2657.45308,0.98295
2655.41360,0.98178
2653.37411,0.97963
2651.33462,0.97680
2649.29513,0.97373
2647.25564,0.97063
2645.21616,0.96794
2643.17667,0.96568
2641.13718,0.96325
2639.09769,0.96064
2637.05820,0.95804
2635.01871,0.95575
2632.97923,0.95344
2630.93974,0.95064
2628.90025,0.94759
2626.86076,0.94489
2624.82127,0.94294
2622.78179,0.94075
2620.74230,0.93768
2618.70281,0.93432
2616.66332,0.93123
2614.62383,0.92862
2612.58434,0.92669
2610.54486,0.92553
2608.50537,0.92435
2606.46588,0.92223
2604.42639,0.91950
2602.38690,0.91703
2600.34742,0.91499
2598.30793,0.91297
2596.26844,0.91117
2594.22895,0.91018
2592.18946,0.90907
2590.14997,0.90664
2588.11049,0.90395
2586.07100,0.90173
2584.03151,0.89945
2581.99202,0.89768
2579.95253,0.89658
2577.91305,0.89439
2575.87356,0.89079
2573.83407,0.88743
2571.79458,0.88489
2569.75509,0.88294
2567.71560,0.88094
2565.67612,0.87854
2563.63663,0.87657
2561.59714,0.87512
2559.55765,0.87390
2557.51816,0.87289
2555.47868,0.87109
2553.43919,0.86855
2551.39970,0.86623
2549.36021,0.86391
2547.32072,0.86163
2545.28123,0.85957
2543.24175,0.85732
2541.20226,0.85484
2539.16277,0.85266
2537.12328,0.85109
2535.08379,0.84908
2533.04431,0.84647
2531.00482,0.84485
2528.96533,0.84426
2526.92584,0.84288
2524.88635,0.84043
2522.84686,0.83840
2520.80738,0.83690
2518.76789,0.83496
2516.72840,0.83253
2514.68891,0.83001
2512.64942,0.82738
2510.60994,0.82467
2508.57045,0.82237
2506.53096,0.82091
2504.49147,0.81981
2502.45198,0.81797
2500.41250,0.81536
2498.37301,0.81312
2496.33352,0.81163
2494.29403,0.81002
2492.25454,0.80774
2490.21505,0.80532
2488.17557,0.80321
2486.13608,0.80127
2484.09659,0.79908
2482.05710,0.79625
2480.01761,0.79313
2477.97813,0.79057
2475.93864,0.78836
2473.89915,0.78606
2471.85966,0.78379
2469.82017,0.78135
2467.78068,0.77877
2465.74120,0.77641
2463.70171,0.77407
2461.66222,0.77165
2459.62273,0.76938
2457.58324,0.76691
2455.54376,0.76413
2453.50427,0.76169
2451.46478,0.75949
2449.42529,0.75712
2447.38580,0.75488
2445.34631,0.75264
2443.30683,0.75003
2441.26734,0.74730
2439.22785,0.74497
2437.18836,0.74274
2435.14887,0.73989
2433.10939,0.73694
2431.06990,0.73473
2429.03041,0.73295
2426.99092,0.73111
2424.95143,0.72913
2422.91194,0.72666
2420.87246,0.72371
2418.83297,0.72114
2416.79348,0.71906
2414.75399,0.71670
2412.71450,0.71425
2410.67502,0.71211
2408.63553,0.70967
2406.59604,0.70727
2404.55655,0.70566
2402.51706,0.70421
2400.47757,0.70245
2398.43809,0.70070
2396.39860,0.69898
2394.35911,0.69708
2392.31962,0.69507
2390.28013,0.69320
2388.24065,0.69164
2386.20116,0.69061
2384.16167,0.69027
2382.12218,0.69035
2380.08269,0.69027
2378.04320,0.68964
2376.00372,0.68862
2373.96423,0.68766
2371.92474,0.68691
2369.88525,0.68621
2367.84576,0.68581
2365.80628,0.68566
2363.76679,0.68431
2361.72730,0.68128
2359.68781,0.67844
2357.64832,0.67650
2355.60884,0.67414
2353.56935,0.67185
2351.52986,0.67145
2349.49037,0.67210
2347.45088,0.67150
2345.41139,0.66921
2343.37191,0.66599
2341.33242,0.66254
2339.29293,0.66017
2337.25344,0.65931
2335.21395,0.65779
2333.17447,0.65463
2331.13498,0.65152
2329.09549,0.64976
2327.05600,0.64888
2325.01651,0.64752
2322.97702,0.64504
2320.93754,0.64259
2318.89805,0.64106
2316.85856,0.63964
2314.81907,0.63767
2312.77958,0.63555
2310.74010,0.63354
2308.70061,0.63161
2306.66112,0.62993
2304.62163,0.62838
2302.58214,0.62685
2300.54265,0.62552
2298.50317,0.62443
2296.46368,0.62339
2294.42419,0.62227
2292.38470,0.62106
2290.34521,0.61981
2288.30573,0.61868
2286.26624,0.61776
2284.22675,0.61689
2282.18726,0.61586
2280.14777,0.61480
2278.10828,0.61387
2276.06880,0.61282
2274.02931,0.61149
2271.98982,0.61036
2269.95033,0.60995
2267.91084,0.61002
2265.87136,0.61009
2263.83187,0.60979
2261.79238,0.60902
2259.75289,0.60827
2257.71340,0.60778
2255.67391,0.60713
2253.63443,0.60627
2251.59494,0.60556
2249.55545,0.60497
2247.51596,0.60460
2245.47647,0.60428
2243.43699,0.60425
2241.39750,0.60416
2239.35801,0.60385
2237.31852,0.60376
2235.27903,0.60370
2233.23954,0.60328
2231.20006,0.60303
2229.16057,0.60304
2227.12108,0.60285
2225.08159,0.60274
2223.04210,0.60284
2221.00262,0.60263
2218.96313,0.60233
2216.92364,0.60253
2214.88415,0.60283
2212.84466,0.60302
2210.80518,0.60331
2208.76569,0.60338
2206.72620,0.60326
2204.68671,0.60349
2202.64722,0.60404
2200.60773,0.60450
2198.56825,0.60480
2196.52876,0.60497
2194.48927,0.60530
2192.44978,0.60588
2190.41029,0.60635
2188.37081,0.60692
2186.33132,0.60772
2184.29183,0.60823
2182.25234,0.60826
2180.21285,0.60830
2178.17336,0.60874
2176.13388,0.60947
2174.09439,0.61020
2172.05490,0.61074
2170.01541,0.61116
2167.97592,0.61170
2165.93644,0.61238
2163.89695,0.61289
2161.85746,0.61296
2159.81797,0.61286
2157.77848,0.61298
2155.73899,0.61316
2153.69951,0.61324
2151.66002,0.61342
2149.62053,0.61346
2147.58104,0.61298
2145.54155,0.61266
2143.50207,0.61287
2141.46258,0.61298
2139.42309,0.61293
2137.38360,0.61294
2135.34411,0.61286
2133.30462,0.61270
2131.26514,0.61257
2129.22565,0.61227
2127.18616,0.61201
2125.14667,0.61199
2123.10718,0.61195
2121.06770,0.61170
2119.02821,0.61140
2116.98872,0.61119
2114.94923,0.61068
2112.90974,0.60995
2110.87025,0.60972
2108.83077,0.60993
2106.79128,0.61024
2104.75179,0.61036
2102.71230,0.60994
2100.67281,0.60937
2098.63333,0.60922
2096.59384,0.60943
2094.55435,0.60950
2092.51486,0.60908
2090.47537,0.60848
2088.43588,0.60790
2086.39640,0.60729
2084.35691,0.60690
2082.31742,0.60668
2080.27793,0.60653
2078.23844,0.60683
2076.19896,0.60739
2074.15947,0.60773
2072.11998,0.60784
2070.08049,0.60774
2068.04100,0.60757
2066.00152,0.60760
2063.96203,0.60753
2061.92254,0.60718
2059.88305,0.60703
2057.84356,0.60723
2055.80407,0.60743
2053.76459,0.60736
2051.72510,0.60716
2049.68561,0.60695
2047.64612,0.60647
2045.60663,0.60582
2043.56715,0.60529
2041.52766,0.60490
2039.48817,0.60440
2037.44868,0.60367
2035.40919,0.60299
2033.36970,0.60234
2031.33022,0.60163
2029.29073,0.60105
2027.25124,0.60050
2025.21175,0.59975
2023.17226,0.59894
2021.13278,0.59830
2019.09329,0.59776
2017.05380,0.59704
2015.01431,0.59621
2012.97482,0.59580
2010.93533,0.59570
2008.89585,0.59534
2006.85636,0.59449
2004.81687,0.59349
2002.77738,0.59288
2000.73789,0.59281
1998.69841,0.59285
1996.65892,0.59277
1994.61943,0.59280
1992.57994,0.59281
1990.54045,0.59252
1988.50096,0.59228
1986.46148,0.59235
1984.42199,0.59244
1982.38250,0.59235
1980.34301,0.59220
1978.30352,0.59194
1976.26404,0.59140
1974.22455,0.59076
1972.18506,0.59066
1970.14557,0.59142
1968.10608,0.59217
1966.06659,0.59207
1964.02711,0.59154
1961.98762,0.59089
1959.94813,0.59017
1957.90864,0.58987
1955.86915,0.59000
1953.82967,0.59020
1951.79018,0.59038
1949.75069,0.59047
1947.71120,0.59049
1945.67171,0.59077
1943.63222,0.59102
1941.59274,0.59056
1939.55325,0.59006
1937.51376,0.59015
1935.47427,0.58999
1933.43478,0.58933
1931.39530,0.58893
1929.35581,0.58912
1927.31632,0.58978
1925.27683,0.59058
1923.23734,0.59107
1921.19786,0.59149
1919.15837,0.59233
1917.11888,0.59264
1915.07939,0.59217
1913.03990,0.59224
1911.00041,0.59310
1908.96093,0.59391
1906.92144,0.59415
1904.88195,0.59401
1902.84246,0.59396
1900.80297,0.59427
1898.76349,0.59498
1896.72400,0.59583
1894.68451,0.59646
1892.64502,0.59721
1890.60553,0.59837
1888.56604,0.59908
1886.52656,0.59938
1884.48707,0.60006
1882.44758,0.60097
1880.40809,0.60162
1878.36860,0.60196
1876.32912,0.60241
1874.28963,0.60377
1872.25014,0.60651
1870.21065,0.60976
1868.17116,0.61142
1866.13167,0.61103
1864.09219,0.61062
1862.05270,0.61143
1860.01321,0.61321
1857.97372,0.61520
1855.93423,0.61701
1853.89475,0.61891
1851.85526,0.62117
1849.81577,0.62382
1847.77628,0.62713
1845.73679,0.63115
1843.69730,0.63427
1841.65782,0.63534
1839.61833,0.63630
1837.57884,0.63863
1835.53935,0.64188
1833.49986,0.64578
1831.46038,0.65044
1829.42089,0.65484
1827.38140,0.65825
1825.34191,0.66140
1823.30242,0.66455
1821.26293,0.66763
1819.22345,0.67106
1817.18396,0.67508
1815.14447,0.67987
1813.10498,0.68575
1811.06549,0.69241
1809.02601,0.69891
1806.98652,0.70543
1804.94703,0.71339
1802.90754,0.72374
1800.86805,0.73603
1798.82856,0.74923
1796.78908,0.76388
1794.74959,0.78189
1792.71010,0.80363
1790.67061,0.82598
1788.63112,0.84630
1786.59164,0.86629
1784.55215,0.88774
1782.51266,0.90993
1780.47317,0.93148
1778.43368,0.95109
1776.39420,0.96971
1774.35471,0.99026
1772.31522,1.01237
1770.27573,1.03291
1768.23624,1.05289
1766.19675,1.07495
1764.15727,1.10050
1762.11778,1.13261
1760.07829,1.17054
1758.03880,1.21021
1755.99931,1.24973
1753.95983,1.28760
1751.92034,1.32666
1749.88085,1.36900
1747.84136,1.40896
1745.80187,1.44235
1743.76238,1.47032
1741.72290,1.49474
1739.68341,1.51714
1737.64392,1.53775
1735.60443,1.55608
1733.56494,1.56831
1731.52546,1.56877
1729.48597,1.55891
1727.44648,1.54452
1725.40699,1.52872
1723.36750,1.51020
1721.32801,1.49123
1719.28853,1.47211
1717.24904,1.44630
1715.20955,1.41541
1713.17006,1.38885
1711.13057,1.36878
1709.09109,1.35369
1707.05160,1.34218
1705.01211,1.33375
1702.97262,1.33156
1700.93313,1.33958
1698.89364,1.35575
1696.85416,1.37426
1694.81467,1.39521
1692.77518,1.41851
1690.73569,1.44266
1688.69620,1.46766
1686.65672,1.49494
1684.61723,1.52263
1682.57774,1.54001
1680.53825,1.54623
1678.49876,1.55407
1676.45927,1.57100
1674.41979,1.59118
1672.38030,1.60377
1670.34081,1.60837
1668.30132,1.61039
1666.26183,1.61470
1664.22235,1.62140
1662.18286,1.62414
1660.14337,1.62183
1658.10388,1.61926
1656.06439,1.61646
1654.02490,1.61171
1651.98542,1.60825
1649.94593,1.60935
1647.90644,1.61165
1645.86695,1.61274
1643.82746,1.61451
1641.78798,1.61895
1639.74849,1.62376
1637.70900,1.62504
1635.66951,1.61995
1633.63002,1.61243
1631.59054,1.60906
1629.55105,1.60719
1627.51156,1.60366
1625.47207,1.60125
1623.43258,1.60073
1621.39309,1.60066
1619.35361,1.60198
1617.31412,1.60375
1615.27463,1.60356
1613.23514,1.60087
1611.19565,1.59689
1609.15617,1.59503
1607.11668,1.59656
1605.07719,1.59706
1603.03770,1.59373
1600.99821,1.58872
1598.95872,1.58333
1596.91924,1.57753
1594.87975,1.57215
1592.84026,1.56830
1590.80077,1.56484
1588.76128,1.55852
1586.72180,1.54889
1584.68231,1.53899
1582.64282,1.53108
1580.60333,1.52481
1578.56384,1.51835
1576.52435,1.51023
1574.48487,1.50208
1572.44538,1.49510
1570.40589,1.48903
1568.36640,1.48538
1566.32691,1.48312
1564.28743,1.48040
1562.24794,1.47906
1560.20845,1.47885
1558.16896,1.47627
1556.12947,1.47198
1554.08998,1.46891
1552.05050,1.46772
1550.01101,1.46681
1547.97152,1.46544
1545.93203,1.46436
1543.89254,1.46253
1541.85306,1.45739
1539.81357,1.44847
1537.77408,1.44012
1535.73459,1.43453
1533.69510,1.43104
1531.65561,1.42948
1529.61613,1.42839
1527.57664,1.42488
1525.53715,1.41912
1523.49766,1.41339
1521.45817,1.40699
1519.41869,1.40014
1517.37920,1.39484
1515.33971,1.39160
1513.30022,1.38896
1511.26073,1.38411
1509.22124,1.37451
1507.18176,1.36075
1505.14227,1.34954
1503.10278,1.34285
1501.06329,1.33620
1499.02380,1.32983
1496.98432,1.32676
1494.94483,1.32535
1492.90534,1.32330
1490.86585,1.32191
1488.82636,1.32348
1486.78688,1.32906
1484.74739,1.33724
1482.70790,1.34706
1480.66841,1.35968
1478.62892,1.37491
1476.58943,1.39028
1474.54995,1.40588
1472.51046,1.42560
1470.47097,1.44717
1468.43148,1.46369
1466.39199,1.47563
1464.35251,1.48711
1462.31302,1.50016
1460.27353,1.51479
1458.23404,1.52743
1456.19455,1.53252
1454.15506,1.53375
1452.11558,1.53684
1450.07609,1.54123
1448.03660,1.54586
1445.99711,1.55025
1443.95762,1.55273
1441.91814,1.55401
1439.87865,1.55695
1437.83916,1.56165
1435.79967,1.56598
1433.76018,1.56992
1431.72069,1.57428
1429.68121,1.57772
1427.64172,1.58083
1425.60223,1.58560
1423.56274,1.59064
1421.52325,1.59433
1419.48377,1.59604
1417.44428,1.59492
1415.40479,1.59275
1413.36530,1.59225
1411.32581,1.59358
1409.28632,1.59548
1407.24684,1.59546
1405.20735,1.59088
1403.16786,1.58551
1401.12837,1.58317
1399.08888,1.58087
1397.04940,1.57874
1395.00991,1.58057
1392.97042,1.58571
1390.93093,1.59035
1388.89144,1.59137
1386.85195,1.58922
1384.81247,1.59084
1382.77298,1.60000
1380.73349,1.60847
1378.69400,1.60980
1376.65451,1.60901
1374.61503,1.60920
1372.57554,1.60498
1370.53605,1.59441
1368.49656,1.58467
1366.45707,1.58060
1364.41758,1.57708
1362.37810,1.56824
1360.33861,1.55514
1358.29912,1.54292
1356.25963,1.53575
1354.22014,1.53437
1352.18066,1.53750
1350.14117,1.54166
1348.10168,1.54093
1346.06219,1.53481
1344.02270,1.53006
1341.98322,1.52956
1339.94373,1.52830
1337.90424,1.52397
1335.86475,1.52246
1333.82526,1.52537
1331.78577,1.52639
1329.74629,1.52231
1327.70680,1.51625
1325.66731,1.51225
1323.62782,1.51082
1321.58833,1.50949
1319.54885,1.50787
1317.50936,1.50754
1315.46987,1.50728
1313.43038,1.50515
1311.39089,1.50229
1309.35140,1.49978
1307.31192,1.49905
1305.27243,1.49978
1303.23294,1.49825
1301.19345,1.49660
1299.15396,1.49829
1297.11448,1.49914
1295.07499,1.49820
1293.03550,1.49932
1290.99601,1.50370
1288.95652,1.51079
1286.91703,1.51541
1284.87755,1.51344
1282.83806,1.51045
1280.79857,1.51052
1278.75908,1.51172
1276.71959,1.51503
1274.68011,1.52084
1272.64062,1.52487
1270.60113,1.52622
1268.56164,1.52786
1266.52215,1.53205
1264.48266,1.53907
1262.44318,1.54567
1260.40369,1.54830
1258.36420,1.54759
1256.32471,1.54719
1254.28522,1.54794
1252.24574,1.54845
1250.20625,1.55002
1248.16676,1.55138
1246.12727,1.54755
1244.08778,1.54111
1242.04829,1.53841
1240.00881,1.53801
1237.96932,1.53376
1235.92983,1.52343
1233.89034,1.51302
1231.85085,1.50723
1229.81137,1.50172
1227.77188,1.49216
1225.73239,1.48147
1223.69290,1.47307
1221.65341,1.46562
1219.61392,1.45794
1217.57444,1.45256
1215.53495,1.45074
1213.49546,1.44874
1211.45597,1.44435
1209.41648,1.44143
1207.37700,1.44083
1205.33751,1.44019
1203.29802,1.44165
1201.25853,1.44626
1199.21904,1.44951
1197.17956,1.44705
1195.14007,1.44207
1193.10058,1.44329
1191.06109,1.45008
1189.02160,1.45459
1186.98211,1.46065
1184.94263,1.47454
1182.90314,1.49141
1180.86365,1.50658
1178.82416,1.52019
1176.78467,1.53421
1174.74519,1.55210
1172.70570,1.57391
1170.66621,1.59517
1168.62672,1.61177
1166.58723,1.62435
1164.54774,1.63290
1162.50826,1.63595
1160.46877,1.64041
1158.42928,1.64991
1156.38979,1.65507
1154.35030,1.65298
1152.31082,1.65199
1150.27133,1.65308
1148.23184,1.65165
1146.19235,1.65029
1144.15286,1.65220
1142.11337,1.65182
1140.07389,1.64764
1138.03440,1.64322
1135.99491,1.64111
1133.95542,1.64590
1131.91593,1.65399
1129.87645,1.66127
1127.83696,1.67361
1125.79747,1.68532
1123.75798,1.68570
1121.71849,1.68128
1119.67900,1.68070
1117.63952,1.68618
1115.60003,1.69682
1113.56054,1.70272
1111.52105,1.69799
1109.48156,1.69432
1107.44208,1.69727
1105.40259,1.70006
1103.36310,1.69495
1101.32361,1.68084
1099.28412,1.67619
1097.24463,1.68430
1095.20515,1.68630
1093.16566,1.68301
1091.12617,1.68674
1089.08668,1.69883
1087.04719,1.71198
1085.00771,1.72028
1082.96822,1.71899
1080.92873,1.70699
1078.88924,1.69520
1076.84975,1.68480
1074.81027,1.67414
1072.77078,1.67163
1070.73129,1.67085
1068.69180,1.65875
1066.65231,1.64432
1064.61282,1.64398
1062.57334,1.65489
1060.53385,1.65710
1058.49436,1.64658
1056.45487,1.63421
1054.41538,1.62269
1052.37590,1.61778
1050.33641,1.61884
1048.29692,1.61701
1046.25743,1.61374
1044.21794,1.60633
1042.17845,1.59138
1040.13897,1.57546
1038.09948,1.56328
1036.05999,1.55601
1034.02050,1.54970
1031.98101,1.54185
1029.94153,1.53792
1027.90204,1.53508
1025.86255,1.52536
1023.82306,1.51334
1021.78357,1.50468
1019.74408,1.49799
1017.70460,1.49537
1015.66511,1.49380
1013.62562,1.48593
1011.58613,1.47579
1009.54664,1.46940
1007.50716,1.46566
1005.46767,1.45884
1003.42818,1.44703
1001.38869,1.43577
999.34920,1.42861
997.30971,1.42254
995.27023,1.41191
993.23074,1.39984
991.19125,1.39150
989.15176,1.38158
987.11227,1.36648
985.07279,1.34969
983.03330,1.33190
980.99381,1.31149
978.95432,1.29138
976.91483,1.27565
974.87534,1.26269
972.83586,1.25054
970.79637,1.23892
968.75688,1.22687
966.71739,1.21588
964.67790,1.20733
962.63842,1.19932
960.59893,1.19146
958.55944,1.18579
956.51995,1.18334
954.48046,1.18462
952.44097,1.18871
950.40149,1.19278
948.36200,1.19625
946.32251,1.20031
944.28302,1.20470
942.24353,1.20664
940.20405,1.20489
938.16456,1.20446
936.12507,1.20765
934.08558,1.21115
932.04609,1.21320
930.00661,1.21491
927.96712,1.21944
925.92763,1.22473
923.88814,1.22533
921.84865,1.22235
919.80916,1.21875
917.76968,1.21248
915.73019,1.20214
913.69070,1.19241
911.65121,1.18633
909.61172,1.18171
907.57224,1.17580
905.53275,1.16970
903.49326,1.16693
901.45377,1.16819
899.41428,1.17142
897.37479,1.17334
895.33531,1.17196
893.29582,1.16847
891.25633,1.16481
889.21684,1.16453
887.17735,1.16911
885.13787,1.17168
883.09838,1.16945
881.05889,1.16948
879.01940,1.17434
876.97991,1.18061
874.94042,1.18498
872.90094,1.18764
870.86145,1.19076
868.82196,1.19397
866.78247,1.19545
864.74298,1.19532
862.70350,1.19619
860.66401,1.19681
858.62452,1.19385
856.58503,1.19051
854.54554,1.19169
852.50605,1.19513
850.46657,1.19678
848.42708,1.19685
846.38759,1.19850
844.34810,1.20406
842.30861,1.21172
840.26913,1.21852
838.22964,1.22281
836.19015,1.22549
834.15066,1.23034
832.11117,1.23828
830.07168,1.24431
828.03220,1.24455
825.99271,1.24212
823.95322,1.24187
821.91373,1.24548
819.87424,1.25072
817.83476,1.25422
815.79527,1.25751
813.75578,1.26252
811.71629,1.26551
809.67680,1.26585
807.63731,1.26726
805.59783,1.27056
803.55834,1.27379
801.51885,1.27471
799.47936,1.27429
797.43987,1.27411
795.40039,1.27518
793.36090,1.28099
791.32141,1.29063
789.28192,1.29895
787.24243,1.30544
785.20295,1.31007
783.16346,1.31225
781.12397,1.31452
779.08448,1.31936
777.04499,1.32829
775.00550,1.33926
772.96602,1.34679
770.92653,1.35134
768.88704,1.35493
766.84755,1.35443
764.80806,1.35139
762.76858,1.34828
760.72909,1.34291
758.68960,1.33840
756.65011,1.34131
754.61062,1.34584
752.57113,1.34129
750.53165,1.33563
748.49216,1.33831
746.45267,1.34274
744.41318,1.34275
742.37369,1.34056
740.33421,1.34208
738.29472,1.34988
736.25523,1.35813
734.21574,1.36291
732.17625,1.36926
730.13676,1.37999
728.09728,1.39031
726.05779,1.39501
724.01830,1.39698
721.97881,1.40474
719.93932,1.41958
717.89984,1.43281
715.86035,1.43950
713.82086,1.44339
711.78137,1.44406
709.74188,1.43876
707.70239,1.43155
705.66291,1.42972
703.62342,1.43278
701.58393,1.43090
699.54444,1.42130
697.50495,1.41619
695.46547,1.42581
693.42598,1.43971
691.38649,1.44183
689.34700,1.43531
687.30751,1.43216
685.26802,1.43689
683.22854,1.44695
681.18905,1.45535
679.14956,1.45692
677.11007,1.45485
675.07058,1.45402
673.03110,1.45122
670.99161,1.44462
668.95212,1.44207
666.91263,1.44915
664.87314,1.45820
662.83365,1.45962
660.79417,1.45236
658.75468,1.44221
656.71519,1.43683
654.67570,1.44375
652.63621,1.46181
650.59673,1.47660
648.55724,1.47871
646.51775,1.48267
644.47826,1.50016
642.43877,1.51507
640.39929,1.51272
638.35980,1.50295
636.32031,1.49408
634.28082,1.48791
632.24133,1.48682
630.20184,1.48649
628.16236,1.48351
626.12287,1.47124
624.08338,1.44112
622.04389,1.43367
620.00440,1.46587
617.96492,1.48507
615.92543,1.46033
613.88594,1.43478
611.84645,1.43195
609.80696,1.43790
607.76747,1.43454
605.72799,1.42379
603.68850,1.42377
601.64901,1.44245
599.60952,1.45904
597.57003,1.44304
595.53055,1.40099
593.49106,1.37364
591.45157,1.38334
589.41208,1.40149
587.37259,1.40349
585.33310,1.40241
583.29362,1.41724
581.25413,1.46325
579.21464,1.51781
577.17515,1.51585
575.13566,1.44461
573.09618,1.38475
571.05669,1.39597
569.01720,1.44670
566.97771,1.45051
564.93822,1.43466
562.89873,1.44404
560.85925,1.43477
558.81976,1.39449
556.78027,1.36737
554.74078,1.36519
552.70129,1.36291
550.66181,1.36152
548.62232,1.39660
546.58283,1.45013
544.54334,1.47098
542.50385,1.48186
540.46436,1.50156
538.42488,1.53434
536.38539,1.56326
534.34590,1.53697
532.30641,1.47254
530.26692,1.40714
528.22744,1.36924
526.18795,1.36456
524.14846,1.35972
522.10897,1.34945
520.06948,1.32888
518.02999,1.30102
515.99051,1.27531
513.95102,1.32418
511.91153,1.43096
509.87204,1.36569
507.83255,1.22069
505.79307,1.14585
503.75358,1.08801
501.71409,1.05150
499.67460,1.08815
