3997.39681,0.38422
3995.35732,0.38340
3993.31783,0.38229
3991.27835,0.38133
3989.23886,0.38082
3987.19937,0.38032
3985.15988,0.37942
3983.12039,0.37859
3981.08091,0.37816
3979.04142,0.37772
3977.00193,0.37695
3974.96244,0.37580
3972.92295,0.37440
3970.88346,0.37279
3968.84398,0.37108
3966.80449,0.36982
3964.76500,0.36915
3962.72551,0.36865
3960.68602,0.36807
3958.64654,0.36737
3956.60705,0.36628
3954.56756,0.36471
3952.52807,0.36313
3950.48858,0.36183
3948.44909,0.36062
3946.40961,0.35949
3944.37012,0.35826
3942.33063,0.35662
3940.29114,0.35478
3938.25165,0.35323
3936.21217,0.35227
3934.17268,0.35131
3932.13319,0.34981
3930.09370,0.34843
3928.05421,0.34746
3926.01473,0.34612
3923.97524,0.34431
3921.93575,0.34259
3919.89626,0.34124
3917.85677,0.33990
3915.81728,0.33802
3913.77780,0.33590
3911.73831,0.33419
3909.69882,0.33304
3907.65933,0.33175
3905.61984,0.32970
3903.58036,0.32767
3901.54087,0.32642
3899.50138,0.32524
3897.46189,0.32412
3895.42240,0.32338
3893.38291,0.32247
3891.34343,0.32149
3889.30394,0.32110
3887.26445,0.32038
3885.22496,0.31928
3883.18547,0.31850
3881.14599,0.31707
3879.10650,0.31549
3877.06701,0.31468
3875.02752,0.31406
3872.98803,0.31343
3870.94854,0.31252
3868.90906,0.31196
3866.86957,0.31187
3864.83008,0.31131
3862.79059,0.31069
3860.75110,0.31028
3858.71162,0.30998
3856.67213,0.30900
3854.63264,0.30680
3852.59315,0.30621
3850.55366,0.30835
3848.51417,0.30967
3846.47469,0.30907
3844.43520,0.30814
3842.39571,0.30789
3840.35622,0.30758
3838.31673,0.30712
3836.27725,0.30752
3834.23776,0.30819
3832.19827,0.30815
3830.15878,0.30796
3828.11929,0.30800
3826.07980,0.30831
3824.04032,0.30840
3822.00083,0.30761
3819.96134,0.30760
3817.92185,0.30818
3815.88236,0.30810
3813.84288,0.30853
3811.80339,0.30906
3809.76390,0.30872
3807.72441,0.30823
3805.68492,0.30921
3803.64543,0.31071
3801.60595,0.31108
3799.56646,0.31131
3797.52697,0.31156
3795.48748,0.31207
3793.44799,0.31303
3791.40851,0.31373
3789.36902,0.31433
3787.32953,0.31515
3785.29004,0.31593
3783.25055,0.31655
3781.21107,0.31695
3779.17158,0.31752
3777.13209,0.31872
3775.09260,0.31998
3773.05311,0.32086
3771.01362,0.32135
3768.97414,0.32204
3766.93465,0.32310
3764.89516,0.32421
3762.85567,0.32548
3760.81618,0.32676
3758.77670,0.32831
3756.73721,0.32994
3754.69772,0.33036
3752.65823,0.32930
3750.61874,0.32912
3748.57925,0.33177
3746.53977,0.33431
3744.50028,0.33558
3742.46079,0.33837
3740.42130,0.34153
3738.38181,0.34300
3736.34233,0.34381
3734.30284,0.34591
3732.26335,0.34935
3730.22386,0.35281
3728.18437,0.35524
3726.14488,0.35721
3724.10540,0.35975
3722.06591,0.36256
3720.02642,0.36530
3717.98693,0.36806
3715.94744,0.37093
3713.90796,0.37391
3711.86847,0.37750
3709.82898,0.38212
3707.78949,0.38710
3705.75000,0.39176
3703.71051,0.39621
3701.67103,0.40132
3699.63154,0.40745
3697.59205,0.41343
3695.55256,0.41903
3693.51307,0.42501
3691.47359,0.43143
3689.43410,0.43797
3687.39461,0.44496
3685.35512,0.45248
3683.31563,0.46023
3681.27614,0.46846
3679.23666,0.47776
3677.19717,0.48858
3675.15768,0.50153
3673.11819,0.51523
3671.07870,0.52796
3669.03922,0.54090
3666.99973,0.55388
3664.96024,0.56640
3662.92075,0.57958
3660.88126,0.59356
3658.84177,0.60750
3656.80229,0.62158
3654.76280,0.63662
3652.72331,0.65217
3650.68382,0.66874
3648.64433,0.68687
3646.60485,0.70379
3644.56536,0.71863
3642.52587,0.73365
3640.48638,0.74955
3638.44689,0.76538
3636.40741,0.78098
3634.36792,0.79604
3632.32843,0.81011
3630.28894,0.82465
3628.24945,0.84167
3626.20996,0.85913
3624.17048,0.87466
3622.13099,0.88916
3620.09150,0.90469
3618.05201,0.92154
3616.01252,0.93753
3613.97304,0.95240
3611.93355,0.96805
3609.89406,0.98476
3607.85457,1.00132
3605.81508,1.01721
3603.77559,1.03334
3601.73611,1.04978
3599.69662,1.06506
3597.65713,1.07913
3595.61764,1.09387
3593.57815,1.11056
3591.53867,1.12829
3589.49918,1.14562
3587.45969,1.16117
3585.42020,1.17498
3583.38071,1.18919
3581.34122,1.20433
3579.30174,1.22015
3577.26225,1.23614
3575.22276,1.25141
3573.18327,1.26699
3571.14378,1.28440
3569.10430,1.30262
3567.06481,1.31910
3565.02532,1.33233
3562.98583,1.34327
3560.94634,1.35473
3558.90685,1.36841
3556.86737,1.38282
3554.82788,1.39697
3552.78839,1.41217
3550.74890,1.42618
3548.70941,1.43674
3546.66993,1.44726
3544.63044,1.46054
3542.59095,1.47376
3540.55146,1.48358
3538.51197,1.49121
3536.47248,1.50112
3534.43300,1.51649
3532.39351,1.53389
3530.35402,1.54494
3528.31453,1.54777
3526.27504,1.55149
3524.23556,1.55925
3522.19607,1.56700
3520.15658,1.57738
3518.11709,1.59124
3516.07760,1.60129
3514.03811,1.60484
3511.99863,1.60659
3509.95914,1.61333
3507.91965,1.62766
3505.88016,1.64184
3503.84067,1.64654
3501.80119,1.64505
3499.76170,1.65090
3497.72221,1.66330
3495.68272,1.66939
3493.64323,1.66651
3491.60375,1.66758
3489.56426,1.68173
3487.52477,1.69656
3485.48528,1.69768
3483.44579,1.69278
3481.40630,1.69621
3479.36682,1.70860
3477.32733,1.72312
3475.28784,1.72960
3473.24835,1.72360
3471.20886,1.72013
3469.16938,1.72729
3467.12989,1.73247
3465.09040,1.72788
3463.05091,1.72178
3461.01142,1.72506
3458.97193,1.73860
3456.93245,1.74971
3454.89296,1.75400
3452.85347,1.75511
3450.81398,1.75286
3448.77449,1.75565
3446.73501,1.76419
3444.69552,1.76764
3442.65603,1.76573
3440.61654,1.76345
3438.57705,1.76171
3436.53756,1.76341
3434.49808,1.77204
3432.45859,1.78322
3430.41910,1.78715
3428.37961,1.78229
3426.34012,1.78201
3424.30064,1.79313
3422.26115,1.80111
3420.22166,1.79379
3418.18217,1.78206
3416.14268,1.77770
3414.10319,1.77451
3412.06371,1.77015
3410.02422,1.77227
3407.98473,1.77518
3405.94524,1.77181
3403.90575,1.77171
3401.86627,1.77667
3399.82678,1.77525
3397.78729,1.76833
3395.74780,1.76921
3393.70831,1.77790
3391.66882,1.78361
3389.62934,1.78711
3387.58985,1.79180
3385.55036,1.79019
3383.51087,1.77828
3381.47138,1.77067
3379.43190,1.77593
3377.39241,1.78404
3375.35292,1.78619
3373.31343,1.78372
3371.27394,1.78330
3369.23446,1.78609
3367.19497,1.78881
3365.15548,1.79400
3363.11599,1.79848
3361.07650,1.79512
3359.03701,1.79103
3356.99753,1.78786
3354.95804,1.78177
3352.91855,1.77926
3350.87906,1.78184
3348.83957,1.78482
3346.80009,1.78533
3344.76060,1.78457
3342.72111,1.78749
3340.68162,1.79075
3338.64213,1.78947
3336.60264,1.78536
3334.56316,1.78103
3332.52367,1.77980
3330.48418,1.77576
3328.44469,1.76310
3326.40520,1.75568
3324.36572,1.76082
3322.32623,1.76691
3320.28674,1.76547
3318.24725,1.75908
3316.20776,1.75457
3314.16827,1.75832
3312.12879,1.76799
3310.08930,1.76936
3308.04981,1.76058
3306.01032,1.74959
3303.97083,1.73706
3301.93135,1.72758
3299.89186,1.72421
3297.85237,1.72371
3295.81288,1.72509
3293.77339,1.72789
3291.73390,1.73175
3289.69442,1.73803
3287.65493,1.74667
3285.61544,1.75187
3283.57595,1.74647
3281.53646,1.73702
3279.49698,1.73340
3277.45749,1.72995
3275.41800,1.72129
3273.37851,1.71446
3271.33902,1.71331
3269.29953,1.71243
3267.26005,1.70751
3265.22056,1.69887
3263.18107,1.69036
3261.14158,1.68636
3259.10209,1.68333
3257.06261,1.67797
3255.02312,1.67717
3252.98363,1.68095
3250.94414,1.68206
3248.90465,1.67929
3246.86516,1.67440
3244.82568,1.67162
3242.78619,1.67204
3240.74670,1.67112
3238.70721,1.66405
3236.66772,1.64778
3234.62824,1.63409
3232.58875,1.63585
3230.54926,1.64139
3228.50977,1.63734
3226.47028,1.63207
3224.43080,1.63517
3222.39131,1.64248
3220.35182,1.64525
3218.31233,1.64075
3216.27284,1.63379
3214.23335,1.62813
3212.19387,1.62293
3210.15438,1.61657
3208.11489,1.61185
3206.07540,1.61390
3204.03591,1.61865
3201.99643,1.61968
3199.95694,1.61916
3197.91745,1.61706
3195.87796,1.61025
3193.83847,1.60288
3191.79898,1.59907
3189.75950,1.59303
3187.72001,1.58221
3185.68052,1.57177
3183.64103,1.56335
3181.60154,1.55780
3179.56206,1.55905
3177.52257,1.56556
3175.48308,1.56605
3173.44359,1.55637
3171.40410,1.54810
3169.36461,1.54741
3167.32513,1.54495
3165.28564,1.53605
3163.24615,1.52870
3161.20666,1.52670
3159.16717,1.52666
3157.12769,1.52453
3155.08820,1.51776
3153.04871,1.50887
3151.00922,1.50185
3148.96973,1.49596
3146.93024,1.49147
3144.89076,1.49123
3142.85127,1.49379
3140.81178,1.49434
3138.77229,1.49111
3136.73280,1.48576
3134.69332,1.48097
3132.65383,1.47809
3130.61434,1.47509
3128.57485,1.47047
3126.53536,1.46539
3124.49587,1.45967
3122.45639,1.45263
3120.41690,1.44576
3118.37741,1.44136
3116.33792,1.43893
3114.29843,1.43437
3112.25895,1.42711
3110.21946,1.42030
3108.17997,1.41559
3106.14048,1.41426
3104.10099,1.41450
3102.06150,1.41121
3100.02202,1.40361
3097.98253,1.39608
3095.94304,1.39228
3093.90355,1.39214
3091.86406,1.39217
3089.82458,1.38932
3087.78509,1.38423
3085.74560,1.37797
3083.70611,1.37192
3081.66662,1.36755
3079.62714,1.36288
3077.58765,1.35782
3075.54816,1.35491
3073.50867,1.35313
3071.46918,1.35148
3069.42969,1.35019
3067.39021,1.34588
3065.35072,1.33723
3063.31123,1.32898
3061.27174,1.32358
3059.23225,1.31881
3057.19277,1.31397
3055.15328,1.31123
3053.11379,1.30984
3051.07430,1.30644
3049.03481,1.30113
3046.99532,1.29482
3044.95584,1.28763
3042.91635,1.28197
3040.87686,1.27932
3038.83737,1.27765
3036.79788,1.27515
3034.75840,1.27215
3032.71891,1.26846
3030.67942,1.26460
3028.63993,1.26173
3026.60044,1.25910
3024.56095,1.25644
3022.52147,1.25320
3020.48198,1.24962
3018.44249,1.24808
3016.40300,1.24831
3014.36351,1.24755
3012.32403,1.24578
3010.28454,1.24383
3008.24505,1.24100
3006.20556,1.23891
3004.16607,1.23975
3002.12658,1.24221
3000.08710,1.24426
2998.04761,1.24654
2996.00812,1.24959
2993.96863,1.25340
2991.92914,1.25739
2989.88966,1.26099
2987.85017,1.26601
2985.81068,1.27314
2983.77119,1.28184
2981.73170,1.29125
2979.69221,1.29937
2977.65273,1.30706
2975.61324,1.31713
2973.57375,1.32895
2971.53426,1.33839
2969.49477,1.34554
2967.45529,1.35341
2965.41580,1.36126
2963.37631,1.36953
2961.33682,1.37878
2959.29733,1.38687
2957.25784,1.39410
2955.21836,1.40117
2953.17887,1.40842
2951.13938,1.41922
2949.09989,1.43260
2947.06040,1.44141
2945.02092,1.44715
2942.98143,1.45745
2940.94194,1.46914
2938.90245,1.47444
2936.86296,1.47463
2934.82348,1.47561
2932.78399,1.48041
2930.74450,1.48475
2928.70501,1.48220
2926.66552,1.47409
2924.62603,1.46665
2922.58655,1.46313
2920.54706,1.46116
2918.50757,1.45745
2916.46808,1.45098
2914.42859,1.44338
2912.38911,1.43456
2910.34962,1.42395
2908.31013,1.41670
2906.27064,1.41509
2904.23115,1.41572
2902.19166,1.41567
2900.15218,1.41350
2898.11269,1.41027
2896.07320,1.40879
2894.03371,1.40831
2891.99422,1.40445
2889.95474,1.39681
2887.91525,1.38994
2885.87576,1.38614
2883.83627,1.38409
2881.79678,1.38026
2879.75729,1.37263
2877.71781,1.36447
2875.67832,1.35696
2873.63883,1.34949
2871.59934,1.34339
2869.55985,1.33625
2867.52037,1.32752
2865.48088,1.32098
2863.44139,1.31438
2861.40190,1.30431
2859.36241,1.29558
2857.32292,1.29295
2855.28344,1.29327
2853.24395,1.28971
2851.20446,1.28046
2849.16497,1.26860
2847.12548,1.25691
2845.08600,1.24684
2843.04651,1.23905
2841.00702,1.23339
2838.96753,1.22726
2836.92804,1.22002
2834.88855,1.21450
2832.84907,1.20917
2830.80958,1.20053
2828.77009,1.19117
2826.73060,1.18434
2824.69111,1.17934
2822.65163,1.17568
2820.61214,1.17200
2818.57265,1.16728
2816.53316,1.16271
2814.49367,1.15745
2812.45418,1.15092
2810.41470,1.14625
2808.37521,1.14385
2806.33572,1.14025
2804.29623,1.13467
2802.25674,1.12900
2800.21726,1.12496
2798.17777,1.12301
2796.13828,1.12165
2794.09879,1.11979
2792.05930,1.11735
2790.01982,1.11423
2787.98033,1.11114
2785.94084,1.10884
2783.90135,1.10689
2781.86186,1.10440
2779.82237,1.10165
2777.78289,1.09916
2775.74340,1.09733
2773.70391,1.09618
2771.66442,1.09398
2769.62493,1.09100
2767.58545,1.08908
2765.54596,1.08719
2763.50647,1.08429
2761.46698,1.08245
2759.42749,1.08186
2757.38800,1.07920
2755.34852,1.07537
2753.30903,1.07415
2751.26954,1.07503
2749.23005,1.07552
2747.19056,1.07431
2745.15108,1.07181
2743.11159,1.06964
2741.07210,1.06729
2739.03261,1.06436
2736.99312,1.06231
2734.95363,1.06048
2732.91415,1.05822
2730.87466,1.05705
2728.83517,1.05682
2726.79568,1.05576
2724.75619,1.05318
2722.71671,1.04951
2720.67722,1.04692
2718.63773,1.04730
2716.59824,1.04769
2714.55875,1.04494
2712.51926,1.04110
2710.47978,1.03820
2708.44029,1.03571
2706.40080,1.03355
2704.36131,1.03197
2702.32182,1.02959
2700.28234,1.02493
2698.24285,1.02080
2696.20336,1.01939
2694.16387,1.01796
2692.12438,1.01528
2690.08489,1.01298
2688.04541,1.01064
2686.00592,1.00683
2683.96643,1.00290
2681.92694,1.00014
2679.88745,0.99795
2677.84797,0.99586
2675.80848,0.99331
2673.76899,0.98959
2671.72950,0.98501
2669.69001,0.98138
2667.65052,0.97938
2665.61104,0.97752
2663.57155,0.97518
2661.53206,0.97279
2659.49257,0.96932
2657.45308,0.96417
2655.41360,0.95935
2653.37411,0.95628
2651.33462,0.95430
2649.29513,0.95183
2647.25564,0.94824
2645.21616,0.94463
2643.17667,0.94130
2641.13718,0.93723
2639.09769,0.93291
2637.05820,0.93001
2635.01871,0.92827
2632.97923,0.92601
2630.93974,0.92224
2628.90025,0.91711
2626.86076,0.91216
2624.82127,0.90856
2622.78179,0.90557
2620.74230,0.90267
2618.70281,0.90032
2616.66332,0.89852
2614.62383,0.89656
2612.58434,0.89372
2610.54486,0.89027
2608.50537,0.88702
2606.46588,0.88420
2604.42639,0.88181
2602.38690,0.87978
2600.34742,0.87771
2598.30793,0.87513
2596.26844,0.87235
2594.22895,0.87032
2592.18946,0.86908
2590.14997,0.86768
2588.11049,0.86536
2586.07100,0.86217
2584.03151,0.85937
2581.99202,0.85780
2579.95253,0.85639
2577.91305,0.85402
2575.87356,0.85104
2573.83407,0.84838
2571.79458,0.84640
2569.75509,0.84491
2567.71560,0.84317
2565.67612,0.84067
2563.63663,0.83809
2561.59714,0.83608
2559.55765,0.83450
2557.51816,0.83273
2555.47868,0.83056
2553.43919,0.82823
2551.39970,0.82593
2549.36021,0.82413
2547.32072,0.82267
2545.28123,0.82104
2543.24175,0.81898
2541.20226,0.81627
2539.16277,0.81350
2537.12328,0.81148
2535.08379,0.80992
2533.04431,0.80804
2531.00482,0.80574
2528.96533,0.80285
2526.92584,0.80005
2524.88635,0.79817
2522.84686,0.79648
2520.80738,0.79450
2518.76789,0.79269
2516.72840,0.79090
2514.68891,0.78884
2512.64942,0.78693
2510.60994,0.78549
2508.57045,0.78398
2506.53096,0.78191
2504.49147,0.77969
2502.45198,0.77765
2500.41250,0.77545
2498.37301,0.77266
2496.33352,0.76967
2494.29403,0.76698
2492.25454,0.76463
2490.21505,0.76253
2488.17557,0.76072
2486.13608,0.75892
2484.09659,0.75640
2482.05710,0.75331
2480.01761,0.75046
2477.97813,0.74811
2475.93864,0.74580
2473.89915,0.74338
2471.85966,0.74104
2469.82017,0.73845
2467.78068,0.73580
2465.74120,0.73327
2463.70171,0.73056
2461.66222,0.72797
2459.62273,0.72558
2457.58324,0.72310
2455.54376,0.72022
2453.50427,0.71682
2451.46478,0.71347
2449.42529,0.71066
2447.38580,0.70808
2445.34631,0.70497
2443.30683,0.70136
2441.26734,0.69836
2439.22785,0.69614
2437.18836,0.69372
2435.14887,0.69102
2433.10939,0.68858
2431.06990,0.68595
2429.03041,0.68290
2426.99092,0.68009
2424.95143,0.67741
2422.91194,0.67459
2420.87246,0.67154
2418.83297,0.66853
2416.79348,0.66615
2414.75399,0.66400
2412.71450,0.66154
2410.67502,0.65932
2408.63553,0.65751
2406.59604,0.65572
2404.55655,0.65394
2402.51706,0.65195
2400.47757,0.64953
2398.43809,0.64719
2396.39860,0.64531
2394.35911,0.64358
2392.31962,0.64190
2390.28013,0.64046
2388.24065,0.63921
2386.20116,0.63785
2384.16167,0.63655
2382.12218,0.63594
2380.08269,0.63602
2378.04320,0.63595
2376.00372,0.63525
2373.96423,0.63402
2371.92474,0.63264
2369.88525,0.63182
2367.84576,0.63198
2365.80628,0.63219
2363.76679,0.63168
2361.72730,0.63109
2359.68781,0.62976
2357.64832,0.62605
2355.60884,0.62198
2353.56935,0.62059
2351.52986,0.62144
2349.49037,0.62173
2347.45088,0.61984
2345.41139,0.61723
2343.37191,0.61562
2341.33242,0.61422
2339.29293,0.61239
2337.25344,0.61095
2335.21395,0.60969
2333.17447,0.60777
2331.13498,0.60511
2329.09549,0.60241
2327.05600,0.60029
2325.01651,0.59845
2322.97702,0.59651
2320.93754,0.59469
2318.89805,0.59303
2316.85856,0.59138
2314.81907,0.58979
2312.77958,0.58819
2310.74010,0.58643
2308.70061,0.58452
2306.66112,0.58267
2304.62163,0.58114
2302.58214,0.58010
2300.54265,0.57935
2298.50317,0.57852
2296.46368,0.57747
2294.42419,0.57637
2292.38470,0.57543
2290.34521,0.57454
2288.30573,0.57337
2286.26624,0.57216
2284.22675,0.57133
2282.18726,0.57070
2280.14777,0.56994
2278.10828,0.56930
2276.06880,0.56915
2274.02931,0.56932
2271.98982,0.56953
2269.95033,0.56971
2267.91084,0.56964
2265.87136,0.56931
2263.83187,0.56902
2261.79238,0.56883
2259.75289,0.56866
2257.71340,0.56837
2255.67391,0.56803
2253.63443,0.56778
2251.59494,0.56741
2249.55545,0.56718
2247.51596,0.56750
2245.47647,0.56780
2243.43699,0.56778
2241.39750,0.56775
2239.35801,0.56767
2237.31852,0.56737
2235.27903,0.56715
2233.23954,0.56720
2231.20006,0.56731
2229.16057,0.56761
2227.12108,0.56820
2225.08159,0.56857
2223.04210,0.56838
2221.00262,0.56808
2218.96313,0.56819
2216.92364,0.56892
2214.88415,0.57002
2212.84466,0.57064
2210.80518,0.57078
2208.76569,0.57115
2206.72620,0.57189
2204.68671,0.57256
2202.64722,0.57291
2200.60773,0.57337
2198.56825,0.57435
2196.52876,0.57545
2194.48927,0.57628
2192.44978,0.57725
2190.41029,0.57811
2188.37081,0.57832
2186.33132,0.57856
2184.29183,0.57935
2182.25234,0.58018
2180.21285,0.58070
2178.17336,0.58123
2176.13388,0.58206
2174.09439,0.58321
2172.05490,0.58429
2170.01541,0.58480
2167.97592,0.58511
2165.93644,0.58593
2163.89695,0.58707
2161.85746,0.58797
2159.81797,0.58841
2157.77848,0.58853
2155.73899,0.58884
2153.69951,0.58938
2151.66002,0.58964
2149.62053,0.58950
2147.58104,0.58933
2145.54155,0.58939
2143.50207,0.58946
2141.46258,0.58932
2139.42309,0.58914
2137.38360,0.58914
2135.34411,0.58924
2133.30462,0.58915
2131.26514,0.58884
2129.22565,0.58867
2127.18616,0.58868
2125.14667,0.58861
2123.10718,0.58821
2121.06770,0.58748
2119.02821,0.58667
2116.98872,0.58609
2114.94923,0.58583
2112.90974,0.58547
2110.87025,0.58486
2108.83077,0.58432
2106.79128,0.58377
2104.75179,0.58326
2102.71230,0.58271
2100.67281,0.58165
2098.63333,0.58066
2096.59384,0.58035
2094.55435,0.57997
2092.51486,0.57926
2090.47537,0.57853
2088.43588,0.57787
2086.39640,0.57727
2084.35691,0.57660
2082.31742,0.57562
2080.27793,0.57475
2078.23844,0.57424
2076.19896,0.57378
2074.15947,0.57339
2072.11998,0.57305
2070.08049,0.57269
2068.04100,0.57255
2066.00152,0.57247
2063.96203,0.57215
2061.92254,0.57174
2059.88305,0.57148
2057.84356,0.57133
2055.80407,0.57113
2053.76459,0.57081
2051.72510,0.57044
2049.68561,0.57002
2047.64612,0.56952
2045.60663,0.56888
2043.56715,0.56808
2041.52766,0.56728
2039.48817,0.56657
2037.44868,0.56560
2035.40919,0.56405
2033.36970,0.56245
2031.33022,0.56126
2029.29073,0.56004
2027.25124,0.55823
2025.21175,0.55607
2023.17226,0.55454
2021.13278,0.55379
2019.09329,0.55291
2017.05380,0.55155
2015.01431,0.55003
2012.97482,0.54853
2010.93533,0.54718
2008.89585,0.54601
2006.85636,0.54502
2004.81687,0.54431
2002.77738,0.54365
2000.73789,0.54275
1998.69841,0.54186
1996.65892,0.54130
1994.61943,0.54113
1992.57994,0.54121
1990.54045,0.54157
1988.50096,0.54202
1986.46148,0.54220
1984.42199,0.54194
1982.38250,0.54132
1980.34301,0.54081
1978.30352,0.54072
1976.26404,0.54087
1974.22455,0.54098
1972.18506,0.54107
1970.14557,0.54141
1968.10608,0.54176
1966.06659,0.54158
1964.02711,0.54118
1961.98762,0.54110
1959.94813,0.54103
1957.90864,0.54076
1955.86915,0.54067
1953.82967,0.54087
1951.79018,0.54095
1949.75069,0.54055
1947.71120,0.54024
1945.67171,0.54067
1943.63222,0.54102
1941.59274,0.54051
1939.55325,0.53993
1937.51376,0.53980
1935.47427,0.53983
1933.43478,0.53982
1931.39530,0.53975
1929.35581,0.53948
1927.31632,0.53941
1925.27683,0.53995
1923.23734,0.54071
1921.19786,0.54128
1919.15837,0.54146
1917.11888,0.54138
1915.07939,0.54141
1913.03990,0.54174
1911.00041,0.54213
1908.96093,0.54215
1906.92144,0.54211
1904.88195,0.54228
1902.84246,0.54233
1900.80297,0.54218
1898.76349,0.54235
1896.72400,0.54291
1894.68451,0.54344
1892.64502,0.54410
1890.60553,0.54491
1888.56604,0.54542
1886.52656,0.54557
1884.48707,0.54561
1882.44758,0.54584
1880.40809,0.54642
1878.36860,0.54727
1876.32912,0.54813
1874.28963,0.54942
1872.25014,0.55159
1870.21065,0.55371
1868.17116,0.55442
1866.13167,0.55380
1864.09219,0.55317
1862.05270,0.55343
1860.01321,0.55437
1857.97372,0.55534
1855.93423,0.55610
1853.89475,0.55688
1851.85526,0.55809
1849.81577,0.56013
1847.77628,0.56285
1845.73679,0.56528
1843.69730,0.56654
1841.65782,0.56699
1839.61833,0.56738
1837.57884,0.56824
1835.53935,0.56987
1833.49986,0.57240
1831.46038,0.57540
1829.42089,0.57805
1827.38140,0.57991
1825.34191,0.58106
1823.30242,0.58231
1821.26293,0.58432
1819.22345,0.58696
1817.18396,0.58963
1815.14447,0.59228
1813.10498,0.59541
1811.06549,0.59917
1809.02601,0.60306
1806.98652,0.60699
1804.94703,0.61157
1802.90754,0.61704
1800.86805,0.62303
1798.82856,0.62938
1796.78908,0.63652
1794.74959,0.64477
1792.71010,0.65378
1790.67061,0.66271
1788.63112,0.67133
1786.59164,0.68068
1784.55215,0.69150
1782.51266,0.70308
1780.47317,0.71490
1778.43368,0.72724
1776.39420,0.74087
1774.35471,0.75708
1772.31522,0.77698
1770.27573,0.79960
1768.23624,0.82362
1766.19675,0.84973
1764.15727,0.87867
1762.11778,0.91210
1760.07829,0.94810
1758.03880,0.98237
1755.99931,1.01482
1753.95983,1.04537
1751.92034,1.07561
1749.88085,1.10657
1747.84136,1.13356
1745.80187,1.15370
1743.76238,1.16922
1741.72290,1.18310
1739.68341,1.19655
1737.64392,1.20708
1735.60443,1.21219
1733.56494,1.21381
1731.52546,1.21425
1729.48597,1.21248
1727.44648,1.20781
1725.40699,1.20084
1723.36750,1.19305
1721.32801,1.18569
1719.28853,1.17657
1717.24904,1.16362
1715.20955,1.14908
1713.17006,1.13501
1711.13057,1.12169
1709.09109,1.11006
1707.05160,1.10094
1705.01211,1.09512
1702.97262,1.09378
1700.93313,1.09826
1698.89364,1.10903
1696.85416,1.12202
1694.81467,1.13586
1692.77518,1.15006
1690.73569,1.16489
1688.69620,1.18233
1686.65672,1.20156
1684.61723,1.22299
1682.57774,1.24532
1680.53825,1.26265
1678.49876,1.27630
1676.45927,1.29157
1674.41979,1.31052
1672.38030,1.32951
1670.34081,1.34643
1668.30132,1.36311
1666.26183,1.37907
1664.22235,1.39454
1662.18286,1.40906
1660.14337,1.41947
1658.10388,1.42712
1656.06439,1.43533
1654.02490,1.44447
1651.98542,1.45457
1649.94593,1.46283
1647.90644,1.46716
1645.86695,1.47004
1643.82746,1.47421
1641.78798,1.47887
1639.74849,1.48274
1637.70900,1.48664
1635.66951,1.49179
1633.63002,1.49613
1631.59054,1.49630
1629.55105,1.49434
1627.51156,1.49487
1625.47207,1.49811
1623.43258,1.50056
1621.39309,1.50252
1619.35361,1.50712
1617.31412,1.51175
1615.27463,1.51168
1613.23514,1.50876
1611.19565,1.50757
1609.15617,1.50930
1607.11668,1.51113
1605.07719,1.51207
1603.03770,1.51349
1600.99821,1.51377
1598.95872,1.51071
1596.91924,1.50551
1594.87975,1.50038
1592.84026,1.49626
1590.80077,1.49203
1588.76128,1.48682
1586.72180,1.48171
1584.68231,1.47692
1582.64282,1.47133
1580.60333,1.46528
1578.56384,1.45889
1576.52435,1.45103
1574.48487,1.44300
1572.44538,1.43509
1570.40589,1.42645
1568.36640,1.41935
1566.32691,1.41443
1564.28743,1.41012
1562.24794,1.40357
1560.20845,1.38977
1558.16896,1.37326
1556.12947,1.36543
1554.08998,1.36205
1552.05050,1.35726
1550.01101,1.34997
1547.97152,1.34222
1545.93203,1.33500
1543.89254,1.32715
1541.85306,1.31857
1539.81357,1.31167
1537.77408,1.30723
1535.73459,1.29909
1533.69510,1.28609
1531.65561,1.27693
1529.61613,1.27467
1527.57664,1.27202
1525.53715,1.26520
1523.49766,1.25751
1521.45817,1.25242
1519.41869,1.25052
1517.37920,1.24868
1515.33971,1.24534
1513.30022,1.24147
1511.26073,1.23707
1509.22124,1.23086
1507.18176,1.22357
1505.14227,1.22123
1503.10278,1.22431
1501.06329,1.22838
1499.02380,1.23187
1496.98432,1.23546
1494.94483,1.24043
1492.90534,1.24720
1490.86585,1.25730
1488.82636,1.27210
1486.78688,1.28799
1484.74739,1.30237
1482.70790,1.31808
1480.66841,1.33753
1478.62892,1.36038
1476.58943,1.38671
1474.54995,1.41548
1472.51046,1.44467
1470.47097,1.47211
1468.43148,1.49470
1466.39199,1.51371
1464.35251,1.53187
1462.31302,1.54667
1460.27353,1.55657
1458.23404,1.56624
1456.19455,1.57557
1454.15506,1.58014
1452.11558,1.58409
1450.07609,1.58913
1448.03660,1.59198
1445.99711,1.59319
1443.95762,1.59473
1441.91814,1.59609
1439.87865,1.59765
1437.83916,1.60143
1435.79967,1.60902
1433.76018,1.61745
1431.72069,1.62287
1429.68121,1.62738
1427.64172,1.63424
1425.60223,1.64004
1423.56274,1.64044
1421.52325,1.63774
1419.48377,1.63610
1417.44428,1.63646
1415.40479,1.63878
1413.36530,1.64171
1411.32581,1.64311
1409.28632,1.64293
1407.24684,1.63953
1405.20735,1.63353
1403.16786,1.63100
1401.12837,1.63199
1399.08888,1.63126
1397.04940,1.62787
1395.00991,1.62464
1392.97042,1.62265
1390.93093,1.62052
1388.89144,1.62034
1386.85195,1.62389
1384.81247,1.62542
1382.77298,1.62461
1380.73349,1.62963
1378.69400,1.63798
1376.65451,1.63906
1374.61503,1.63240
1372.57554,1.62514
1370.53605,1.62033
1368.49656,1.61673
1366.45707,1.61414
1364.41758,1.61404
1362.37810,1.61465
1360.33861,1.60873
1358.29912,1.59442
1356.25963,1.58075
1354.22014,1.57510
1352.18066,1.57673
1350.14117,1.58134
1348.10168,1.58454
1346.06219,1.58458
1344.02270,1.58287
1341.98322,1.58159
1339.94373,1.58197
1337.90424,1.58127
1335.86475,1.57603
1333.82526,1.56810
1331.78577,1.56320
1329.74629,1.56398
1327.70680,1.56424
1325.66731,1.55988
1323.62782,1.55618
1321.58833,1.55479
1319.54885,1.54966
1317.50936,1.54038
1315.46987,1.53412
1313.43038,1.53186
1311.39089,1.52989
1309.35140,1.52808
1307.31192,1.52641
1305.27243,1.52328
1303.23294,1.51816
1301.19345,1.51265
1299.15396,1.50882
1297.11448,1.50627
1295.07499,1.50401
1293.03550,1.50258
1290.99601,1.50307
1288.95652,1.50676
1286.91703,1.51127
1284.87755,1.51316
1282.83806,1.51623
1280.79857,1.52393
1278.75908,1.53119
1276.71959,1.53368
1274.68011,1.53355
1272.64062,1.53406
1270.60113,1.53609
1268.56164,1.54027
1266.52215,1.54831
1264.48266,1.55837
1262.44318,1.56641
1260.40369,1.57142
1258.36420,1.57272
1256.32471,1.57048
1254.28522,1.56838
1252.24574,1.56855
1250.20625,1.57155
1248.16676,1.57780
1246.12727,1.58152
1244.08778,1.57901
1242.04829,1.57544
1240.00881,1.57310
1237.96932,1.57025
1235.92983,1.56620
1233.89034,1.56004
1231.85085,1.55188
1229.81137,1.54211
1227.77188,1.53219
1225.73239,1.52368
1223.69290,1.51628
1221.65341,1.51047
1219.61392,1.50491
1217.57444,1.49774
1215.53495,1.49096
1213.49546,1.48709
1211.45597,1.48716
1209.41648,1.49176
1207.37700,1.49757
1205.33751,1.49891
1203.29802,1.49536
1201.25853,1.49113
1199.21904,1.48978
1197.17956,1.49058
1195.14007,1.49078
1193.10058,1.49290
1191.06109,1.49927
1189.02160,1.50765
1186.98211,1.51860
1184.94263,1.53581
1182.90314,1.55811
1180.86365,1.58510
1178.82416,1.61740
1176.78467,1.64889
1174.74519,1.67611
1172.70570,1.70740
1170.66621,1.74599
1168.62672,1.77819
1166.58723,1.79370
1164.54774,1.80397
1162.50826,1.82056
1160.46877,1.83229
1158.42928,1.83139
1156.38979,1.83060
1154.35030,1.83546
1152.31082,1.84046
1150.27133,1.83993
1148.23184,1.83488
1146.19235,1.83307
1144.15286,1.83344
1142.11337,1.83300
1140.07389,1.83554
1138.03440,1.83468
1135.99491,1.82700
1133.95542,1.82566
1131.91593,1.82932
1129.87645,1.83014
1127.83696,1.83326
1125.79747,1.84104
1123.75798,1.85360
1121.71849,1.86806
1119.67900,1.87261
1117.63952,1.87196
1115.60003,1.87876
1113.56054,1.88672
1111.52105,1.88785
1109.48156,1.89182
1107.44208,1.89521
1105.40259,1.88354
1103.36310,1.86751
1101.32361,1.85504
1099.28412,1.84532
1097.24463,1.84945
1095.20515,1.86427
1093.16566,1.87072
1091.12617,1.87462
1089.08668,1.88934
1087.04719,1.89526
1085.00771,1.87833
1082.96822,1.86414
1080.92873,1.86344
1078.88924,1.85691
1076.84975,1.83779
1074.81027,1.81179
1072.77078,1.79039
1070.73129,1.78546
1068.69180,1.79360
1066.65231,1.80627
1064.61282,1.81068
1062.57334,1.79460
1060.53385,1.77041
1058.49436,1.75720
1056.45487,1.75386
1054.41538,1.74886
1052.37590,1.73863
1050.33641,1.72541
1048.29692,1.70950
1046.25743,1.69339
1044.21794,1.68609
1042.17845,1.68590
1040.13897,1.68293
1038.09948,1.67510
1036.05999,1.67131
1034.02050,1.67417
1031.98101,1.67062
1029.94153,1.65993
1027.90204,1.65378
1025.86255,1.65128
1023.82306,1.64644
1021.78357,1.63921
1019.74408,1.63191
1017.70460,1.62648
1015.66511,1.62084
1013.62562,1.60966
1011.58613,1.59816
1009.54664,1.59458
1007.50716,1.59257
1005.46767,1.58797
1003.42818,1.58238
1001.38869,1.57438
999.34920,1.56770
997.30971,1.56068
995.27023,1.54616
993.23074,1.52655
991.19125,1.50833
989.15176,1.48944
987.11227,1.46542
985.07279,1.43882
983.03330,1.40966
980.99381,1.37913
978.95432,1.35164
976.91483,1.32579
974.87534,1.30064
972.83586,1.27836
970.79637,1.25900
968.75688,1.24391
966.71739,1.23251
964.67790,1.22083
962.63842,1.21084
960.59893,1.20695
958.55944,1.20630
956.51995,1.20482
954.48046,1.20709
952.44097,1.21658
950.40149,1.22784
948.36200,1.23795
946.32251,1.24940
944.28302,1.26149
942.24353,1.27224
940.20405,1.28234
938.16456,1.28981
936.12507,1.29315
934.08558,1.29719
932.04609,1.30516
930.00661,1.31334
927.96712,1.31703
925.92763,1.31506
923.88814,1.30931
921.84865,1.30269
919.80916,1.29425
917.76968,1.28048
915.73019,1.26390
913.69070,1.24919
911.65121,1.23509
909.61172,1.22160
907.57224,1.21060
905.53275,1.20146
903.49326,1.19555
901.45377,1.19352
899.41428,1.19209
897.37479,1.19081
895.33531,1.19119
893.29582,1.19055
891.25633,1.18802
889.21684,1.18662
887.17735,1.18717
885.13787,1.18776
883.09838,1.18952
881.05889,1.19642
879.01940,1.20633
876.97991,1.21672
874.94042,1.22926
872.90094,1.24128
870.86145,1.25108
868.82196,1.26121
866.78247,1.26797
864.74298,1.26799
862.70350,1.26430
860.66401,1.25930
858.62452,1.25565
856.58503,1.25300
854.54554,1.24795
852.50605,1.24204
850.46657,1.23922
848.42708,1.24135
846.38759,1.24660
844.34810,1.24910
842.30861,1.24800
840.26913,1.24934
838.22964,1.25591
836.19015,1.26353
834.15066,1.26666
832.11117,1.26486
830.07168,1.26064
828.03220,1.25968
825.99271,1.26618
823.95322,1.27391
821.91373,1.27580
819.87424,1.27288
817.83476,1.27052
815.79527,1.27163
813.75578,1.27594
811.71629,1.28073
809.67680,1.28132
807.63731,1.28011
805.59783,1.27998
803.55834,1.27781
801.51885,1.27641
799.47936,1.28049
797.43987,1.28702
795.40039,1.29389
793.36090,1.30466
791.32141,1.31851
789.28192,1.33114
787.24243,1.34369
785.20295,1.35895
783.16346,1.37238
781.12397,1.38012
779.08448,1.38498
777.04499,1.38509
775.00550,1.38335
772.96602,1.38665
770.92653,1.39231
768.88704,1.39781
766.84755,1.40037
764.80806,1.39885
762.76858,1.39877
760.72909,1.40106
758.68960,1.40259
756.65011,1.39817
754.61062,1.39113
752.57113,1.39484
750.53165,1.40567
748.49216,1.40839
746.45267,1.40578
744.41318,1.40975
742.37369,1.41728
740.33421,1.42033
738.29472,1.42282
736.25523,1.42906
734.21574,1.43368
732.17625,1.43335
730.13676,1.43311
728.09728,1.43885
726.05779,1.44949
724.01830,1.46134
721.97881,1.47476
719.93932,1.48576
717.89984,1.48898
715.86035,1.48827
713.82086,1.48853
711.78137,1.49117
709.74188,1.49742
707.70239,1.50674
705.66291,1.51347
703.62342,1.51078
701.58393,1.50403
699.54444,1.50472
697.50495,1.50902
695.46547,1.50590
693.42598,1.49818
691.38649,1.49579
689.34700,1.50136
687.30751,1.50953
685.26802,1.51570
683.22854,1.52242
681.18905,1.53197
679.14956,1.53938
677.11007,1.54431
675.07058,1.55000
673.03110,1.54936
670.99161,1.53429
668.95212,1.51219
666.91263,1.50499
664.87314,1.51560
662.83365,1.52685
660.79417,1.52964
658.75468,1.52095
656.71519,1.51040
654.67570,1.51150
652.63621,1.51640
650.59673,1.51727
648.55724,1.52816
646.51775,1.55446
644.47826,1.57675
642.43877,1.57758
640.39929,1.55874
638.35980,1.53285
636.32031,1.51817
634.28082,1.52572
632.24133,1.55193
630.20184,1.58007
628.16236,1.58591
626.12287,1.56662
624.08338,1.56295
622.04389,1.58212
620.00440,1.59264
617.96492,1.60518
615.92543,1.61118
613.88594,1.60398
611.84645,1.58534
609.80696,1.54141
607.76747,1.52102
605.72799,1.54279
603.68850,1.55076
601.64901,1.54871
599.60952,1.56817
597.57003,1.58758
595.53055,1.58542
593.49106,1.55830
591.45157,1.53722
589.41208,1.54471
587.37259,1.55364
585.33310,1.54105
583.29362,1.55422
581.25413,1.62786
579.21464,1.65972
577.17515,1.58408
575.13566,1.53708
573.09618,1.52887
571.05669,1.50189
569.01720,1.47059
566.97771,1.45598
564.93822,1.47056
562.89873,1.51199
560.85925,1.57321
558.81976,1.59483
556.78027,1.54257
554.74078,1.51592
552.70129,1.52186
550.66181,1.51145
548.62232,1.49340
546.58283,1.49207
544.54334,1.49592
542.50385,1.50797
540.46436,1.52562
538.42488,1.53743
536.38539,1.52713
534.34590,1.51719
532.30641,1.50914
530.26692,1.47830
528.22744,1.43167
526.18795,1.40183
524.14846,1.36533
522.10897,1.31337
520.06948,1.30209
518.02999,1.31018
515.99051,1.31686
513.95102,1.39547
511.91153,1.51087
509.87204,1.53019
507.83255,1.51419
505.79307,1.34715
503.75358,1.31245
501.71409,1.37997
499.67460,1.30572
