3997.39681,0.39414
3995.35732,0.39375
3993.31783,0.39285
3991.27835,0.39210
3989.23886,0.39149
3987.19937,0.39031
3985.15988,0.38908
3983.12039,0.38837
3981.08091,0.38753
3979.04142,0.38607
3977.00193,0.38463
3974.96244,0.38380
3972.92295,0.38316
3970.88346,0.38228
3968.84398,0.38137
3966.80449,0.38063
3964.76500,0.37978
3962.72551,0.37852
3960.68602,0.37705
3958.64654,0.37545
3956.60705,0.37350
3954.56756,0.37168
3952.52807,0.37080
3950.48858,0.37045
3948.44909,0.36977
3946.40961,0.36883
3944.37012,0.36777
3942.33063,0.36610
3940.29114,0.36380
3938.25165,0.36162
3936.21217,0.36041
3934.17268,0.36014
3932.13319,0.35946
3930.09370,0.35748
3928.05421,0.35490
3926.01473,0.35268
3923.97524,0.35102
3921.93575,0.34945
3919.89626,0.34743
3917.85677,0.34495
3915.81728,0.34252
3913.77780,0.34042
3911.73831,0.33840
3909.69882,0.33653
3907.65933,0.33522
3905.61984,0.33427
3903.58036,0.33293
3901.54087,0.33077
3899.50138,0.32810
3897.46189,0.32574
3895.42240,0.32431
3893.38291,0.32365
3891.34343,0.32297
3889.30394,0.32188
3887.26445,0.32074
3885.22496,0.31963
3883.18547,0.31854
3881.14599,0.31731
3879.10650,0.31592
3877.06701,0.31504
3875.02752,0.31486
3872.98803,0.31483
3870.94854,0.31470
3868.90906,0.31431
3866.86957,0.31378
3864.83008,0.31369
3862.79059,0.31382
3860.75110,0.31379
3858.71162,0.31379
3856.67213,0.31367
3854.63264,0.31269
3852.59315,0.31106
3850.55366,0.31008
3848.51417,0.30985
3846.47469,0.30979
3844.43520,0.30968
3842.39571,0.30990
3840.35622,0.31073
3838.31673,0.31141
3836.27725,0.31122
3834.23776,0.31051
3832.19827,0.30989
3830.15878,0.30972
3828.11929,0.31000
3826.07980,0.31065
3824.04032,0.31144
3822.00083,0.31176
3819.96134,0.31116
3817.92185,0.31028
3815.88236,0.31016
3813.84288,0.31083
3811.80339,0.31185
3809.76390,0.31292
3807.72441,0.31380
3805.68492,0.31468
3803.64543,0.31566
3801.60595,0.31635
3799.56646,0.31698
3797.52697,0.31793
3795.48748,0.31864
3793.44799,0.31897
3791.40851,0.31955
3789.36902,0.32066
3787.32953,0.32224
3785.29004,0.32402
3783.25055,0.32551
3781.21107,0.32692
3779.17158,0.32860
3777.13209,0.33031
3775.09260,0.33214
3773.05311,0.33443
3771.01362,0.33685
3768.97414,0.33873
3766.93465,0.34016
3764.89516,0.34169
3762.85567,0.34348
3760.81618,0.34554
3758.77670,0.34799
3756.73721,0.35023
3754.69772,0.35161
3752.65823,0.35278
3750.61874,0.35482
3748.57925,0.35757
3746.53977,0.36055
3744.50028,0.36433
3742.46079,0.36864
3740.42130,0.37210
3738.38181,0.37450
3736.34233,0.37673
3734.30284,0.37944
3732.26335,0.38232
3730.22386,0.38491
3728.18437,0.38769
3726.14488,0.39139
3724.10540,0.39599
3722.06591,0.40101
3720.02642,0.40566
3717.98693,0.40951
3715.94744,0.41333
3713.90796,0.41814
3711.86847,0.42426
3709.82898,0.43121
3707.78949,0.43813
3705.75000,0.44484
3703.71051,0.45204
3701.67103,0.46029
3699.63154,0.46903
3697.59205,0.47776
3695.55256,0.48669
3693.51307,0.49639
3691.47359,0.50792
3689.43410,0.52164
3687.39461,0.53582
3685.35512,0.54907
3683.31563,0.56230
3681.27614,0.57674
3679.23666,0.59292
3677.19717,0.61205
3675.15768,0.63398
3673.11819,0.65500
3671.07870,0.67619
3669.03922,0.70038
3666.99973,0.72368
3664.96024,0.74446
3662.92075,0.76551
3660.88126,0.78845
3658.84177,0.81378
3656.80229,0.84115
3654.76280,0.86669
3652.72331,0.88795
3650.68382,0.91097
3648.64433,0.94118
3646.60485,0.97251
3644.56536,0.99782
3642.52587,1.01983
3640.48638,1.04277
3638.44689,1.06636
3636.40741,1.09006
3634.36792,1.11473
3632.32843,1.14028
3630.28894,1.16585
3628.24945,1.18970
3626.20996,1.21097
3624.17048,1.23338
3622.13099,1.25839
3620.09150,1.28335
3618.05201,1.30591
3616.01252,1.32588
3613.97304,1.34325
3611.93355,1.35771
3609.89406,1.37082
3607.85457,1.38362
3605.81508,1.39842
3603.77559,1.41858
3601.73611,1.44088
3599.69662,1.45911
3597.65713,1.47586
3595.61764,1.49657
3593.57815,1.51760
3591.53867,1.53212
3589.49918,1.54118
3587.45969,1.55044
3585.42020,1.56222
3583.38071,1.57540
3581.34122,1.58941
3579.30174,1.60464
3577.26225,1.61817
3575.22276,1.62692
3573.18327,1.63401
3571.14378,1.64238
3569.10430,1.64947
3567.06481,1.65353
3565.02532,1.65779
3562.98583,1.66440
3560.94634,1.66986
3558.90685,1.67038
3556.86737,1.66830
3554.82788,1.66708
3552.78839,1.66784
3550.74890,1.67194
3548.70941,1.68295
3546.66993,1.70113
3544.63044,1.71526
3542.59095,1.72045
3540.55146,1.72324
3538.51197,1.72389
3536.47248,1.72315
3534.43300,1.72442
3532.39351,1.72751
3530.35402,1.73329
3528.31453,1.74102
3526.27504,1.74460
3524.23556,1.74348
3522.19607,1.74528
3520.15658,1.74595
3518.11709,1.73876
3516.07760,1.73536
3514.03811,1.73960
3511.99863,1.74252
3509.95914,1.74809
3507.91965,1.76099
3505.88016,1.77242
3503.84067,1.77559
3501.80119,1.76647
3499.76170,1.74539
3497.72221,1.73038
3495.68272,1.73570
3493.64323,1.75152
3491.60375,1.76104
3489.56426,1.76432
3487.52477,1.76772
3485.48528,1.76759
3483.44579,1.76418
3481.40630,1.76169
3479.36682,1.75521
3477.32733,1.74352
3475.28784,1.73466
3473.24835,1.73692
3471.20886,1.75029
3469.16938,1.76216
3467.12989,1.76405
3465.09040,1.76479
3463.05091,1.76320
3461.01142,1.75293
3458.97193,1.74896
3456.93245,1.75891
3454.89296,1.76543
3452.85347,1.76103
3450.81398,1.75534
3448.77449,1.75072
3446.73501,1.75069
3444.69552,1.75610
3442.65603,1.75701
3440.61654,1.74544
3438.57705,1.72676
3436.53756,1.72064
3434.49808,1.73111
3432.45859,1.74030
3430.41910,1.74790
3428.37961,1.76470
3426.34012,1.77928
3424.30064,1.77846
3422.26115,1.76676
3420.22166,1.75395
3418.18217,1.74957
3416.14268,1.75530
3414.10319,1.76256
3412.06371,1.76381
3410.02422,1.75505
3407.98473,1.74036
3405.94524,1.73198
3403.90575,1.73389
3401.86627,1.74143
3399.82678,1.74939
3397.78729,1.74899
3395.74780,1.73818
3393.70831,1.73215
3391.66882,1.73430
3389.62934,1.72989
3387.58985,1.72039
3385.55036,1.71884
3383.51087,1.72365
3381.47138,1.72467
3379.43190,1.72241
3377.39241,1.72012
3375.35292,1.71983
3373.31343,1.72710
3371.27394,1.73914
3369.23446,1.74471
3367.19497,1.73750
3365.15548,1.72408
3363.11599,1.71862
3361.07650,1.72360
3359.03701,1.72828
3356.99753,1.72746
3354.95804,1.71943
3352.91855,1.70872
3350.87906,1.70828
3348.83957,1.71158
3346.80009,1.70578
3344.76060,1.69887
3342.72111,1.70049
3340.68162,1.70479
3338.64213,1.70234
3336.60264,1.69383
3334.56316,1.68681
3332.52367,1.68459
3330.48418,1.68568
3328.44469,1.69348
3326.40520,1.70581
3324.36572,1.71130
3322.32623,1.70815
3320.28674,1.70098
3318.24725,1.69277
3316.20776,1.68995
3314.16827,1.69629
3312.12879,1.70347
3310.08930,1.69745
3308.04981,1.68150
3306.01032,1.67439
3303.97083,1.68007
3301.93135,1.68648
3299.89186,1.68755
3297.85237,1.68791
3295.81288,1.68926
3293.77339,1.68192
3291.73390,1.66968
3289.69442,1.66456
3287.65493,1.65872
3285.61544,1.65082
3283.57595,1.64948
3281.53646,1.65103
3279.49698,1.65663
3277.45749,1.66809
3275.41800,1.67276
3273.37851,1.66574
3271.33902,1.65501
3269.29953,1.64642
3267.26005,1.64666
3265.22056,1.65489
3263.18107,1.65620
3261.14158,1.64583
3259.10209,1.63905
3257.06261,1.64245
3255.02312,1.64688
3252.98363,1.64733
3250.94414,1.64594
3248.90465,1.64485
3246.86516,1.64666
3244.82568,1.64795
3242.78619,1.63988
3240.74670,1.62680
3238.70721,1.62003
3236.66772,1.62135
3234.62824,1.62691
3232.58875,1.63070
3230.54926,1.62892
3228.50977,1.62503
3226.47028,1.62286
3224.43080,1.62360
3222.39131,1.62663
3220.35182,1.62790
3218.31233,1.62617
3216.27284,1.62554
3214.23335,1.62569
3212.19387,1.62295
3210.15438,1.61695
3208.11489,1.61158
3206.07540,1.61043
3204.03591,1.61138
3201.99643,1.61255
3199.95694,1.61408
3197.91745,1.61305
3195.87796,1.60979
3193.83847,1.60906
3191.79898,1.61195
3189.75950,1.61583
3187.72001,1.61559
3185.68052,1.60894
3183.64103,1.60092
3181.60154,1.59918
3179.56206,1.60462
3177.52257,1.60818
3175.48308,1.60547
3173.44359,1.60175
3171.40410,1.60088
3169.36461,1.59894
3167.32513,1.59277
3165.28564,1.58840
3163.24615,1.58896
3161.20666,1.59025
3159.16717,1.58837
3157.12769,1.58350
3155.08820,1.57977
3153.04871,1.57840
3151.00922,1.57510
3148.96973,1.57020
3146.93024,1.56824
3144.89076,1.56806
3142.85127,1.56647
3140.81178,1.56198
3138.77229,1.55811
3136.73280,1.55667
3134.69332,1.55453
3132.65383,1.55328
3130.61434,1.55299
3128.57485,1.55156
3126.53536,1.55209
3124.49587,1.55464
3122.45639,1.55269
3120.41690,1.54457
3118.37741,1.53842
3116.33792,1.53947
3114.29843,1.54121
3112.25895,1.53857
3110.21946,1.53569
3108.17997,1.53472
3106.14048,1.53178
3104.10099,1.52524
3102.06150,1.51835
3100.02202,1.51267
3097.98253,1.50705
3095.94304,1.50334
3093.90355,1.50372
3091.86406,1.50518
3089.82458,1.50341
3087.78509,1.49771
3085.74560,1.49272
3083.70611,1.49081
3081.66662,1.48837
3079.62714,1.48386
3077.58765,1.47860
3075.54816,1.47450
3073.50867,1.47090
3071.46918,1.46580
3069.42969,1.46152
3067.39021,1.45928
3065.35072,1.45610
3063.31123,1.45089
3061.27174,1.44616
3059.23225,1.44267
3057.19277,1.43895
3055.15328,1.43616
3053.11379,1.43320
3051.07430,1.42662
3049.03481,1.41921
3046.99532,1.41508
3044.95584,1.41333
3042.91635,1.41029
3040.87686,1.40388
3038.83737,1.39757
3036.79788,1.39447
3034.75840,1.39235
3032.71891,1.38912
3030.67942,1.38366
3028.63993,1.37600
3026.60044,1.37039
3024.56095,1.36852
3022.52147,1.36597
3020.48198,1.36122
3018.44249,1.35739
3016.40300,1.35645
3014.36351,1.35730
3012.32403,1.35618
3010.28454,1.35219
3008.24505,1.34949
3006.20556,1.35164
3004.16607,1.35721
3002.12658,1.36131
3000.08710,1.36278
2998.04761,1.36444
2996.00812,1.36700
2993.96863,1.37078
2991.92914,1.37768
2989.88966,1.38624
2987.85017,1.39507
2985.81068,1.40329
2983.77119,1.40971
2981.73170,1.41717
2979.69221,1.42852
2977.65273,1.44209
2975.61324,1.45214
2973.57375,1.45656
2971.53426,1.46222
2969.49477,1.47406
2967.45529,1.48804
2965.41580,1.49836
2963.37631,1.50384
2961.33682,1.50745
2959.29733,1.51453
2957.25784,1.52838
2955.21836,1.54488
2953.17887,1.55635
2951.13938,1.56181
2949.09989,1.56697
2947.06040,1.57408
2945.02092,1.57921
2942.98143,1.58507
2940.94194,1.59608
2938.90245,1.60793
2936.86296,1.61430
2934.82348,1.61324
2932.78399,1.60971
2930.74450,1.60263
2928.70501,1.58875
2926.66552,1.57672
2924.62603,1.57107
2922.58655,1.56579
2920.54706,1.56168
2918.50757,1.56134
2916.46808,1.55868
2914.42859,1.55076
2912.38911,1.54301
2910.34962,1.53927
2908.31013,1.53668
2906.27064,1.53614
2904.23115,1.53787
2902.19166,1.53895
2900.15218,1.54018
2898.11269,1.53964
2896.07320,1.53434
2894.03371,1.52680
2891.99422,1.52200
2889.95474,1.51974
2887.91525,1.51731
2885.87576,1.51275
2883.83627,1.50509
2881.79678,1.49748
2879.75729,1.49137
2877.71781,1.48232
2875.67832,1.46983
2873.63883,1.45816
2871.59934,1.44729
2869.55985,1.43674
2867.52037,1.42571
2865.48088,1.41429
2863.44139,1.40544
2861.40190,1.39931
2859.36241,1.39514
2857.32292,1.39123
2855.28344,1.38464
2853.24395,1.37635
2851.20446,1.37000
2849.16497,1.36467
2847.12548,1.35662
2845.08600,1.34694
2843.04651,1.33900
2841.00702,1.33204
2838.96753,1.32389
2836.92804,1.31504
2834.88855,1.30664
2832.84907,1.29873
2830.80958,1.29166
2828.77009,1.28487
2826.73060,1.27768
2824.69111,1.27188
2822.65163,1.26679
2820.61214,1.26041
2818.57265,1.25296
2816.53316,1.24526
2814.49367,1.23872
2812.45418,1.23372
2810.41470,1.22903
2808.37521,1.22526
2806.33572,1.22257
2804.29623,1.21747
2802.25674,1.21123
2800.21726,1.20779
2798.17777,1.20547
2796.13828,1.20218
2794.09879,1.19747
2792.05930,1.19120
2790.01982,1.18488
2787.98033,1.18015
2785.94084,1.17709
2783.90135,1.17492
2781.86186,1.17267
2779.82237,1.17073
2777.78289,1.17000
2775.74340,1.16923
2773.70391,1.16620
2771.66442,1.16267
2769.62493,1.16291
2767.58545,1.16458
2765.54596,1.16398
2763.50647,1.16242
2761.46698,1.16005
2759.42749,1.15764
2757.38800,1.15786
2755.34852,1.15837
2753.30903,1.15576
2751.26954,1.15186
2749.23005,1.14875
2747.19056,1.14650
2745.15108,1.14460
2743.11159,1.14264
2741.07210,1.14072
2739.03261,1.13801
2736.99312,1.13438
2734.95363,1.13141
2732.91415,1.12932
2730.87466,1.12660
2728.83517,1.12277
2726.79568,1.11899
2724.75619,1.11537
2722.71671,1.11168
2720.67722,1.10908
2718.63773,1.10726
2716.59824,1.10438
2714.55875,1.09990
2712.51926,1.09491
2710.47978,1.09015
2708.44029,1.08588
2706.40080,1.08260
2704.36131,1.07983
2702.32182,1.07627
2700.28234,1.07129
2698.24285,1.06666
2696.20336,1.06359
2694.16387,1.05961
2692.12438,1.05294
2690.08489,1.04685
2688.04541,1.04453
2686.00592,1.04382
2683.96643,1.04103
2681.92694,1.03628
2679.88745,1.03250
2677.84797,1.02994
2675.80848,1.02643
2673.76899,1.02213
2671.72950,1.01789
2669.69001,1.01343
2667.65052,1.00918
2665.61104,1.00543
2663.57155,1.00135
2661.53206,0.99595
2659.49257,0.98994
2657.45308,0.98460
2655.41360,0.97949
2653.37411,0.97449
2651.33462,0.96987
2649.29513,0.96538
2647.25564,0.96137
2645.21616,0.95724
2643.17667,0.95181
2641.13718,0.94541
2639.09769,0.93849
2637.05820,0.93174
2635.01871,0.92678
2632.97923,0.92273
2630.93974,0.91771
2628.90025,0.91224
2626.86076,0.90729
2624.82127,0.90261
2622.78179,0.89801
2620.74230,0.89373
2618.70281,0.88956
2616.66332,0.88599
2614.62383,0.88287
2612.58434,0.87924
2610.54486,0.87618
2608.50537,0.87395
2606.46588,0.87111
2604.42639,0.86778
2602.38690,0.86543
2600.34742,0.86449
2598.30793,0.86363
2596.26844,0.86155
2594.22895,0.85866
2592.18946,0.85599
2590.14997,0.85394
2588.11049,0.85244
2586.07100,0.85064
2584.03151,0.84773
2581.99202,0.84427
2579.95253,0.84106
2577.91305,0.83799
2575.87356,0.83541
2573.83407,0.83308
2571.79458,0.82944
2569.75509,0.82489
2567.71560,0.82131
2565.67612,0.81866
2563.63663,0.81572
2561.59714,0.81261
2559.55765,0.80971
2557.51816,0.80661
2555.47868,0.80294
2553.43919,0.79862
2551.39970,0.79430
2549.36021,0.79076
2547.32072,0.78788
2545.28123,0.78497
2543.24175,0.78138
2541.20226,0.77725
2539.16277,0.77340
2537.12328,0.77006
2535.08379,0.76683
2533.04431,0.76339
2531.00482,0.75972
2528.96533,0.75636
2526.92584,0.75371
2524.88635,0.75109
2522.84686,0.74772
2520.80738,0.74418
2518.76789,0.74165
2516.72840,0.74019
2514.68891,0.73867
2512.64942,0.73628
2510.60994,0.73377
2508.57045,0.73200
2506.53096,0.73042
2504.49147,0.72830
2502.45198,0.72581
2500.41250,0.72336
2498.37301,0.72124
2496.33352,0.71942
2494.29403,0.71764
2492.25454,0.71572
2490.21505,0.71356
2488.17557,0.71144
2486.13608,0.70931
2484.09659,0.70647
2482.05710,0.70304
2480.01761,0.69970
2477.97813,0.69642
2475.93864,0.69322
2473.89915,0.69040
2471.85966,0.68742
2469.82017,0.68401
2467.78068,0.68075
2465.74120,0.67787
2463.70171,0.67477
2461.66222,0.67093
2459.62273,0.66689
2457.58324,0.66313
2455.54376,0.65937
2453.50427,0.65544
2451.46478,0.65140
2449.42529,0.64720
2447.38580,0.64269
2445.34631,0.63790
2443.30683,0.63345
2441.26734,0.62981
2439.22785,0.62625
2437.18836,0.62162
2435.14887,0.61641
2433.10939,0.61215
2431.06990,0.60866
2429.03041,0.60496
2426.99092,0.60125
2424.95143,0.59768
2422.91194,0.59408
2420.87246,0.59053
2418.83297,0.58684
2416.79348,0.58304
2414.75399,0.57939
2412.71450,0.57616
2410.67502,0.57359
2408.63553,0.57123
2406.59604,0.56847
2404.55655,0.56556
2402.51706,0.56303
2400.47757,0.56081
2398.43809,0.55856
2396.39860,0.55620
2394.35911,0.55374
2392.31962,0.55141
2390.28013,0.54965
2388.24065,0.54861
2386.20116,0.54810
2384.16167,0.54796
2382.12218,0.54807
2380.08269,0.54829
2378.04320,0.54864
2376.00372,0.54905
2373.96423,0.54952
2371.92474,0.55016
2369.88525,0.55082
2367.84576,0.55131
2365.80628,0.55137
2363.76679,0.55110
2361.72730,0.55078
2359.68781,0.54964
2357.64832,0.54626
2355.60884,0.54098
2353.56935,0.53768
2351.52986,0.53916
2349.49037,0.54057
2347.45088,0.53620
2345.41139,0.52916
2343.37191,0.52592
2341.33242,0.52641
2339.29293,0.52663
2337.25344,0.52510
2335.21395,0.52252
2333.17447,0.51964
2331.13498,0.51685
2329.09549,0.51476
2327.05600,0.51332
2325.01651,0.51166
2322.97702,0.50920
2320.93754,0.50631
2318.89805,0.50405
2316.85856,0.50268
2314.81907,0.50134
2312.77958,0.49978
2310.74010,0.49844
2308.70061,0.49713
2306.66112,0.49553
2304.62163,0.49401
2302.58214,0.49292
2300.54265,0.49201
2298.50317,0.49097
2296.46368,0.48998
2294.42419,0.48946
2292.38470,0.48938
2290.34521,0.48922
2288.30573,0.48887
2286.26624,0.48875
2284.22675,0.48893
2282.18726,0.48903
2280.14777,0.48904
2278.10828,0.48946
2276.06880,0.49043
2274.02931,0.49164
2271.98982,0.49283
2269.95033,0.49393
2267.91084,0.49478
2265.87136,0.49543
2263.83187,0.49619
2261.79238,0.49701
2259.75289,0.49770
2257.71340,0.49827
2255.67391,0.49876
2253.63443,0.49926
2251.59494,0.49992
2249.55545,0.50074
2247.51596,0.50163
2245.47647,0.50216
2243.43699,0.50258
2241.39750,0.50326
2239.35801,0.50428
2237.31852,0.50540
2235.27903,0.50638
2233.23954,0.50744
2231.20006,0.50881
2229.16057,0.51033
2227.12108,0.51169
2225.08159,0.51278
2223.04210,0.51404
2221.00262,0.51557
2218.96313,0.51713
2216.92364,0.51907
2214.88415,0.52150
2212.84466,0.52395
2210.80518,0.52624
2208.76569,0.52837
2206.72620,0.53043
2204.68671,0.53241
2202.64722,0.53431
2200.60773,0.53627
2198.56825,0.53843
2196.52876,0.54075
2194.48927,0.54303
2192.44978,0.54533
2190.41029,0.54770
2188.37081,0.54995
2186.33132,0.55204
2184.29183,0.55411
2182.25234,0.55648
2180.21285,0.55910
2178.17336,0.56187
2176.13388,0.56486
2174.09439,0.56772
2172.05490,0.57037
2170.01541,0.57308
2167.97592,0.57565
2165.93644,0.57799
2163.89695,0.58028
2161.85746,0.58183
2159.81797,0.58269
2157.77848,0.58402
2155.73899,0.58517
2153.69951,0.58540
2151.66002,0.58566
2149.62053,0.58598
2147.58104,0.58579
2145.54155,0.58544
2143.50207,0.58530
2141.46258,0.58508
2139.42309,0.58453
2137.38360,0.58378
2135.34411,0.58325
2133.30462,0.58294
2131.26514,0.58250
2129.22565,0.58185
2127.18616,0.58097
2125.14667,0.58020
2123.10718,0.58000
2121.06770,0.57984
2119.02821,0.57904
2116.98872,0.57797
2114.94923,0.57722
2112.90974,0.57684
2110.87025,0.57662
2108.83077,0.57651
2106.79128,0.57662
2104.75179,0.57686
2102.71230,0.57717
2100.67281,0.57769
2098.63333,0.57850
2096.59384,0.57901
2094.55435,0.57893
2092.51486,0.57902
2090.47537,0.57954
2088.43588,0.57981
2086.39640,0.57968
2084.35691,0.57932
2082.31742,0.57862
2080.27793,0.57792
2078.23844,0.57773
2076.19896,0.57786
2074.15947,0.57760
2072.11998,0.57683
2070.08049,0.57618
2068.04100,0.57611
2066.00152,0.57629
2063.96203,0.57638
2061.92254,0.57664
2059.88305,0.57696
2057.84356,0.57672
2055.80407,0.57590
2053.76459,0.57500
2051.72510,0.57408
2049.68561,0.57301
2047.64612,0.57176
2045.60663,0.57011
2043.56715,0.56787
2041.52766,0.56476
2039.48817,0.56097
2037.44868,0.55740
2035.40919,0.55425
2033.36970,0.55071
2031.33022,0.54671
2029.29073,0.54296
2027.25124,0.53931
2025.21175,0.53536
2023.17226,0.53156
2021.13278,0.52817
2019.09329,0.52488
2017.05380,0.52153
2015.01431,0.51797
2012.97482,0.51427
2010.93533,0.51084
2008.89585,0.50776
2006.85636,0.50491
2004.81687,0.50238
2002.77738,0.50031
2000.73789,0.49861
1998.69841,0.49720
1996.65892,0.49616
1994.61943,0.49565
1992.57994,0.49525
1990.54045,0.49431
1988.50096,0.49316
1986.46148,0.49211
1984.42199,0.49101
1982.38250,0.49006
1980.34301,0.48940
1978.30352,0.48883
1976.26404,0.48838
1974.22455,0.48815
1972.18506,0.48814
1970.14557,0.48840
1968.10608,0.48877
1966.06659,0.48876
1964.02711,0.48840
1961.98762,0.48836
1959.94813,0.48877
1957.90864,0.48930
1955.86915,0.48967
1953.82967,0.48979
1951.79018,0.48997
1949.75069,0.49032
1947.71120,0.49066
1945.67171,0.49106
1943.63222,0.49141
1941.59274,0.49108
1939.55325,0.48998
1937.51376,0.48885
1935.47427,0.48819
1933.43478,0.48769
1931.39530,0.48702
1929.35581,0.48634
1927.31632,0.48573
1925.27683,0.48540
1923.23734,0.48536
1921.19786,0.48538
1919.15837,0.48538
1917.11888,0.48473
1915.07939,0.48337
1913.03990,0.48239
1911.00041,0.48195
1908.96093,0.48121
1906.92144,0.47989
1904.88195,0.47836
1902.84246,0.47710
1900.80297,0.47639
1898.76349,0.47609
1896.72400,0.47586
1894.68451,0.47541
1892.64502,0.47506
1890.60553,0.47547
1888.56604,0.47620
1886.52656,0.47669
1884.48707,0.47724
1882.44758,0.47799
1880.40809,0.47884
1878.36860,0.47968
1876.32912,0.48050
1874.28963,0.48146
1872.25014,0.48276
1870.21065,0.48403
1868.17116,0.48393
1866.13167,0.48208
1864.09219,0.47996
1862.05270,0.47857
1860.01321,0.47773
1857.97372,0.47696
1855.93423,0.47601
1853.89475,0.47502
1851.85526,0.47426
1849.81577,0.47394
1847.77628,0.47417
1845.73679,0.47446
1843.69730,0.47346
1841.65782,0.47116
1839.61833,0.46939
1837.57884,0.46875
1835.53935,0.46870
1833.49986,0.46937
1831.46038,0.47094
1829.42089,0.47224
1827.38140,0.47260
1825.34191,0.47271
1823.30242,0.47286
1821.26293,0.47330
1819.22345,0.47456
1817.18396,0.47629
1815.14447,0.47789
1813.10498,0.47971
1811.06549,0.48209
1809.02601,0.48440
1806.98652,0.48643
1804.94703,0.48897
1802.90754,0.49242
1800.86805,0.49602
1798.82856,0.49915
1796.78908,0.50273
1794.74959,0.50768
1792.71010,0.51296
1790.67061,0.51658
1788.63112,0.51882
1786.59164,0.52181
1784.55215,0.52641
1782.51266,0.53201
1780.47317,0.53747
1778.43368,0.54204
1776.39420,0.54661
1774.35471,0.55267
1772.31522,0.55949
1770.27573,0.56462
1768.23624,0.56824
1766.19675,0.57251
1764.15727,0.57889
1762.11778,0.58754
1760.07829,0.59701
1758.03880,0.60674
1755.99931,0.61743
1753.95983,0.62945
1751.92034,0.64357
1749.88085,0.65932
1747.84136,0.67462
1745.80187,0.68938
1743.76238,0.70486
1741.72290,0.72193
1739.68341,0.74024
1737.64392,0.75801
1735.60443,0.77581
1733.56494,0.79408
1731.52546,0.80824
1729.48597,0.81747
1727.44648,0.82483
1725.40699,0.83183
1723.36750,0.83837
1721.32801,0.84433
1719.28853,0.85122
1717.24904,0.85899
1715.20955,0.86453
1713.17006,0.86737
1711.13057,0.87015
1709.09109,0.87501
1707.05160,0.88272
1705.01211,0.89242
1702.97262,0.90366
1700.93313,0.91864
1698.89364,0.93755
1696.85416,0.95802
1694.81467,0.97941
1692.77518,0.99978
1690.73569,1.02068
1688.69620,1.04435
1686.65672,1.07118
1684.61723,1.10285
1682.57774,1.13393
1680.53825,1.15808
1678.49876,1.17993
1676.45927,1.20375
1674.41979,1.22877
1672.38030,1.25333
1670.34081,1.27834
1668.30132,1.30185
1666.26183,1.32067
1664.22235,1.33756
1662.18286,1.35296
1660.14337,1.36525
1658.10388,1.37641
1656.06439,1.38736
1654.02490,1.39803
1651.98542,1.40784
1649.94593,1.41511
1647.90644,1.42012
1645.86695,1.42206
1643.82746,1.42202
1641.78798,1.42354
1639.74849,1.42496
1637.70900,1.42144
1635.66951,1.41276
1633.63002,1.40337
1631.59054,1.39467
1629.55105,1.38614
1627.51156,1.37957
1625.47207,1.37460
1623.43258,1.36656
1621.39309,1.35423
1619.35361,1.34196
1617.31412,1.33100
1615.27463,1.32089
1613.23514,1.31255
1611.19565,1.30511
1609.15617,1.29824
1607.11668,1.29209
1605.07719,1.28645
1603.03770,1.28227
1600.99821,1.27991
1598.95872,1.27818
1596.91924,1.27668
1594.87975,1.27567
1592.84026,1.27539
1590.80077,1.27593
1588.76128,1.27690
1586.72180,1.27772
1584.68231,1.27781
1582.64282,1.27756
1580.60333,1.27846
1578.56384,1.28136
1576.52435,1.28485
1574.48487,1.28622
1572.44538,1.28627
1570.40589,1.28668
1568.36640,1.28588
1566.32691,1.28354
1564.28743,1.28131
1562.24794,1.27866
1560.20845,1.27281
1558.16896,1.26223
1556.12947,1.25118
1554.08998,1.24204
1552.05050,1.23314
1550.01101,1.22360
1547.97152,1.21474
1545.93203,1.20723
1543.89254,1.19919
1541.85306,1.18868
1539.81357,1.17677
1537.77408,1.16768
1535.73459,1.16114
1533.69510,1.15314
1531.65561,1.14362
1529.61613,1.13598
1527.57664,1.13031
1525.53715,1.12496
1523.49766,1.12060
1521.45817,1.11833
1519.41869,1.11670
1517.37920,1.11350
1515.33971,1.10911
1513.30022,1.10597
1511.26073,1.10536
1509.22124,1.10608
1507.18176,1.10618
1505.14227,1.10607
1503.10278,1.10805
1501.06329,1.11266
1499.02380,1.11902
1496.98432,1.12632
1494.94483,1.13451
1492.90534,1.14380
1490.86585,1.15626
1488.82636,1.17440
1486.78688,1.19611
1484.74739,1.21805
1482.70790,1.24126
1480.66841,1.26790
1478.62892,1.29808
1476.58943,1.33288
1474.54995,1.37463
1472.51046,1.42397
1470.47097,1.47356
1468.43148,1.51448
1466.39199,1.54791
1464.35251,1.57622
1462.31302,1.59668
1460.27353,1.60600
1458.23404,1.60639
1456.19455,1.60571
1454.15506,1.60698
1452.11558,1.60540
1450.07609,1.60191
1448.03660,1.60269
1445.99711,1.60860
1443.95762,1.61595
1441.91814,1.62197
1439.87865,1.62541
1437.83916,1.62796
1435.79967,1.63355
1433.76018,1.64222
1431.72069,1.64988
1429.68121,1.65624
1427.64172,1.66393
1425.60223,1.67068
1423.56274,1.67104
1421.52325,1.66722
1419.48377,1.66867
1417.44428,1.67346
1415.40479,1.67202
1413.36530,1.66877
1411.32581,1.66912
1409.28632,1.66961
1407.24684,1.66645
1405.20735,1.66100
1403.16786,1.65804
1401.12837,1.65761
1399.08888,1.65757
1397.04940,1.65917
1395.00991,1.65865
1392.97042,1.65229
1390.93093,1.64809
1388.89144,1.65380
1386.85195,1.66617
1384.81247,1.67504
1382.77298,1.67746
1380.73349,1.67867
1378.69400,1.68183
1376.65451,1.68737
1374.61503,1.69405
1372.57554,1.69881
1370.53605,1.69701
1368.49656,1.68981
1366.45707,1.68714
1364.41758,1.69172
1362.37810,1.69807
1360.33861,1.70465
1358.29912,1.70836
1356.25963,1.70566
1354.22014,1.70103
1352.18066,1.69893
1350.14117,1.69811
1348.10168,1.69688
1346.06219,1.69347
1344.02270,1.68834
1341.98322,1.68769
1339.94373,1.69243
1337.90424,1.69183
1335.86475,1.68189
1333.82526,1.67077
1331.78577,1.66119
1329.74629,1.64972
1327.70680,1.63809
1325.66731,1.63043
1323.62782,1.62621
1321.58833,1.62519
1319.54885,1.62370
1317.50936,1.61550
1315.46987,1.60602
1313.43038,1.60190
1311.39089,1.59990
1309.35140,1.59655
1307.31192,1.59208
1305.27243,1.58723
1303.23294,1.58364
1301.19345,1.58277
1299.15396,1.58210
1297.11448,1.57540
1295.07499,1.56279
1293.03550,1.55204
1290.99601,1.54732
1288.95652,1.54612
1286.91703,1.54446
1284.87755,1.53968
1282.83806,1.53182
1280.79857,1.52589
1278.75908,1.52459
1276.71959,1.52419
1274.68011,1.52294
1272.64062,1.52267
1270.60113,1.52333
1268.56164,1.52428
1266.52215,1.52712
1264.48266,1.53036
1262.44318,1.52985
1260.40369,1.52796
1258.36420,1.53037
1256.32471,1.53678
1254.28522,1.54356
1252.24574,1.54850
1250.20625,1.55337
1248.16676,1.55917
1246.12727,1.56163
1244.08778,1.56151
1242.04829,1.56147
1240.00881,1.55786
1237.96932,1.54929
1235.92983,1.53936
1233.89034,1.53198
1231.85085,1.52678
1229.81137,1.51922
1227.77188,1.50701
1225.73239,1.49246
1223.69290,1.48066
1221.65341,1.47625
1219.61392,1.47636
1217.57444,1.47587
1215.53495,1.47781
1213.49546,1.48620
1211.45597,1.49914
1209.41648,1.51350
1207.37700,1.52700
1205.33751,1.53583
1203.29802,1.53822
1201.25853,1.53594
1199.21904,1.52945
1197.17956,1.51980
1195.14007,1.50946
1193.10058,1.50107
1191.06109,1.49948
1189.02160,1.50667
1186.98211,1.52231
1184.94263,1.54914
1182.90314,1.58699
1180.86365,1.63108
1178.82416,1.68507
1176.78467,1.75338
1174.74519,1.82321
1172.70570,1.88683
1170.66621,1.94705
1168.62672,1.99241
1166.58723,2.01329
1164.54774,1.99825
1162.50826,1.95087
1160.46877,1.91463
1158.42928,1.89791
1156.38979,1.87057
1154.35030,1.83483
1152.31082,1.80548
1150.27133,1.78377
1148.23184,1.77487
1146.19235,1.77807
1144.15286,1.78947
1142.11337,1.80217
1140.07389,1.80366
1138.03440,1.79819
1135.99491,1.80297
1133.95542,1.81613
1131.91593,1.82535
1129.87645,1.83198
1127.83696,1.83947
1125.79747,1.84260
1123.75798,1.83821
1121.71849,1.83072
1119.67900,1.82540
1117.63952,1.82964
1115.60003,1.84491
1113.56054,1.85492
1111.52105,1.84746
1109.48156,1.83493
1107.44208,1.83388
1105.40259,1.83809
1103.36310,1.82823
1101.32361,1.81250
1099.28412,1.81590
1097.24463,1.83515
1095.20515,1.84912
1093.16566,1.85271
1091.12617,1.84512
1089.08668,1.82912
1087.04719,1.81818
1085.00771,1.81140
1082.96822,1.79203
1080.92873,1.76218
1078.88924,1.74525
1076.84975,1.74995
1074.81027,1.75951
1072.77078,1.76381
1070.73129,1.77381
1068.69180,1.79061
1066.65231,1.80143
1064.61282,1.80256
1062.57334,1.79555
1060.53385,1.78359
1058.49436,1.77123
1056.45487,1.75250
1054.41538,1.72033
1052.37590,1.68367
1050.33641,1.65201
1048.29692,1.62865
1046.25743,1.61205
1044.21794,1.59805
1042.17845,1.58689
1040.13897,1.58164
1038.09948,1.58259
1036.05999,1.58571
1034.02050,1.58586
1031.98101,1.57855
1029.94153,1.56559
1027.90204,1.55087
1025.86255,1.53306
1023.82306,1.51592
1021.78357,1.50550
1019.74408,1.50145
1017.70460,1.50017
1015.66511,1.49810
1013.62562,1.49420
1011.58613,1.49135
1009.54664,1.49157
1007.50716,1.49351
1005.46767,1.49472
1003.42818,1.49166
1001.38869,1.48388
999.34920,1.47509
997.30971,1.46867
995.27023,1.46513
993.23074,1.46198
991.19125,1.45679
989.15176,1.45189
987.11227,1.44830
985.07279,1.43817
983.03330,1.41874
980.99381,1.39477
978.95432,1.36706
976.91483,1.33680
974.87534,1.30637
972.83586,1.27560
970.79637,1.24535
968.75688,1.21865
966.71739,1.19676
964.67790,1.17908
962.63842,1.16500
960.59893,1.15465
958.55944,1.14981
956.51995,1.15105
954.48046,1.15685
952.44097,1.16814
950.40149,1.18829
948.36200,1.21815
946.32251,1.25457
944.28302,1.29495
942.24353,1.33394
940.20405,1.36369
938.16456,1.38539
936.12507,1.40288
934.08558,1.41235
932.04609,1.41067
930.00661,1.40326
927.96712,1.39795
925.92763,1.39425
923.88814,1.38669
921.84865,1.37294
919.80916,1.35154
917.76968,1.32267
915.73019,1.29281
913.69070,1.26845
911.65121,1.24811
909.61172,1.22975
907.57224,1.21495
905.53275,1.20434
903.49326,1.19862
901.45377,1.19503
899.41428,1.18792
897.37479,1.17929
895.33531,1.17304
893.29582,1.16857
891.25633,1.16471
889.21684,1.15851
887.17735,1.15032
885.13787,1.14513
883.09838,1.14582
881.05889,1.15406
879.01940,1.17000
876.97991,1.19294
874.94042,1.22506
872.90094,1.26869
870.86145,1.31824
868.82196,1.36197
866.78247,1.39353
864.74298,1.41390
862.70350,1.42434
860.66401,1.42080
858.62452,1.40576
856.58503,1.39114
854.54554,1.37832
852.50605,1.36216
850.46657,1.34687
848.42708,1.33758
846.38759,1.33020
844.34810,1.31951
842.30861,1.30588
840.26913,1.29206
838.22964,1.27831
836.19015,1.26535
834.15066,1.25556
832.11117,1.24659
830.07168,1.23673
828.03220,1.23127
825.99271,1.23018
823.95322,1.22781
821.91373,1.22573
819.87424,1.22769
817.83476,1.23450
815.79527,1.24410
813.75578,1.25339
811.71629,1.26288
809.67680,1.27274
807.63731,1.28177
805.59783,1.28933
803.55834,1.29970
801.51885,1.31863
799.47936,1.34063
797.43987,1.35850
795.40039,1.37215
793.36090,1.38086
791.32141,1.38863
789.28192,1.40261
787.24243,1.42185
785.20295,1.43878
783.16346,1.45215
781.12397,1.46838
779.08448,1.48726
777.04499,1.50615
775.00550,1.52442
772.96602,1.53570
770.92653,1.54030
768.88704,1.54858
766.84755,1.55988
764.80806,1.56279
762.76858,1.55417
760.72909,1.54335
758.68960,1.52836
756.65011,1.50449
754.61062,1.48966
752.57113,1.49299
750.53165,1.50081
748.49216,1.50226
746.45267,1.49553
744.41318,1.48294
742.37369,1.47073
740.33421,1.46761
738.29472,1.47849
736.25523,1.49532
734.21574,1.50738
732.17625,1.51696
730.13676,1.52802
728.09728,1.54328
726.05779,1.55980
724.01830,1.56699
721.97881,1.57300
719.93932,1.58655
717.89984,1.59944
715.86035,1.60213
713.82086,1.60125
711.78137,1.60139
709.74188,1.59523
707.70239,1.58431
705.66291,1.57552
703.62342,1.56811
701.58393,1.56381
699.54444,1.56460
697.50495,1.56715
695.46547,1.57136
693.42598,1.57444
691.38649,1.56982
689.34700,1.56286
687.30751,1.56529
685.26802,1.57523
683.22854,1.57914
681.18905,1.57472
679.14956,1.57239
677.11007,1.57571
675.07058,1.58704
673.03110,1.61100
670.99161,1.63374
668.95212,1.63509
666.91263,1.61548
664.87314,1.59780
662.83365,1.58673
660.79417,1.57430
658.75468,1.56206
656.71519,1.56053
654.67570,1.57497
652.63621,1.59808
650.59673,1.61166
648.55724,1.60677
646.51775,1.59779
644.47826,1.59777
642.43877,1.61068
640.39929,1.63272
638.35980,1.64673
636.32031,1.65440
634.28082,1.66141
632.24133,1.64824
630.20184,1.61744
628.16236,1.59340
626.12287,1.58282
624.08338,1.58009
622.04389,1.58643
620.00440,1.60367
617.96492,1.63660
615.92543,1.65431
613.88594,1.62770
611.84645,1.61415
609.80696,1.64159
607.76747,1.66019
605.72799,1.64171
603.68850,1.62617
601.64901,1.60638
599.60952,1.56633
597.57003,1.56380
595.53055,1.60645
593.49106,1.64066
591.45157,1.65555
589.41208,1.63869
587.37259,1.59997
585.33310,1.58980
583.29362,1.58109
581.25413,1.55592
579.21464,1.53219
577.17515,1.50381
575.13566,1.50056
573.09618,1.58701
571.05669,1.70884
569.01720,1.68893
566.97771,1.59293
564.93822,1.53996
562.89873,1.52851
560.85925,1.52870
558.81976,1.50655
556.78027,1.47922
554.74078,1.47467
552.70129,1.49198
550.66181,1.49591
548.62232,1.47697
546.58283,1.45896
544.54334,1.47135
542.50385,1.51228
540.46436,1.51345
538.42488,1.50251
536.38539,1.50312
534.34590,1.46261
532.30641,1.46182
530.26692,1.47311
528.22744,1.44626
526.18795,1.41630
524.14846,1.44252
522.10897,1.56634
520.06948,1.71602
518.02999,1.75248
515.99051,1.68625
513.95102,1.68087
511.91153,1.56646
509.87204,1.38314
507.83255,1.26052
505.79307,1.26345
503.75358,1.32591
501.71409,1.31455
499.67460,1.27794
