3997.39681,0.44328
3995.35732,0.44259
3993.31783,0.44155
3991.27835,0.44083
3989.23886,0.44061
3987.19937,0.44048
3985.15988,0.44027
3983.12039,0.43979
3981.08091,0.43868
3979.04142,0.43723
3977.00193,0.43614
3974.96244,0.43503
3972.92295,0.43346
3970.88346,0.43188
3968.84398,0.43063
3966.80449,0.42969
3964.76500,0.42888
3962.72551,0.42785
3960.68602,0.42633
3958.64654,0.42464
3956.60705,0.42319
3954.56756,0.42215
3952.52807,0.42123
3950.48858,0.41989
3948.44909,0.41817
3946.40961,0.41675
3944.37012,0.41599
3942.33063,0.41502
3940.29114,0.41352
3938.25165,0.41210
3936.21217,0.41107
3934.17268,0.41024
3932.13319,0.40877
3930.09370,0.40661
3928.05421,0.40458
3926.01473,0.40266
3923.97524,0.40035
3921.93575,0.39804
3919.89626,0.39606
3917.85677,0.39370
3915.81728,0.39072
3913.77780,0.38810
3911.73831,0.38627
3909.69882,0.38499
3907.65933,0.38436
3905.61984,0.38349
3903.58036,0.38098
3901.54087,0.37760
3899.50138,0.37490
3897.46189,0.37318
3895.42240,0.37277
3893.38291,0.37283
3891.34343,0.37129
3889.30394,0.36905
3887.26445,0.36856
3885.22496,0.36858
3883.18547,0.36781
3881.14599,0.36666
3879.10650,0.36475
3877.06701,0.36381
3875.02752,0.36439
3872.98803,0.36455
3870.94854,0.36398
3868.90906,0.36278
3866.86957,0.36225
3864.83008,0.36257
3862.79059,0.36162
3860.75110,0.36015
3858.71162,0.36024
3856.67213,0.36204
3854.63264,0.36287
3852.59315,0.35997
3850.55366,0.35706
3848.51417,0.35726
3846.47469,0.35886
3844.43520,0.35990
3842.39571,0.35984
3840.35622,0.35939
3838.31673,0.35867
3836.27725,0.35734
3834.23776,0.35640
3832.19827,0.35636
3830.15878,0.35708
3828.11929,0.35840
3826.07980,0.35923
3824.04032,0.35976
3822.00083,0.36049
3819.96134,0.35987
3817.92185,0.35922
3815.88236,0.35939
3813.84288,0.35925
3811.80339,0.36000
3809.76390,0.36191
3807.72441,0.36341
3805.68492,0.36371
3803.64543,0.36484
3801.60595,0.36638
3799.56646,0.36619
3797.52697,0.36608
3795.48748,0.36674
3793.44799,0.36794
3791.40851,0.36997
3789.36902,0.37223
3787.32953,0.37420
3785.29004,0.37571
3783.25055,0.37690
3781.21107,0.37835
3779.17158,0.37956
3777.13209,0.38030
3775.09260,0.38177
3773.05311,0.38414
3771.01362,0.38655
3768.97414,0.38823
3766.93465,0.38964
3764.89516,0.39145
3762.85567,0.39413
3760.81618,0.39750
3758.77670,0.39998
3756.73721,0.40166
3754.69772,0.40420
3752.65823,0.40688
3750.61874,0.40775
3748.57925,0.40830
3746.53977,0.41177
3744.50028,0.41593
3742.46079,0.41779
3740.42130,0.42027
3738.38181,0.42454
3736.34233,0.42804
3734.30284,0.42953
3732.26335,0.43115
3730.22386,0.43469
3728.18437,0.43986
3726.14488,0.44516
3724.10540,0.44958
3722.06591,0.45350
3720.02642,0.45733
3717.98693,0.46159
3715.94744,0.46686
3713.90796,0.47304
3711.86847,0.47875
3709.82898,0.48327
3707.78949,0.48833
3705.75000,0.49522
3703.71051,0.50366
3701.67103,0.51253
3699.63154,0.52122
3697.59205,0.53021
3695.55256,0.53976
3693.51307,0.55049
3691.47359,0.56335
3689.43410,0.57700
3687.39461,0.58923
3685.35512,0.60119
3683.31563,0.61482
3681.27614,0.63018
3679.23666,0.64711
3677.19717,0.66716
3675.15768,0.68976
3673.11819,0.71172
3671.07870,0.73428
3669.03922,0.75760
3666.99973,0.77932
3664.96024,0.80025
3662.92075,0.82204
3660.88126,0.84583
3658.84177,0.87237
3656.80229,0.90059
3654.76280,0.92721
3652.72331,0.95239
3650.68382,0.97894
3648.64433,1.00554
3646.60485,1.03021
3644.56536,1.05364
3642.52587,1.07770
3640.48638,1.10311
3638.44689,1.12736
3636.40741,1.14797
3634.36792,1.16730
3632.32843,1.19015
3630.28894,1.21805
3628.24945,1.24548
3626.20996,1.26395
3624.17048,1.27578
3622.13099,1.29200
3620.09150,1.31865
3618.05201,1.34717
3616.01252,1.36792
3613.97304,1.38479
3611.93355,1.40112
3609.89406,1.41645
3607.85457,1.43212
3605.81508,1.44747
3603.77559,1.46150
3601.73611,1.47647
3599.69662,1.49640
3597.65713,1.52090
3595.61764,1.54084
3593.57815,1.55074
3591.53867,1.55851
3589.49918,1.56988
3587.45969,1.57920
3585.42020,1.58498
3583.38071,1.59728
3581.34122,1.61845
3579.30174,1.63584
3577.26225,1.64080
3575.22276,1.63911
3573.18327,1.63646
3571.14378,1.63245
3569.10430,1.62940
3567.06481,1.63710
3565.02532,1.65919
3562.98583,1.68184
3560.94634,1.69421
3558.90685,1.69901
3556.86737,1.69765
3554.82788,1.69089
3552.78839,1.68946
3550.74890,1.69764
3548.70941,1.70348
3546.66993,1.69998
3544.63044,1.69782
3542.59095,1.70806
3540.55146,1.72392
3538.51197,1.73116
3536.47248,1.72870
3534.43300,1.72375
3532.39351,1.72277
3530.35402,1.72990
3528.31453,1.73436
3526.27504,1.72532
3524.23556,1.71638
3522.19607,1.72269
3520.15658,1.73777
3518.11709,1.74502
3516.07760,1.73985
3514.03811,1.73376
3511.99863,1.73501
3509.95914,1.73823
3507.91965,1.74246
3505.88016,1.75184
3503.84067,1.75990
3501.80119,1.75667
3499.76170,1.74204
3497.72221,1.72965
3495.68272,1.73252
3493.64323,1.74159
3491.60375,1.73990
3489.56426,1.73371
3487.52477,1.73192
3485.48528,1.72829
3483.44579,1.72564
3481.40630,1.73224
3479.36682,1.73868
3477.32733,1.73563
3475.28784,1.73479
3473.24835,1.74283
3471.20886,1.74504
3469.16938,1.73795
3467.12989,1.73416
3465.09040,1.73438
3463.05091,1.73554
3461.01142,1.73724
3458.97193,1.73740
3456.93245,1.73538
3454.89296,1.73495
3452.85347,1.73831
3450.81398,1.73983
3448.77449,1.74000
3446.73501,1.74291
3444.69552,1.74430
3442.65603,1.74010
3440.61654,1.73444
3438.57705,1.73514
3436.53756,1.74197
3434.49808,1.74565
3432.45859,1.74080
3430.41910,1.73331
3428.37961,1.73311
3426.34012,1.73973
3424.30064,1.73534
3422.26115,1.71476
3420.22166,1.70183
3418.18217,1.70982
3416.14268,1.72649
3414.10319,1.73504
3412.06371,1.73482
3410.02422,1.73777
3407.98473,1.74382
3405.94524,1.74110
3403.90575,1.72962
3401.86627,1.71700
3399.82678,1.70511
3397.78729,1.69953
3395.74780,1.70470
3393.70831,1.71121
3391.66882,1.70768
3389.62934,1.70152
3387.58985,1.70022
3385.55036,1.69736
3383.51087,1.69529
3381.47138,1.69632
3379.43190,1.69627
3377.39241,1.69667
3375.35292,1.69739
3373.31343,1.69217
3371.27394,1.68656
3369.23446,1.68779
3367.19497,1.68722
3365.15548,1.68399
3363.11599,1.68667
3361.07650,1.69136
3359.03701,1.69238
3356.99753,1.68959
3354.95804,1.68346
3352.91855,1.68019
3350.87906,1.68609
3348.83957,1.69131
3346.80009,1.68466
3344.76060,1.67480
3342.72111,1.67199
3340.68162,1.67449
3338.64213,1.67686
3336.60264,1.67829
3334.56316,1.68102
3332.52367,1.68234
3330.48418,1.67891
3328.44469,1.67651
3326.40520,1.68047
3324.36572,1.68215
3322.32623,1.67489
3320.28674,1.66692
3318.24725,1.66299
3316.20776,1.65980
3314.16827,1.65727
3312.12879,1.65810
3310.08930,1.66120
3308.04981,1.66080
3306.01032,1.65636
3303.97083,1.65417
3301.93135,1.65549
3299.89186,1.65349
3297.85237,1.64774
3295.81288,1.64690
3293.77339,1.64833
3291.73390,1.64329
3289.69442,1.64005
3287.65493,1.64669
3285.61544,1.65512
3283.57595,1.65767
3281.53646,1.65541
3279.49698,1.65166
3277.45749,1.64729
3275.41800,1.64140
3273.37851,1.63378
3271.33902,1.62666
3269.29953,1.62265
3267.26005,1.62188
3265.22056,1.62234
3263.18107,1.62036
3261.14158,1.61632
3259.10209,1.61610
3257.06261,1.62027
3255.02312,1.62257
3252.98363,1.62408
3250.94414,1.62829
3248.90465,1.63025
3246.86516,1.62622
3244.82568,1.62087
3242.78619,1.61840
3240.74670,1.61793
3238.70721,1.61963
3236.66772,1.62137
3234.62824,1.62135
3232.58875,1.62159
3230.54926,1.61802
3228.50977,1.61058
3226.47028,1.60584
3224.43080,1.60438
3222.39131,1.60579
3220.35182,1.60852
3218.31233,1.60962
3216.27284,1.61180
3214.23335,1.61317
3212.19387,1.60913
3210.15438,1.60650
3208.11489,1.60932
3206.07540,1.60937
3204.03591,1.60577
3201.99643,1.60758
3199.95694,1.61039
3197.91745,1.60574
3195.87796,1.60266
3193.83847,1.60695
3191.79898,1.60758
3189.75950,1.60097
3187.72001,1.59633
3185.68052,1.59528
3183.64103,1.59421
3181.60154,1.59329
3179.56206,1.59158
3177.52257,1.58876
3175.48308,1.58927
3173.44359,1.59259
3171.40410,1.59242
3169.36461,1.58761
3167.32513,1.58090
3165.28564,1.57568
3163.24615,1.57533
3161.20666,1.57966
3159.16717,1.58392
3157.12769,1.58771
3155.08820,1.59180
3153.04871,1.58984
3151.00922,1.58211
3148.96973,1.57574
3146.93024,1.57361
3144.89076,1.57591
3142.85127,1.57835
3140.81178,1.57450
3138.77229,1.56404
3136.73280,1.55408
3134.69332,1.55145
3132.65383,1.55380
3130.61434,1.55831
3128.57485,1.56520
3126.53536,1.56857
3124.49587,1.56484
3122.45639,1.56014
3120.41690,1.55740
3118.37741,1.55321
3116.33792,1.54769
3114.29843,1.54369
3112.25895,1.54434
3110.21946,1.54756
3108.17997,1.54574
3106.14048,1.54072
3104.10099,1.53822
3102.06150,1.53569
3100.02202,1.53116
3097.98253,1.52813
3095.94304,1.52724
3093.90355,1.52523
3091.86406,1.52224
3089.82458,1.51910
3087.78509,1.51645
3085.74560,1.51500
3083.70611,1.51025
3081.66662,1.50259
3079.62714,1.49976
3077.58765,1.50129
3075.54816,1.50068
3073.50867,1.49794
3071.46918,1.49616
3069.42969,1.49427
3067.39021,1.49077
3065.35072,1.48787
3063.31123,1.48469
3061.27174,1.47713
3059.23225,1.46974
3057.19277,1.46869
3055.15328,1.46859
3053.11379,1.46313
3051.07430,1.45696
3049.03481,1.45453
3046.99532,1.45048
3044.95584,1.44287
3042.91635,1.43706
3040.87686,1.43400
3038.83737,1.43156
3036.79788,1.42991
3034.75840,1.42799
3032.71891,1.42253
3030.67942,1.41443
3028.63993,1.40758
3026.60044,1.40243
3024.56095,1.40025
3022.52147,1.40248
3020.48198,1.40419
3018.44249,1.40141
3016.40300,1.39686
3014.36351,1.39367
3012.32403,1.39349
3010.28454,1.39647
3008.24505,1.39913
3006.20556,1.39842
3004.16607,1.39619
3002.12658,1.39587
3000.08710,1.39961
2998.04761,1.40628
2996.00812,1.41125
2993.96863,1.41424
2991.92914,1.41778
2989.88966,1.42127
2987.85017,1.42598
2985.81068,1.43341
2983.77119,1.44162
2981.73170,1.44853
2979.69221,1.45356
2977.65273,1.45893
2975.61324,1.46898
2973.57375,1.48154
2971.53426,1.49056
2969.49477,1.49828
2967.45529,1.50927
2965.41580,1.52014
2963.37631,1.52630
2961.33682,1.53119
2959.29733,1.54201
2957.25784,1.55627
2955.21836,1.56557
2953.17887,1.56884
2951.13938,1.56930
2949.09989,1.57189
2947.06040,1.57884
2945.02092,1.58524
2942.98143,1.58924
2940.94194,1.59600
2938.90245,1.60578
2936.86296,1.61143
2934.82348,1.60906
2932.78399,1.60169
2930.74450,1.59634
2928.70501,1.59370
2926.66552,1.58926
2924.62603,1.58577
2922.58655,1.58379
2920.54706,1.57947
2918.50757,1.57438
2916.46808,1.57007
2914.42859,1.56683
2912.38911,1.56533
2910.34962,1.56357
2908.31013,1.56071
2906.27064,1.55724
2904.23115,1.55452
2902.19166,1.55440
2900.15218,1.55535
2898.11269,1.55521
2896.07320,1.55248
2894.03371,1.54720
2891.99422,1.54194
2889.95474,1.53744
2887.91525,1.53480
2885.87576,1.53481
2883.83627,1.53262
2881.79678,1.52496
2879.75729,1.51665
2877.71781,1.51077
2875.67832,1.50283
2873.63883,1.49080
2871.59934,1.47855
2869.55985,1.47008
2867.52037,1.46438
2865.48088,1.45596
2863.44139,1.44538
2861.40190,1.43930
2859.36241,1.43723
2857.32292,1.43347
2855.28344,1.42780
2853.24395,1.42248
2851.20446,1.41639
2849.16497,1.40664
2847.12548,1.39549
2845.08600,1.38695
2843.04651,1.37906
2841.00702,1.36970
2838.96753,1.36291
2836.92804,1.35984
2834.88855,1.35454
2832.84907,1.34568
2830.80958,1.33603
2828.77009,1.32708
2826.73060,1.32066
2824.69111,1.31657
2822.65163,1.31271
2820.61214,1.30681
2818.57265,1.29957
2816.53316,1.29361
2814.49367,1.28876
2812.45418,1.28420
2810.41470,1.27823
2808.37521,1.27104
2806.33572,1.26664
2804.29623,1.26401
2802.25674,1.26012
2800.21726,1.25567
2798.17777,1.25069
2796.13828,1.24659
2794.09879,1.24435
2792.05930,1.24185
2790.01982,1.23859
2787.98033,1.23510
2785.94084,1.23122
2783.90135,1.22820
2781.86186,1.22730
2779.82237,1.22808
2777.78289,1.22844
2775.74340,1.22622
2773.70391,1.22295
2771.66442,1.22035
2769.62493,1.21771
2767.58545,1.21688
2765.54596,1.21802
2763.50647,1.21664
2761.46698,1.21315
2759.42749,1.21118
2757.38800,1.20972
2755.34852,1.20732
2753.30903,1.20599
2751.26954,1.20630
2749.23005,1.20551
2747.19056,1.20333
2745.15108,1.20119
2743.11159,1.19919
2741.07210,1.19722
2739.03261,1.19559
2736.99312,1.19417
2734.95363,1.19219
2732.91415,1.18974
2730.87466,1.18601
2728.83517,1.18114
2726.79568,1.17782
2724.75619,1.17521
2722.71671,1.17092
2720.67722,1.16668
2718.63773,1.16354
2716.59824,1.16017
2714.55875,1.15716
2712.51926,1.15424
2710.47978,1.15023
2708.44029,1.14606
2706.40080,1.14185
2704.36131,1.13668
2702.32182,1.13113
2700.28234,1.12696
2698.24285,1.12419
2696.20336,1.12065
2694.16387,1.11621
2692.12438,1.11314
2690.08489,1.11144
2688.04541,1.10844
2686.00592,1.10403
2683.96643,1.10069
2681.92694,1.09850
2679.88745,1.09500
2677.84797,1.08923
2675.80848,1.08347
2673.76899,1.07957
2671.72950,1.07562
2669.69001,1.07075
2667.65052,1.06719
2665.61104,1.06432
2663.57155,1.06042
2661.53206,1.05618
2659.49257,1.05128
2657.45308,1.04521
2655.41360,1.03915
2653.37411,1.03382
2651.33462,1.02878
2649.29513,1.02400
2647.25564,1.01975
2645.21616,1.01488
2643.17667,1.00912
2641.13718,1.00411
2639.09769,1.00029
2637.05820,0.99682
2635.01871,0.99205
2632.97923,0.98542
2630.93974,0.97891
2628.90025,0.97329
2626.86076,0.96818
2624.82127,0.96409
2622.78179,0.96050
2620.74230,0.95624
2618.70281,0.95197
2616.66332,0.94868
2614.62383,0.94549
2612.58434,0.94182
2610.54486,0.93801
2608.50537,0.93438
2606.46588,0.93190
2604.42639,0.93015
2602.38690,0.92827
2600.34742,0.92695
2598.30793,0.92574
2596.26844,0.92394
2594.22895,0.92181
2592.18946,0.91914
2590.14997,0.91570
2588.11049,0.91273
2586.07100,0.91098
2584.03151,0.90880
2581.99202,0.90537
2579.95253,0.90235
2577.91305,0.90049
2575.87356,0.89863
2573.83407,0.89610
2571.79458,0.89254
2569.75509,0.88793
2567.71560,0.88415
2565.67612,0.88190
2563.63663,0.87965
2561.59714,0.87629
2559.55765,0.87201
2557.51816,0.86790
2555.47868,0.86426
2553.43919,0.86031
2551.39970,0.85660
2549.36021,0.85403
2547.32072,0.85115
2545.28123,0.84747
2543.24175,0.84432
2541.20226,0.84137
2539.16277,0.83775
2537.12328,0.83366
2535.08379,0.82939
2533.04431,0.82515
2531.00482,0.82112
2528.96533,0.81764
2526.92584,0.81480
2524.88635,0.81195
2522.84686,0.80893
2520.80738,0.80641
2518.76789,0.80440
2516.72840,0.80236
2514.68891,0.79988
2512.64942,0.79686
2510.60994,0.79413
2508.57045,0.79256
2506.53096,0.79133
2504.49147,0.78927
2502.45198,0.78674
2500.41250,0.78449
2498.37301,0.78254
2496.33352,0.78079
2494.29403,0.77884
2492.25454,0.77651
2490.21505,0.77423
2488.17557,0.77221
2486.13608,0.77006
2484.09659,0.76737
2482.05710,0.76469
2480.01761,0.76202
2477.97813,0.75868
2475.93864,0.75523
2473.89915,0.75213
2471.85966,0.74888
2469.82017,0.74581
2467.78068,0.74302
2465.74120,0.73922
2463.70171,0.73422
2461.66222,0.72995
2459.62273,0.72717
2457.58324,0.72439
2455.54376,0.72073
2453.50427,0.71673
2451.46478,0.71290
2449.42529,0.70894
2447.38580,0.70431
2445.34631,0.69942
2443.30683,0.69499
2441.26734,0.69109
2439.22785,0.68735
2437.18836,0.68342
2435.14887,0.67946
2433.10939,0.67547
2431.06990,0.67098
2429.03041,0.66633
2426.99092,0.66241
2424.95143,0.65886
2422.91194,0.65482
2420.87246,0.65069
2418.83297,0.64700
2416.79348,0.64330
2414.75399,0.63955
2412.71450,0.63611
2410.67502,0.63283
2408.63553,0.62972
2406.59604,0.62686
2404.55655,0.62391
2402.51706,0.62114
2400.47757,0.61898
2398.43809,0.61682
2396.39860,0.61471
2394.35911,0.61311
2392.31962,0.61192
2390.28013,0.61052
2388.24065,0.60888
2386.20116,0.60769
2384.16167,0.60741
2382.12218,0.60768
2380.08269,0.60812
2378.04320,0.60881
2376.00372,0.60955
2373.96423,0.61015
2371.92474,0.61119
2369.88525,0.61219
2367.84576,0.61197
2365.80628,0.61082
2363.76679,0.60993
2361.72730,0.60944
2359.68781,0.60805
2357.64832,0.60412
2355.60884,0.59843
2353.56935,0.59433
2351.52986,0.59387
2349.49037,0.59462
2347.45088,0.59325
2345.41139,0.59032
2343.37191,0.58783
2341.33242,0.58572
2339.29293,0.58352
2337.25344,0.58145
2335.21395,0.57934
2333.17447,0.57722
2331.13498,0.57533
2329.09549,0.57362
2327.05600,0.57196
2325.01651,0.56978
2322.97702,0.56665
2320.93754,0.56327
2318.89805,0.56071
2316.85856,0.55922
2314.81907,0.55811
2312.77958,0.55684
2310.74010,0.55544
2308.70061,0.55404
2306.66112,0.55275
2304.62163,0.55164
2302.58214,0.55057
2300.54265,0.54948
2298.50317,0.54860
2296.46368,0.54804
2294.42419,0.54757
2292.38470,0.54721
2290.34521,0.54703
2288.30573,0.54685
2286.26624,0.54670
2284.22675,0.54677
2282.18726,0.54693
2280.14777,0.54724
2278.10828,0.54801
2276.06880,0.54911
2274.02931,0.55005
2271.98982,0.55086
2269.95033,0.55182
2267.91084,0.55279
2265.87136,0.55359
2263.83187,0.55460
2261.79238,0.55595
2259.75289,0.55701
2257.71340,0.55743
2255.67391,0.55752
2253.63443,0.55785
2251.59494,0.55861
2249.55545,0.55941
2247.51596,0.56041
2245.47647,0.56140
2243.43699,0.56220
2241.39750,0.56316
2239.35801,0.56450
2237.31852,0.56576
2235.27903,0.56676
2233.23954,0.56788
2231.20006,0.56897
2229.16057,0.56994
2227.12108,0.57089
2225.08159,0.57196
2223.04210,0.57362
2221.00262,0.57559
2218.96313,0.57722
2216.92364,0.57879
2214.88415,0.58077
2212.84466,0.58338
2210.80518,0.58634
2208.76569,0.58879
2206.72620,0.59066
2204.68671,0.59245
2202.64722,0.59450
2200.60773,0.59683
2198.56825,0.59914
2196.52876,0.60113
2194.48927,0.60299
2192.44978,0.60511
2190.41029,0.60746
2188.37081,0.60988
2186.33132,0.61243
2184.29183,0.61506
2182.25234,0.61748
2180.21285,0.62006
2178.17336,0.62309
2176.13388,0.62612
2174.09439,0.62905
2172.05490,0.63189
2170.01541,0.63451
2167.97592,0.63687
2165.93644,0.63926
2163.89695,0.64174
2161.85746,0.64391
2159.81797,0.64541
2157.77848,0.64617
2155.73899,0.64649
2153.69951,0.64695
2151.66002,0.64752
2149.62053,0.64758
2147.58104,0.64745
2145.54155,0.64776
2143.50207,0.64799
2141.46258,0.64763
2139.42309,0.64687
2137.38360,0.64598
2135.34411,0.64543
2133.30462,0.64520
2131.26514,0.64490
2129.22565,0.64455
2127.18616,0.64424
2125.14667,0.64363
2123.10718,0.64242
2121.06770,0.64138
2119.02821,0.64131
2116.98872,0.64151
2114.94923,0.64114
2112.90974,0.64073
2110.87025,0.64086
2108.83077,0.64119
2106.79128,0.64125
2104.75179,0.64101
2102.71230,0.64101
2100.67281,0.64170
2098.63333,0.64258
2096.59384,0.64303
2094.55435,0.64333
2092.51486,0.64363
2090.47537,0.64336
2088.43588,0.64271
2086.39640,0.64260
2084.35691,0.64290
2082.31742,0.64278
2080.27793,0.64241
2078.23844,0.64200
2076.19896,0.64157
2074.15947,0.64119
2072.11998,0.64071
2070.08049,0.64029
2068.04100,0.64038
2066.00152,0.64087
2063.96203,0.64130
2061.92254,0.64146
2059.88305,0.64114
2057.84356,0.64044
2055.80407,0.63972
2053.76459,0.63915
2051.72510,0.63870
2049.68561,0.63779
2047.64612,0.63600
2045.60663,0.63390
2043.56715,0.63192
2041.52766,0.62964
2039.48817,0.62670
2037.44868,0.62322
2035.40919,0.61949
2033.36970,0.61582
2031.33022,0.61217
2029.29073,0.60832
2027.25124,0.60447
2025.21175,0.60085
2023.17226,0.59721
2021.13278,0.59348
2019.09329,0.59002
2017.05380,0.58651
2015.01431,0.58268
2012.97482,0.57885
2010.93533,0.57518
2008.89585,0.57185
2006.85636,0.56913
2004.81687,0.56698
2002.77738,0.56509
2000.73789,0.56329
1998.69841,0.56174
1996.65892,0.56050
1994.61943,0.55977
1992.57994,0.55951
1990.54045,0.55889
1988.50096,0.55784
1986.46148,0.55691
1984.42199,0.55605
1982.38250,0.55508
1980.34301,0.55422
1978.30352,0.55373
1976.26404,0.55339
1974.22455,0.55298
1972.18506,0.55260
1970.14557,0.55258
1968.10608,0.55284
1966.06659,0.55266
1964.02711,0.55234
1961.98762,0.55252
1959.94813,0.55282
1957.90864,0.55307
1955.86915,0.55336
1953.82967,0.55366
1951.79018,0.55411
1949.75069,0.55460
1947.71120,0.55487
1945.67171,0.55521
1943.63222,0.55571
1941.59274,0.55534
1939.55325,0.55413
1937.51376,0.55318
1935.47427,0.55253
1933.43478,0.55186
1931.39530,0.55108
1929.35581,0.55033
1927.31632,0.55003
1925.27683,0.55038
1923.23734,0.55061
1921.19786,0.55028
1919.15837,0.55011
1917.11888,0.54925
1915.07939,0.54761
1913.03990,0.54679
1911.00041,0.54653
1908.96093,0.54555
1906.92144,0.54371
1904.88195,0.54182
1902.84246,0.54033
1900.80297,0.53936
1898.76349,0.53899
1896.72400,0.53881
1894.68451,0.53831
1892.64502,0.53833
1890.60553,0.53947
1888.56604,0.54011
1886.52656,0.54001
1884.48707,0.54044
1882.44758,0.54131
1880.40809,0.54228
1878.36860,0.54331
1876.32912,0.54418
1874.28963,0.54495
1872.25014,0.54659
1870.21065,0.54892
1868.17116,0.54886
1866.13167,0.54577
1864.09219,0.54310
1862.05270,0.54197
1860.01321,0.54138
1857.97372,0.54075
1855.93423,0.53969
1853.89475,0.53824
1851.85526,0.53698
1849.81577,0.53656
1847.77628,0.53724
1845.73679,0.53826
1843.69730,0.53710
1841.65782,0.53388
1839.61833,0.53195
1837.57884,0.53168
1835.53935,0.53159
1833.49986,0.53218
1831.46038,0.53422
1829.42089,0.53584
1827.38140,0.53607
1825.34191,0.53643
1823.30242,0.53679
1821.26293,0.53708
1819.22345,0.53807
1817.18396,0.53965
1815.14447,0.54169
1813.10498,0.54459
1811.06549,0.54772
1809.02601,0.54991
1806.98652,0.55186
1804.94703,0.55511
1802.90754,0.55997
1800.86805,0.56525
1798.82856,0.56977
1796.78908,0.57454
1794.74959,0.58155
1792.71010,0.58994
1790.67061,0.59645
1788.63112,0.60158
1786.59164,0.60810
1784.55215,0.61573
1782.51266,0.62315
1780.47317,0.62975
1778.43368,0.63537
1776.39420,0.64178
1774.35471,0.65058
1772.31522,0.65925
1770.27573,0.66442
1768.23624,0.66797
1766.19675,0.67263
1764.15727,0.67977
1762.11778,0.68910
1760.07829,0.69874
1758.03880,0.70893
1755.99931,0.72010
1753.95983,0.73249
1751.92034,0.74786
1749.88085,0.76458
1747.84136,0.77920
1745.80187,0.79280
1743.76238,0.80811
1741.72290,0.82580
1739.68341,0.84429
1737.64392,0.86198
1735.60443,0.88134
1733.56494,0.90102
1731.52546,0.91321
1729.48597,0.91858
1727.44648,0.92124
1725.40699,0.92234
1723.36750,0.92139
1721.32801,0.91990
1719.28853,0.92035
1717.24904,0.91996
1715.20955,0.91591
1713.17006,0.91204
1711.13057,0.91202
1709.09109,0.91646
1707.05160,0.92413
1705.01211,0.93303
1702.97262,0.94467
1700.93313,0.96323
1698.89364,0.98579
1696.85416,1.00821
1694.81467,1.03063
1692.77518,1.05180
1690.73569,1.07417
1688.69620,1.09856
1686.65672,1.12538
1684.61723,1.15752
1682.57774,1.18791
1680.53825,1.21046
1678.49876,1.23208
1676.45927,1.25695
1674.41979,1.28244
1672.38030,1.30577
1670.34081,1.32751
1668.30132,1.34693
1666.26183,1.36395
1664.22235,1.38066
1662.18286,1.39541
1660.14337,1.40714
1658.10388,1.41915
1656.06439,1.43513
1654.02490,1.45369
1651.98542,1.46270
1649.94593,1.46197
1647.90644,1.46357
1645.86695,1.46765
1643.82746,1.47051
1641.78798,1.47367
1639.74849,1.47677
1637.70900,1.47780
1635.66951,1.47563
1633.63002,1.47156
1631.59054,1.46880
1629.55105,1.46712
1627.51156,1.46417
1625.47207,1.45808
1623.43258,1.44872
1621.39309,1.43966
1619.35361,1.43478
1617.31412,1.43240
1615.27463,1.42982
1613.23514,1.42821
1611.19565,1.42662
1609.15617,1.42305
1607.11668,1.41966
1605.07719,1.41918
1603.03770,1.41925
1600.99821,1.41591
1598.95872,1.40994
1596.91924,1.40502
1594.87975,1.40219
1592.84026,1.40042
1590.80077,1.39923
1588.76128,1.39726
1586.72180,1.39347
1584.68231,1.38920
1582.64282,1.38609
1580.60333,1.38409
1578.56384,1.38069
1576.52435,1.37198
1574.48487,1.35949
1572.44538,1.34963
1570.40589,1.34111
1568.36640,1.32974
1566.32691,1.31731
1564.28743,1.30645
1562.24794,1.29821
1560.20845,1.28944
1558.16896,1.27408
1556.12947,1.25792
1554.08998,1.24578
1552.05050,1.23580
1550.01101,1.22725
1547.97152,1.21974
1545.93203,1.21237
1543.89254,1.20437
1541.85306,1.19668
1539.81357,1.18921
1537.77408,1.18206
1535.73459,1.17805
1533.69510,1.17594
1531.65561,1.17386
1529.61613,1.17343
1527.57664,1.17354
1525.53715,1.17220
1523.49766,1.17116
1521.45817,1.17110
1519.41869,1.17115
1517.37920,1.17130
1515.33971,1.17073
1513.30022,1.17018
1511.26073,1.17025
1509.22124,1.17016
1507.18176,1.16961
1505.14227,1.16906
1503.10278,1.17101
1501.06329,1.17624
1499.02380,1.18367
1496.98432,1.19226
1494.94483,1.20154
1492.90534,1.21296
1490.86585,1.22815
1488.82636,1.24596
1486.78688,1.26480
1484.74739,1.28455
1482.70790,1.30636
1480.66841,1.33176
1478.62892,1.36051
1476.58943,1.39223
1474.54995,1.42942
1472.51046,1.47525
1470.47097,1.52233
1468.43148,1.56056
1466.39199,1.59351
1464.35251,1.62345
1462.31302,1.64397
1460.27353,1.65624
1458.23404,1.66456
1456.19455,1.66479
1454.15506,1.65942
1452.11558,1.65427
1450.07609,1.64966
1448.03660,1.64802
1445.99711,1.65088
1443.95762,1.65445
1441.91814,1.65725
1439.87865,1.66208
1437.83916,1.66894
1435.79967,1.67444
1433.76018,1.68009
1431.72069,1.68865
1429.68121,1.69580
1427.64172,1.69696
1425.60223,1.69369
1423.56274,1.69020
1421.52325,1.69187
1419.48377,1.70036
1417.44428,1.70848
1415.40479,1.70965
1413.36530,1.70551
1411.32581,1.70000
1409.28632,1.69684
1407.24684,1.69769
1405.20735,1.69926
1403.16786,1.69819
1401.12837,1.69679
1399.08888,1.69456
1397.04940,1.68912
1395.00991,1.68451
1392.97042,1.68357
1390.93093,1.68567
1388.89144,1.69048
1386.85195,1.69647
1384.81247,1.70275
1382.77298,1.70899
1380.73349,1.71365
1378.69400,1.71893
1376.65451,1.72809
1374.61503,1.73432
1372.57554,1.72949
1370.53605,1.72148
1368.49656,1.71963
1366.45707,1.72182
1364.41758,1.72403
1362.37810,1.72367
1360.33861,1.72137
1358.29912,1.72175
1356.25963,1.72171
1354.22014,1.71598
1352.18066,1.70943
1350.14117,1.70827
1348.10168,1.71034
1346.06219,1.70994
1344.02270,1.70732
1341.98322,1.70639
1339.94373,1.70583
1337.90424,1.70163
1335.86475,1.69618
1333.82526,1.69331
1331.78577,1.69124
1329.74629,1.68854
1327.70680,1.68619
1325.66731,1.68140
1323.62782,1.66994
1321.58833,1.65676
1319.54885,1.64988
1317.50936,1.64867
1315.46987,1.65083
1313.43038,1.65353
1311.39089,1.65120
1309.35140,1.64491
1307.31192,1.63904
1305.27243,1.63518
1303.23294,1.63312
1301.19345,1.62866
1299.15396,1.62016
1297.11448,1.61189
1295.07499,1.60666
1293.03550,1.60467
1290.99601,1.60435
1288.95652,1.60173
1286.91703,1.59441
1284.87755,1.58711
1282.83806,1.58424
1280.79857,1.58174
1278.75908,1.57465
1276.71959,1.56611
1274.68011,1.56328
1272.64062,1.56695
1270.60113,1.57210
1268.56164,1.57691
1266.52215,1.58321
1264.48266,1.58879
1262.44318,1.58907
1260.40369,1.58525
1258.36420,1.58406
1256.32471,1.58915
1254.28522,1.59474
1252.24574,1.59687
1250.20625,1.60148
1248.16676,1.60947
1246.12727,1.61300
1244.08778,1.61168
1242.04829,1.61030
1240.00881,1.60742
1237.96932,1.60234
1235.92983,1.59808
1233.89034,1.59355
1231.85085,1.58569
1229.81137,1.57506
1227.77188,1.56426
1225.73239,1.55456
1223.69290,1.54503
1221.65341,1.53500
1219.61392,1.52810
1217.57444,1.52800
1215.53495,1.53397
1213.49546,1.54472
1211.45597,1.55637
1209.41648,1.56574
1207.37700,1.57554
1205.33751,1.58510
1203.29802,1.59135
1201.25853,1.59181
1199.21904,1.58510
1197.17956,1.57562
1195.14007,1.56615
1193.10058,1.55912
1191.06109,1.55948
1189.02160,1.56616
1186.98211,1.57850
1184.94263,1.60172
1182.90314,1.63769
1180.86365,1.68411
1178.82416,1.73499
1176.78467,1.78893
1174.74519,1.85165
1172.70570,1.91524
1170.66621,1.96967
1168.62672,2.01190
1166.58723,2.02965
1164.54774,2.01221
1162.50826,1.97437
1160.46877,1.94239
1158.42928,1.91519
1156.38979,1.88093
1154.35030,1.84212
1152.31082,1.80975
1150.27133,1.79497
1148.23184,1.79286
1146.19235,1.78939
1144.15286,1.78655
1142.11337,1.79462
1140.07389,1.80537
1138.03440,1.81059
1135.99491,1.81353
1133.95542,1.81474
1131.91593,1.81634
1129.87645,1.82132
1127.83696,1.82830
1125.79747,1.83353
1123.75798,1.83553
1121.71849,1.83503
1119.67900,1.82501
1117.63952,1.81086
1115.60003,1.80560
1113.56054,1.80071
1111.52105,1.79219
1109.48156,1.79329
1107.44208,1.80110
1105.40259,1.80310
1103.36310,1.80313
1101.32361,1.80782
1099.28412,1.82138
1097.24463,1.83685
1095.20515,1.83622
1093.16566,1.82967
1091.12617,1.83148
1089.08668,1.83471
1087.04719,1.83847
1085.00771,1.83781
1082.96822,1.82303
1080.92873,1.80181
1078.88924,1.78647
1076.84975,1.77612
1074.81027,1.76308
1072.77078,1.75659
1070.73129,1.76884
1068.69180,1.79355
1066.65231,1.81915
1064.61282,1.83308
1062.57334,1.82759
1060.53385,1.80375
1058.49436,1.76627
1056.45487,1.73068
1054.41538,1.70191
1052.37590,1.66934
1050.33641,1.63717
1048.29692,1.61481
1046.25743,1.60009
1044.21794,1.59201
1042.17845,1.59157
1040.13897,1.59267
1038.09948,1.59161
1036.05999,1.58635
1034.02050,1.57353
1031.98101,1.56451
1029.94153,1.56617
1027.90204,1.56505
1025.86255,1.55318
1023.82306,1.53723
1021.78357,1.52342
1019.74408,1.51380
1017.70460,1.51189
1015.66511,1.51595
1013.62562,1.51748
1011.58613,1.51582
1009.54664,1.51298
1007.50716,1.50590
1005.46767,1.49546
1003.42818,1.48644
1001.38869,1.48016
999.34920,1.47452
997.30971,1.47056
995.27023,1.46849
993.23074,1.46619
991.19125,1.46584
989.15176,1.47080
987.11227,1.47622
985.07279,1.47142
983.03330,1.45425
980.99381,1.43236
978.95432,1.41139
976.91483,1.38999
974.87534,1.36421
972.83586,1.33395
970.79637,1.30405
968.75688,1.27860
966.71739,1.25753
964.67790,1.24067
962.63842,1.22944
960.59893,1.22198
958.55944,1.21472
956.51995,1.21032
954.48046,1.21362
952.44097,1.22554
950.40149,1.24641
948.36200,1.27493
946.32251,1.30815
944.28302,1.34579
942.24353,1.38397
940.20405,1.41282
938.16456,1.42945
936.12507,1.43804
934.08558,1.44416
932.04609,1.45045
930.00661,1.45341
927.96712,1.45178
925.92763,1.44740
923.88814,1.43984
921.84865,1.42549
919.80916,1.40343
917.76968,1.37723
915.73019,1.34893
913.69070,1.32261
911.65121,1.30312
909.61172,1.28938
907.57224,1.27777
905.53275,1.26633
903.49326,1.25551
901.45377,1.24740
899.41428,1.24255
897.37479,1.23880
895.33531,1.23236
893.29582,1.22130
891.25633,1.20865
889.21684,1.19888
887.17735,1.19326
885.13787,1.19082
883.09838,1.19188
881.05889,1.20023
879.01940,1.21739
876.97991,1.24130
874.94042,1.27348
872.90094,1.31441
870.86145,1.35859
868.82196,1.40067
866.78247,1.43768
864.74298,1.46216
862.70350,1.46868
860.66401,1.46406
858.62452,1.45410
856.58503,1.43782
854.54554,1.41763
852.50605,1.40056
850.46657,1.38703
848.42708,1.37396
846.38759,1.36507
844.34810,1.36140
842.30861,1.35659
840.26913,1.34433
838.22964,1.32588
836.19015,1.30891
834.15066,1.29774
832.11117,1.28965
830.07168,1.28034
828.03220,1.27106
825.99271,1.26501
823.95322,1.26232
821.91373,1.26493
819.87424,1.27239
817.83476,1.27889
815.79527,1.28286
813.75578,1.28819
811.71629,1.29687
809.67680,1.30695
807.63731,1.31727
805.59783,1.32990
803.55834,1.34586
801.51885,1.36227
799.47936,1.37952
797.43987,1.39570
795.40039,1.40518
793.36090,1.41435
791.32141,1.42646
789.28192,1.43474
787.24243,1.44338
785.20295,1.45768
783.16346,1.47430
781.12397,1.49576
779.08448,1.52515
777.04499,1.54886
775.00550,1.55948
772.96602,1.57195
770.92653,1.59048
768.88704,1.60242
766.84755,1.59994
764.80806,1.58705
762.76858,1.57338
760.72909,1.56303
758.68960,1.55470
756.65011,1.54483
754.61062,1.53563
752.57113,1.53366
750.53165,1.53206
748.49216,1.52303
746.45267,1.51371
744.41318,1.51100
742.37369,1.51333
740.33421,1.52026
738.29472,1.52655
736.25523,1.52937
734.21574,1.54163
732.17625,1.56436
730.13676,1.58583
728.09728,1.60110
726.05779,1.60728
724.01830,1.61141
721.97881,1.62398
719.93932,1.63630
717.89984,1.63190
715.86035,1.62018
713.82086,1.61619
711.78137,1.61043
709.74188,1.59728
707.70239,1.59084
705.66291,1.59309
703.62342,1.59123
701.58393,1.58421
699.54444,1.58017
697.50495,1.58038
695.46547,1.58079
693.42598,1.58042
691.38649,1.58500
689.34700,1.59816
687.30751,1.60957
685.26802,1.60814
683.22854,1.60208
681.18905,1.60547
679.14956,1.61164
677.11007,1.60656
675.07058,1.59724
673.03110,1.59738
670.99161,1.60106
668.95212,1.59640
666.91263,1.59553
664.87314,1.61166
662.83365,1.63066
660.79417,1.63949
658.75468,1.63891
656.71519,1.63841
654.67570,1.63445
652.63621,1.61703
650.59673,1.60273
648.55724,1.61020
646.51775,1.63047
644.47826,1.64577
642.43877,1.64292
640.39929,1.61670
638.35980,1.58561
636.32031,1.57758
634.28082,1.59213
632.24133,1.60696
630.20184,1.61183
628.16236,1.60716
626.12287,1.58542
624.08338,1.56281
622.04389,1.56474
620.00440,1.57996
617.96492,1.59046
615.92543,1.60714
613.88594,1.62591
611.84645,1.62500
609.80696,1.60526
607.76747,1.58841
605.72799,1.60110
603.68850,1.63242
601.64901,1.63562
599.60952,1.59111
597.57003,1.57411
595.53055,1.63290
593.49106,1.71356
591.45157,1.75700
589.41208,1.75116
587.37259,1.69757
585.33310,1.64344
583.29362,1.61566
581.25413,1.62040
579.21464,1.62735
577.17515,1.60702
575.13566,1.57509
573.09618,1.56231
571.05669,1.57911
569.01720,1.57793
566.97771,1.55442
564.93822,1.54942
562.89873,1.54030
560.85925,1.54370
558.81976,1.57901
556.78027,1.61123
554.74078,1.57623
552.70129,1.53490
550.66181,1.52742
548.62232,1.55433
546.58283,1.59680
544.54334,1.62612
542.50385,1.61440
540.46436,1.57370
538.42488,1.56453
536.38539,1.59145
534.34590,1.60216
532.30641,1.56650
530.26692,1.51035
528.22744,1.54916
526.18795,1.73823
524.14846,1.77501
522.10897,1.57045
520.06948,1.47191
518.02999,1.46510
515.99051,1.55458
513.95102,1.55796
511.91153,1.38039
509.87204,1.37677
507.83255,1.46670
505.79307,1.36533
503.75358,1.23569
501.71409,1.12195
499.67460,1.04852
