3997.39681,0.37534
3995.35732,0.37495
3993.31783,0.37417
3991.27835,0.37356
3989.23886,0.37311
3987.19937,0.37247
3985.15988,0.37199
3983.12039,0.37184
3981.08091,0.37125
3979.04142,0.36978
3977.00193,0.36819
3974.96244,0.36714
3972.92295,0.36634
3970.88346,0.36545
3968.84398,0.36432
3966.80449,0.36308
3964.76500,0.36215
3962.72551,0.36136
3960.68602,0.36014
3958.64654,0.35862
3956.60705,0.35711
3954.56756,0.35566
3952.52807,0.35437
3950.48858,0.35326
3948.44909,0.35219
3946.40961,0.35115
3944.37012,0.35016
3942.33063,0.34868
3940.29114,0.34680
3938.25165,0.34549
3936.21217,0.34501
3934.17268,0.34457
3932.13319,0.34304
3930.09370,0.34071
3928.05421,0.33908
3926.01473,0.33820
3923.97524,0.33691
3921.93575,0.33516
3919.89626,0.33370
3917.85677,0.33220
3915.81728,0.33020
3913.77780,0.32833
3911.73831,0.32694
3909.69882,0.32542
3907.65933,0.32408
3905.61984,0.32328
3903.58036,0.32209
3901.54087,0.32007
3899.50138,0.31754
3897.46189,0.31517
3895.42240,0.31436
3893.38291,0.31459
3891.34343,0.31343
3889.30394,0.31141
3887.26445,0.31080
3885.22496,0.31047
3883.18547,0.30984
3881.14599,0.30943
3879.10650,0.30781
3877.06701,0.30635
3875.02752,0.30648
3872.98803,0.30676
3870.94854,0.30649
3868.90906,0.30538
3866.86957,0.30468
3864.83008,0.30465
3862.79059,0.30377
3860.75110,0.30300
3858.71162,0.30338
3856.67213,0.30461
3854.63264,0.30474
3852.59315,0.30160
3850.55366,0.29906
3848.51417,0.29959
3846.47469,0.30073
3844.43520,0.30125
3842.39571,0.30160
3840.35622,0.30187
3838.31673,0.30128
3836.27725,0.29986
3834.23776,0.29898
3832.19827,0.29866
3830.15878,0.29842
3828.11929,0.29881
3826.07980,0.29953
3824.04032,0.30046
3822.00083,0.30125
3819.96134,0.30035
3817.92185,0.29961
3815.88236,0.29967
3813.84288,0.29936
3811.80339,0.29988
3809.76390,0.30110
3807.72441,0.30159
3805.68492,0.30103
3803.64543,0.30155
3801.60595,0.30274
3799.56646,0.30275
3797.52697,0.30301
3795.48748,0.30353
3793.44799,0.30410
3791.40851,0.30529
3789.36902,0.30654
3787.32953,0.30761
3785.29004,0.30869
3783.25055,0.30989
3781.21107,0.31128
3779.17158,0.31196
3777.13209,0.31183
3775.09260,0.31236
3773.05311,0.31392
3771.01362,0.31571
3768.97414,0.31686
3766.93465,0.31789
3764.89516,0.31925
3762.85567,0.32091
3760.81618,0.32284
3758.77670,0.32396
3756.73721,0.32451
3754.69772,0.32609
3752.65823,0.32813
3750.61874,0.32828
3748.57925,0.32765
3746.53977,0.32985
3744.50028,0.33311
3742.46079,0.33467
3740.42130,0.33689
3738.38181,0.34000
3736.34233,0.34178
3734.30284,0.34226
3732.26335,0.34343
3730.22386,0.34596
3728.18437,0.34957
3726.14488,0.35302
3724.10540,0.35533
3722.06591,0.35723
3720.02642,0.35945
3717.98693,0.36213
3715.94744,0.36539
3713.90796,0.36955
3711.86847,0.37379
3709.82898,0.37700
3707.78949,0.38016
3705.75000,0.38471
3703.71051,0.39080
3701.67103,0.39740
3699.63154,0.40391
3697.59205,0.41038
3695.55256,0.41636
3693.51307,0.42236
3691.47359,0.42913
3689.43410,0.43558
3687.39461,0.44110
3685.35512,0.44784
3683.31563,0.45672
3681.27614,0.46635
3679.23666,0.47607
3677.19717,0.48711
3675.15768,0.49919
3673.11819,0.51174
3671.07870,0.52655
3669.03922,0.54178
3666.99973,0.55552
3664.96024,0.56960
3662.92075,0.58438
3660.88126,0.59905
3658.84177,0.61438
3656.80229,0.63149
3654.76280,0.64904
3652.72331,0.66662
3650.68382,0.68548
3648.64433,0.70436
3646.60485,0.72098
3644.56536,0.73580
3642.52587,0.75181
3640.48638,0.77030
3638.44689,0.78976
3636.40741,0.80804
3634.36792,0.82431
3632.32843,0.84020
3630.28894,0.85929
3628.24945,0.88082
3626.20996,0.90009
3624.17048,0.91687
3622.13099,0.93320
3620.09150,0.95087
3618.05201,0.97028
3616.01252,0.99061
3613.97304,1.01047
3611.93355,1.02752
3609.89406,1.04249
3607.85457,1.05814
3605.81508,1.07521
3603.77559,1.09365
3601.73611,1.11281
3599.69662,1.13150
3597.65713,1.15021
3595.61764,1.16988
3593.57815,1.18938
3591.53867,1.20672
3589.49918,1.22266
3587.45969,1.24007
3585.42020,1.25969
3583.38071,1.27923
3581.34122,1.29616
3579.30174,1.31176
3577.26225,1.33098
3575.22276,1.35336
3573.18327,1.37310
3571.14378,1.38970
3569.10430,1.40511
3567.06481,1.42044
3565.02532,1.43823
3562.98583,1.45576
3560.94634,1.46985
3558.90685,1.48386
3556.86737,1.50020
3554.82788,1.51786
3552.78839,1.53197
3550.74890,1.53724
3548.70941,1.54138
3546.66993,1.55466
3544.63044,1.57472
3542.59095,1.59524
3540.55146,1.61132
3538.51197,1.61917
3536.47248,1.62265
3534.43300,1.62577
3532.39351,1.63034
3530.35402,1.64140
3528.31453,1.65758
3526.27504,1.67446
3524.23556,1.68884
3522.19607,1.69332
3520.15658,1.68828
3518.11709,1.68277
3516.07760,1.68355
3514.03811,1.69576
3511.99863,1.71724
3509.95914,1.73622
3507.91965,1.74867
3505.88016,1.75728
3503.84067,1.76072
3501.80119,1.75981
3499.76170,1.76044
3497.72221,1.76493
3495.68272,1.76608
3493.64323,1.76076
3491.60375,1.76058
3489.56426,1.76985
3487.52477,1.77896
3485.48528,1.78327
3483.44579,1.78375
3481.40630,1.78413
3479.36682,1.79725
3477.32733,1.82167
3475.28784,1.83306
3473.24835,1.82697
3471.20886,1.81964
3469.16938,1.81840
3467.12989,1.82896
3465.09040,1.84501
3463.05091,1.84196
3461.01142,1.82196
3458.97193,1.81573
3456.93245,1.82332
3454.89296,1.82841
3452.85347,1.83216
3450.81398,1.83744
3448.77449,1.84521
3446.73501,1.85415
3444.69552,1.85246
3442.65603,1.83716
3440.61654,1.82583
3438.57705,1.82726
3436.53756,1.83136
3434.49808,1.83127
3432.45859,1.83008
3430.41910,1.83243
3428.37961,1.84117
3426.34012,1.85411
3424.30064,1.86082
3422.26115,1.85645
3420.22166,1.84800
3418.18217,1.84464
3416.14268,1.84659
3414.10319,1.84904
3412.06371,1.84819
3410.02422,1.85128
3407.98473,1.86722
3405.94524,1.87852
3403.90575,1.86485
3401.86627,1.84387
3399.82678,1.84432
3397.78729,1.85916
3395.74780,1.86033
3393.70831,1.84371
3391.66882,1.83203
3389.62934,1.83400
3387.58985,1.83518
3385.55036,1.83735
3383.51087,1.85104
3381.47138,1.85990
3379.43190,1.85170
3377.39241,1.84311
3375.35292,1.84408
3373.31343,1.84891
3371.27394,1.85518
3369.23446,1.86023
3367.19497,1.85593
3365.15548,1.84380
3363.11599,1.83249
3361.07650,1.82418
3359.03701,1.81746
3356.99753,1.81515
3354.95804,1.81881
3352.91855,1.81859
3350.87906,1.81633
3348.83957,1.83213
3346.80009,1.85563
3344.76060,1.85285
3342.72111,1.83179
3340.68162,1.82567
3338.64213,1.83720
3336.60264,1.83858
3334.56316,1.81634
3332.52367,1.79578
3330.48418,1.79578
3328.44469,1.80124
3326.40520,1.80116
3324.36572,1.80417
3322.32623,1.81308
3320.28674,1.81885
3318.24725,1.81632
3316.20776,1.81476
3314.16827,1.81706
3312.12879,1.80884
3310.08930,1.79148
3308.04981,1.78051
3306.01032,1.78104
3303.97083,1.78987
3301.93135,1.79343
3299.89186,1.78915
3297.85237,1.78824
3295.81288,1.78773
3293.77339,1.78400
3291.73390,1.78187
3289.69442,1.78153
3287.65493,1.78023
3285.61544,1.77725
3283.57595,1.77024
3281.53646,1.76092
3279.49698,1.75701
3277.45749,1.75594
3275.41800,1.75133
3273.37851,1.74675
3271.33902,1.74578
3269.29953,1.74965
3267.26005,1.75673
3265.22056,1.75843
3263.18107,1.75405
3261.14158,1.75187
3259.10209,1.75035
3257.06261,1.74383
3255.02312,1.73723
3252.98363,1.73527
3250.94414,1.73599
3248.90465,1.73590
3246.86516,1.72964
3244.82568,1.71997
3242.78619,1.71514
3240.74670,1.71451
3238.70721,1.71431
3236.66772,1.71442
3234.62824,1.71482
3232.58875,1.71179
3230.54926,1.70692
3228.50977,1.70451
3226.47028,1.70079
3224.43080,1.69377
3222.39131,1.68602
3220.35182,1.67847
3218.31233,1.67141
3216.27284,1.66827
3214.23335,1.67181
3212.19387,1.67719
3210.15438,1.67873
3208.11489,1.67537
3206.07540,1.67101
3204.03591,1.66949
3201.99643,1.66691
3199.95694,1.66248
3197.91745,1.66248
3195.87796,1.66232
3193.83847,1.65354
3191.79898,1.64188
3189.75950,1.63475
3187.72001,1.63312
3185.68052,1.63329
3183.64103,1.62927
3181.60154,1.62220
3179.56206,1.61831
3177.52257,1.61801
3175.48308,1.61373
3173.44359,1.60373
3171.40410,1.59646
3169.36461,1.59565
3167.32513,1.59451
3165.28564,1.58972
3163.24615,1.58701
3161.20666,1.58767
3159.16717,1.58441
3157.12769,1.57522
3155.08820,1.56671
3153.04871,1.56090
3151.00922,1.55478
3148.96973,1.54915
3146.93024,1.54553
3144.89076,1.54314
3142.85127,1.54079
3140.81178,1.53447
3138.77229,1.52285
3136.73280,1.51410
3134.69332,1.51409
3132.65383,1.51789
3130.61434,1.51783
3128.57485,1.51162
3126.53536,1.50428
3124.49587,1.49907
3122.45639,1.49400
3120.41690,1.48817
3118.37741,1.48174
3116.33792,1.47674
3114.29843,1.47221
3112.25895,1.46375
3110.21946,1.45605
3108.17997,1.45537
3106.14048,1.45508
3104.10099,1.44640
3102.06150,1.43380
3100.02202,1.42722
3097.98253,1.42593
3095.94304,1.42285
3093.90355,1.41832
3091.86406,1.41253
3089.82458,1.40286
3087.78509,1.39491
3085.74560,1.39201
3083.70611,1.38801
3081.66662,1.38081
3079.62714,1.37512
3077.58765,1.37140
3075.54816,1.36663
3073.50867,1.36249
3071.46918,1.35914
3069.42969,1.35245
3067.39021,1.34287
3065.35072,1.33446
3063.31123,1.32852
3061.27174,1.32364
3059.23225,1.31834
3057.19277,1.31251
3055.15328,1.30673
3053.11379,1.30077
3051.07430,1.29447
3049.03481,1.28858
3046.99532,1.28351
3044.95584,1.27897
3042.91635,1.27470
3040.87686,1.27016
3038.83737,1.26502
3036.79788,1.25951
3034.75840,1.25354
3032.71891,1.24782
3030.67942,1.24315
3028.63993,1.23849
3026.60044,1.23437
3024.56095,1.23175
3022.52147,1.22844
3020.48198,1.22409
3018.44249,1.22020
3016.40300,1.21677
3014.36351,1.21487
3012.32403,1.21541
3010.28454,1.21656
3008.24505,1.21675
3006.20556,1.21694
3004.16607,1.21671
3002.12658,1.21557
3000.08710,1.21647
2998.04761,1.22031
2996.00812,1.22518
2993.96863,1.23161
2991.92914,1.23979
2989.88966,1.24725
2987.85017,1.25397
2985.81068,1.26220
2983.77119,1.27180
2981.73170,1.28130
2979.69221,1.29036
2977.65273,1.29953
2975.61324,1.30845
2973.57375,1.31700
2971.53426,1.32708
2969.49477,1.33865
2967.45529,1.34995
2965.41580,1.36176
2963.37631,1.37431
2961.33682,1.38625
2959.29733,1.39706
2957.25784,1.41006
2955.21836,1.42877
2953.17887,1.44659
2951.13938,1.45976
2949.09989,1.47260
2947.06040,1.48192
2945.02092,1.48809
2942.98143,1.49697
2940.94194,1.50717
2938.90245,1.51696
2936.86296,1.52402
2934.82348,1.52623
2932.78399,1.52796
2930.74450,1.53077
2928.70501,1.53181
2926.66552,1.53014
2924.62603,1.52548
2922.58655,1.51838
2920.54706,1.51195
2918.50757,1.50653
2916.46808,1.49688
2914.42859,1.48195
2912.38911,1.46836
2910.34962,1.46077
2908.31013,1.46026
2906.27064,1.46235
2904.23115,1.46069
2902.19166,1.45681
2900.15218,1.45462
2898.11269,1.45479
2896.07320,1.45322
2894.03371,1.44561
2891.99422,1.43798
2889.95474,1.43600
2887.91525,1.43331
2885.87576,1.42475
2883.83627,1.41519
2881.79678,1.40738
2879.75729,1.39661
2877.71781,1.38181
2875.67832,1.36989
2873.63883,1.36195
2871.59934,1.35163
2869.55985,1.33850
2867.52037,1.32737
2865.48088,1.31985
2863.44139,1.31314
2861.40190,1.30482
2859.36241,1.29610
2857.32292,1.28896
2855.28344,1.28197
2853.24395,1.27350
2851.20446,1.26439
2849.16497,1.25472
2847.12548,1.24408
2845.08600,1.23344
2843.04651,1.22446
2841.00702,1.21621
2838.96753,1.20730
2836.92804,1.19850
2834.88855,1.19014
2832.84907,1.18198
2830.80958,1.17432
2828.77009,1.16715
2826.73060,1.15987
2824.69111,1.15217
2822.65163,1.14448
2820.61214,1.13811
2818.57265,1.13279
2816.53316,1.12678
2814.49367,1.11987
2812.45418,1.11388
2810.41470,1.10960
2808.37521,1.10573
2806.33572,1.10230
2804.29623,1.09882
2802.25674,1.09365
2800.21726,1.08823
2798.17777,1.08454
2796.13828,1.08185
2794.09879,1.07891
2792.05930,1.07549
2790.01982,1.07174
2787.98033,1.06788
2785.94084,1.06465
2783.90135,1.06297
2781.86186,1.06185
2779.82237,1.05946
2777.78289,1.05605
2775.74340,1.05305
2773.70391,1.05072
2771.66442,1.04861
2769.62493,1.04721
2767.58545,1.04632
2765.54596,1.04494
2763.50647,1.04363
2761.46698,1.04256
2759.42749,1.04045
2757.38800,1.03716
2755.34852,1.03463
2753.30903,1.03395
2751.26954,1.03356
2749.23005,1.03262
2747.19056,1.03103
2745.15108,1.02857
2743.11159,1.02661
2741.07210,1.02583
2739.03261,1.02467
2736.99312,1.02144
2734.95363,1.01697
2732.91415,1.01355
2730.87466,1.01117
2728.83517,1.00899
2726.79568,1.00741
2724.75619,1.00592
2722.71671,1.00381
2720.67722,1.00109
2718.63773,0.99755
2716.59824,0.99410
2714.55875,0.99150
2712.51926,0.98906
2710.47978,0.98647
2708.44029,0.98377
2706.40080,0.98042
2704.36131,0.97659
2702.32182,0.97297
2700.28234,0.96997
2698.24285,0.96800
2696.20336,0.96614
2694.16387,0.96277
2692.12438,0.95848
2690.08489,0.95535
2688.04541,0.95337
2686.00592,0.95083
2683.96643,0.94787
2681.92694,0.94488
2679.88745,0.94118
2677.84797,0.93795
2675.80848,0.93584
2673.76899,0.93315
2671.72950,0.92923
2669.69001,0.92493
2667.65052,0.92124
2665.61104,0.91765
2663.57155,0.91328
2661.53206,0.90903
2659.49257,0.90542
2657.45308,0.90221
2655.41360,0.89885
2653.37411,0.89466
2651.33462,0.88953
2649.29513,0.88449
2647.25564,0.88102
2645.21616,0.87833
2643.17667,0.87481
2641.13718,0.87026
2639.09769,0.86535
2637.05820,0.86102
2635.01871,0.85749
2632.97923,0.85412
2630.93974,0.85030
2628.90025,0.84587
2626.86076,0.84117
2624.82127,0.83699
2622.78179,0.83340
2620.74230,0.82954
2618.70281,0.82542
2616.66332,0.82192
2614.62383,0.81907
2612.58434,0.81650
2610.54486,0.81410
2608.50537,0.81139
2606.46588,0.80864
2604.42639,0.80674
2602.38690,0.80509
2600.34742,0.80288
2598.30793,0.80055
2596.26844,0.79854
2594.22895,0.79665
2592.18946,0.79464
2590.14997,0.79266
2588.11049,0.79103
2586.07100,0.78940
2584.03151,0.78673
2581.99202,0.78359
2579.95253,0.78109
2577.91305,0.77871
2575.87356,0.77637
2573.83407,0.77446
2571.79458,0.77226
2569.75509,0.76940
2567.71560,0.76648
2565.67612,0.76400
2563.63663,0.76183
2561.59714,0.75962
2559.55765,0.75705
2557.51816,0.75422
2555.47868,0.75180
2553.43919,0.74984
2551.39970,0.74783
2549.36021,0.74558
2547.32072,0.74286
2545.28123,0.73982
2543.24175,0.73715
2541.20226,0.73471
2539.16277,0.73209
2537.12328,0.72985
2535.08379,0.72812
2533.04431,0.72604
2531.00482,0.72322
2528.96533,0.72011
2526.92584,0.71762
2524.88635,0.71595
2522.84686,0.71408
2520.80738,0.71165
2518.76789,0.70911
2516.72840,0.70658
2514.68891,0.70426
2512.64942,0.70223
2510.60994,0.70036
2508.57045,0.69878
2506.53096,0.69729
2504.49147,0.69566
2502.45198,0.69399
2500.41250,0.69215
2498.37301,0.69006
2496.33352,0.68793
2494.29403,0.68560
2492.25454,0.68329
2490.21505,0.68114
2488.17557,0.67882
2486.13608,0.67682
2484.09659,0.67504
2482.05710,0.67286
2480.01761,0.67047
2477.97813,0.66786
2475.93864,0.66493
2473.89915,0.66193
2471.85966,0.65898
2469.82017,0.65613
2467.78068,0.65332
2465.74120,0.65048
2463.70171,0.64753
2461.66222,0.64442
2459.62273,0.64140
2457.58324,0.63830
2455.54376,0.63518
2453.50427,0.63257
2451.46478,0.63016
2449.42529,0.62717
2447.38580,0.62347
2445.34631,0.61961
2443.30683,0.61607
2441.26734,0.61287
2439.22785,0.60980
2437.18836,0.60643
2435.14887,0.60294
2433.10939,0.59993
2431.06990,0.59678
2429.03041,0.59330
2426.99092,0.59018
2424.95143,0.58744
2422.91194,0.58460
2420.87246,0.58158
2418.83297,0.57863
2416.79348,0.57567
2414.75399,0.57262
2412.71450,0.57010
2410.67502,0.56834
2408.63553,0.56653
2406.59604,0.56391
2404.55655,0.56097
2402.51706,0.55866
2400.47757,0.55684
2398.43809,0.55480
2396.39860,0.55277
2394.35911,0.55096
2392.31962,0.54921
2390.28013,0.54746
2388.24065,0.54594
2386.20116,0.54486
2384.16167,0.54430
2382.12218,0.54414
2380.08269,0.54410
2378.04320,0.54403
2376.00372,0.54384
2373.96423,0.54352
2371.92474,0.54331
2369.88525,0.54318
2367.84576,0.54301
2365.80628,0.54258
2363.76679,0.54165
2361.72730,0.54048
2359.68781,0.53931
2357.64832,0.53778
2355.60884,0.53568
2353.56935,0.53362
2351.52986,0.53289
2349.49037,0.53280
2347.45088,0.53095
2345.41139,0.52781
2343.37191,0.52559
2341.33242,0.52418
2339.29293,0.52276
2337.25344,0.52149
2335.21395,0.51958
2333.17447,0.51663
2331.13498,0.51373
2329.09549,0.51178
2327.05600,0.51059
2325.01651,0.50938
2322.97702,0.50775
2320.93754,0.50568
2318.89805,0.50345
2316.85856,0.50162
2314.81907,0.50017
2312.77958,0.49858
2310.74010,0.49695
2308.70061,0.49555
2306.66112,0.49422
2304.62163,0.49272
2302.58214,0.49123
2300.54265,0.49011
2298.50317,0.48935
2296.46368,0.48865
2294.42419,0.48793
2292.38470,0.48729
2290.34521,0.48677
2288.30573,0.48625
2286.26624,0.48571
2284.22675,0.48526
2282.18726,0.48495
2280.14777,0.48475
2278.10828,0.48468
2276.06880,0.48482
2274.02931,0.48511
2271.98982,0.48534
2269.95033,0.48543
2267.91084,0.48543
2265.87136,0.48565
2263.83187,0.48611
2261.79238,0.48656
2259.75289,0.48692
2257.71340,0.48711
2255.67391,0.48708
2253.63443,0.48693
2251.59494,0.48675
2249.55545,0.48663
2247.51596,0.48695
2245.47647,0.48756
2243.43699,0.48834
2241.39750,0.48892
2239.35801,0.48923
2237.31852,0.48956
2235.27903,0.48977
2233.23954,0.48988
2231.20006,0.49027
2229.16057,0.49094
2227.12108,0.49164
2225.08159,0.49233
2223.04210,0.49321
2221.00262,0.49424
2218.96313,0.49521
2216.92364,0.49575
2214.88415,0.49591
2212.84466,0.49653
2210.80518,0.49778
2208.76569,0.49905
2206.72620,0.50022
2204.68671,0.50140
2202.64722,0.50256
2200.60773,0.50383
2198.56825,0.50527
2196.52876,0.50662
2194.48927,0.50771
2192.44978,0.50870
2190.41029,0.50979
2188.37081,0.51109
2186.33132,0.51257
2184.29183,0.51399
2182.25234,0.51539
2180.21285,0.51692
2178.17336,0.51846
2176.13388,0.51983
2174.09439,0.52119
2172.05490,0.52261
2170.01541,0.52382
2167.97592,0.52493
2165.93644,0.52621
2163.89695,0.52759
2161.85746,0.52891
2159.81797,0.53004
2157.77848,0.53068
2155.73899,0.53077
2153.69951,0.53090
2151.66002,0.53123
2149.62053,0.53135
2147.58104,0.53136
2145.54155,0.53143
2143.50207,0.53138
2141.46258,0.53104
2139.42309,0.53048
2137.38360,0.52997
2135.34411,0.52964
2133.30462,0.52946
2131.26514,0.52955
2129.22565,0.52962
2127.18616,0.52935
2125.14667,0.52886
2123.10718,0.52812
2121.06770,0.52723
2119.02821,0.52678
2116.98872,0.52664
2114.94923,0.52617
2112.90974,0.52564
2110.87025,0.52531
2108.83077,0.52473
2106.79128,0.52422
2104.75179,0.52426
2102.71230,0.52428
2100.67281,0.52385
2098.63333,0.52353
2096.59384,0.52341
2094.55435,0.52304
2092.51486,0.52260
2090.47537,0.52244
2088.43588,0.52238
2086.39640,0.52200
2084.35691,0.52133
2082.31742,0.52069
2080.27793,0.52011
2078.23844,0.51949
2076.19896,0.51909
2074.15947,0.51917
2072.11998,0.51933
2070.08049,0.51895
2068.04100,0.51828
2066.00152,0.51803
2063.96203,0.51808
2061.92254,0.51821
2059.88305,0.51827
2057.84356,0.51799
2055.80407,0.51751
2053.76459,0.51705
2051.72510,0.51650
2049.68561,0.51556
2047.64612,0.51435
2045.60663,0.51328
2043.56715,0.51223
2041.52766,0.51076
2039.48817,0.50887
2037.44868,0.50680
2035.40919,0.50457
2033.36970,0.50240
2031.33022,0.50052
2029.29073,0.49860
2027.25124,0.49644
2025.21175,0.49439
2023.17226,0.49244
2021.13278,0.49029
2019.09329,0.48821
2017.05380,0.48626
2015.01431,0.48406
2012.97482,0.48179
2010.93533,0.47972
2008.89585,0.47778
2006.85636,0.47609
2004.81687,0.47488
2002.77738,0.47392
2000.73789,0.47278
1998.69841,0.47141
1996.65892,0.47041
1994.61943,0.47042
1992.57994,0.47082
1990.54045,0.47038
1988.50096,0.46952
1986.46148,0.46906
1984.42199,0.46883
1982.38250,0.46874
1980.34301,0.46880
1978.30352,0.46883
1976.26404,0.46871
1974.22455,0.46844
1972.18506,0.46824
1970.14557,0.46855
1968.10608,0.46914
1966.06659,0.46906
1964.02711,0.46851
1961.98762,0.46842
1959.94813,0.46865
1957.90864,0.46882
1955.86915,0.46893
1953.82967,0.46904
1951.79018,0.46900
1949.75069,0.46886
1947.71120,0.46907
1945.67171,0.46984
1943.63222,0.47051
1941.59274,0.46998
1939.55325,0.46874
1937.51376,0.46792
1935.47427,0.46750
1933.43478,0.46719
1931.39530,0.46692
1929.35581,0.46681
1927.31632,0.46702
1925.27683,0.46757
1923.23734,0.46793
1921.19786,0.46785
1919.15837,0.46816
1917.11888,0.46802
1915.07939,0.46714
1913.03990,0.46699
1911.00041,0.46720
1908.96093,0.46674
1906.92144,0.46587
1904.88195,0.46540
1902.84246,0.46530
1900.80297,0.46532
1898.76349,0.46559
1896.72400,0.46606
1894.68451,0.46611
1892.64502,0.46621
1890.60553,0.46713
1888.56604,0.46770
1886.52656,0.46762
1884.48707,0.46789
1882.44758,0.46841
1880.40809,0.46908
1878.36860,0.46989
1876.32912,0.47062
1874.28963,0.47137
1872.25014,0.47286
1870.21065,0.47503
1868.17116,0.47556
1866.13167,0.47387
1864.09219,0.47257
1862.05270,0.47245
1860.01321,0.47257
1857.97372,0.47256
1855.93423,0.47248
1853.89475,0.47251
1851.85526,0.47288
1849.81577,0.47384
1847.77628,0.47545
1845.73679,0.47727
1843.69730,0.47745
1841.65782,0.47592
1839.61833,0.47529
1837.57884,0.47582
1835.53935,0.47630
1833.49986,0.47742
1831.46038,0.48019
1829.42089,0.48289
1827.38140,0.48426
1825.34191,0.48520
1823.30242,0.48572
1821.26293,0.48629
1819.22345,0.48771
1817.18396,0.48957
1815.14447,0.49185
1813.10498,0.49517
1811.06549,0.49883
1809.02601,0.50151
1806.98652,0.50373
1804.94703,0.50692
1802.90754,0.51157
1800.86805,0.51678
1798.82856,0.52126
1796.78908,0.52565
1794.74959,0.53192
1792.71010,0.53963
1790.67061,0.54559
1788.63112,0.55022
1786.59164,0.55642
1784.55215,0.56408
1782.51266,0.57202
1780.47317,0.57978
1778.43368,0.58715
1776.39420,0.59563
1774.35471,0.60721
1772.31522,0.62085
1770.27573,0.63392
1768.23624,0.64724
1766.19675,0.66254
1764.15727,0.68105
1762.11778,0.70357
1760.07829,0.72760
1758.03880,0.75167
1755.99931,0.77577
1753.95983,0.79928
1751.92034,0.82402
1749.88085,0.84932
1747.84136,0.87047
1745.80187,0.88657
1743.76238,0.90081
1741.72290,0.91511
1739.68341,0.92790
1737.64392,0.93793
1735.60443,0.94753
1733.56494,0.95499
1731.52546,0.95670
1729.48597,0.95518
1727.44648,0.95227
1725.40699,0.94890
1723.36750,0.94532
1721.32801,0.94219
1719.28853,0.93964
1717.24904,0.93346
1715.20955,0.92240
1713.17006,0.91176
1711.13057,0.90433
1709.09109,0.89979
1707.05160,0.89714
1705.01211,0.89570
1702.97262,0.89772
1700.93313,0.90524
1698.89364,0.91497
1696.85416,0.92604
1694.81467,0.93887
1692.77518,0.95211
1690.73569,0.96712
1688.69620,0.98389
1686.65672,1.00350
1684.61723,1.02827
1682.57774,1.05231
1680.53825,1.07048
1678.49876,1.08699
1676.45927,1.10615
1674.41979,1.12718
1672.38030,1.14730
1670.34081,1.16710
1668.30132,1.18531
1666.26183,1.20026
1664.22235,1.21510
1662.18286,1.23031
1660.14337,1.24268
1658.10388,1.25280
1656.06439,1.26495
1654.02490,1.27909
1651.98542,1.28645
1649.94593,1.28870
1647.90644,1.29473
1645.86695,1.30088
1643.82746,1.30191
1641.78798,1.30209
1639.74849,1.30517
1637.70900,1.31125
1635.66951,1.31630
1633.63002,1.31627
1631.59054,1.31489
1629.55105,1.31422
1627.51156,1.31268
1625.47207,1.31040
1623.43258,1.30782
1621.39309,1.30429
1619.35361,1.30233
1617.31412,1.30382
1615.27463,1.30628
1613.23514,1.30844
1611.19565,1.31094
1609.15617,1.31242
1607.11668,1.31193
1605.07719,1.31140
1603.03770,1.31164
1600.99821,1.31042
1598.95872,1.30651
1596.91924,1.30186
1594.87975,1.29838
1592.84026,1.29519
1590.80077,1.29043
1588.76128,1.28436
1586.72180,1.27862
1584.68231,1.27309
1582.64282,1.26690
1580.60333,1.26089
1578.56384,1.25588
1576.52435,1.24980
1574.48487,1.24239
1572.44538,1.23809
1570.40589,1.23568
1568.36640,1.22935
1566.32691,1.21970
1564.28743,1.21107
1562.24794,1.20527
1560.20845,1.20116
1558.16896,1.19571
1556.12947,1.18917
1554.08998,1.18127
1552.05050,1.17233
1550.01101,1.16481
1547.97152,1.15916
1545.93203,1.15419
1543.89254,1.14741
1541.85306,1.13733
1539.81357,1.12523
1537.77408,1.11493
1535.73459,1.10967
1533.69510,1.10674
1531.65561,1.10231
1529.61613,1.09716
1527.57664,1.09185
1525.53715,1.08664
1523.49766,1.08405
1521.45817,1.08334
1519.41869,1.08174
1517.37920,1.07971
1515.33971,1.07708
1513.30022,1.07478
1511.26073,1.07428
1509.22124,1.07461
1507.18176,1.07377
1505.14227,1.07166
1503.10278,1.07216
1501.06329,1.07707
1499.02380,1.08527
1496.98432,1.09457
1494.94483,1.10354
1492.90534,1.11330
1490.86585,1.12556
1488.82636,1.14042
1486.78688,1.15757
1484.74739,1.17686
1482.70790,1.19869
1480.66841,1.22286
1478.62892,1.24861
1476.58943,1.27824
1474.54995,1.31532
1472.51046,1.35775
1470.47097,1.39542
1468.43148,1.42416
1466.39199,1.45003
1464.35251,1.47545
1462.31302,1.49554
1460.27353,1.50816
1458.23404,1.51592
1456.19455,1.52146
1454.15506,1.52628
1452.11558,1.52823
1450.07609,1.52744
1448.03660,1.52867
1445.99711,1.53352
1443.95762,1.53871
1441.91814,1.54368
1439.87865,1.55138
1437.83916,1.56210
1435.79967,1.57203
1433.76018,1.57971
1431.72069,1.58636
1429.68121,1.59195
1427.64172,1.59635
1425.60223,1.59759
1423.56274,1.59478
1421.52325,1.59270
1419.48377,1.59416
1417.44428,1.59609
1415.40479,1.59737
1413.36530,1.59792
1411.32581,1.59673
1409.28632,1.59531
1407.24684,1.59346
1405.20735,1.58829
1403.16786,1.58015
1401.12837,1.57300
1399.08888,1.56898
1397.04940,1.56665
1395.00991,1.56496
1392.97042,1.56653
1390.93093,1.57425
1388.89144,1.58501
1386.85195,1.59142
1384.81247,1.59311
1382.77298,1.59737
1380.73349,1.60708
1378.69400,1.61822
1376.65451,1.62582
1374.61503,1.62768
1372.57554,1.62424
1370.53605,1.61965
1368.49656,1.61788
1366.45707,1.61802
1364.41758,1.61561
1362.37810,1.60837
1360.33861,1.60093
1358.29912,1.59857
1356.25963,1.59941
1354.22014,1.59978
1352.18066,1.60071
1350.14117,1.60346
1348.10168,1.60572
1346.06219,1.60607
1344.02270,1.60607
1341.98322,1.60542
1339.94373,1.60045
1337.90424,1.59090
1335.86475,1.58230
1333.82526,1.57743
1331.78577,1.57277
1329.74629,1.56480
1327.70680,1.55547
1325.66731,1.54701
1323.62782,1.53800
1321.58833,1.53151
1319.54885,1.53138
1317.50936,1.52946
1315.46987,1.51948
1313.43038,1.50891
1311.39089,1.50267
1309.35140,1.49947
1307.31192,1.49700
1305.27243,1.49240
1303.23294,1.48583
1301.19345,1.47953
1299.15396,1.47480
1297.11448,1.46996
1295.07499,1.46281
1293.03550,1.45598
1290.99601,1.45336
1288.95652,1.45389
1286.91703,1.45448
1284.87755,1.45579
1282.83806,1.45701
1280.79857,1.45544
1278.75908,1.45297
1276.71959,1.45250
1274.68011,1.45478
1272.64062,1.46071
1270.60113,1.47022
1268.56164,1.47995
1266.52215,1.48627
1264.48266,1.48870
1262.44318,1.48874
1260.40369,1.49138
1258.36420,1.49825
1256.32471,1.50213
1254.28522,1.50280
1252.24574,1.50547
1250.20625,1.50820
1248.16676,1.50969
1246.12727,1.51091
1244.08778,1.51160
1242.04829,1.51147
1240.00881,1.50888
1237.96932,1.50379
1235.92983,1.49744
1233.89034,1.49047
1231.85085,1.48379
1229.81137,1.47510
1227.77188,1.46440
1225.73239,1.45490
1223.69290,1.44506
1221.65341,1.43375
1219.61392,1.42472
1217.57444,1.42221
1215.53495,1.42516
1213.49546,1.42854
1211.45597,1.43116
1209.41648,1.43578
1207.37700,1.44370
1205.33751,1.45107
1203.29802,1.45268
1201.25853,1.45188
1199.21904,1.45371
1197.17956,1.45391
1195.14007,1.45125
1193.10058,1.45139
1191.06109,1.45518
1189.02160,1.46330
1186.98211,1.47819
1184.94263,1.49960
1182.90314,1.52577
1180.86365,1.55760
1178.82416,1.59719
1176.78467,1.64236
1174.74519,1.69425
1172.70570,1.75491
1170.66621,1.81583
1168.62672,1.86317
1166.58723,1.88915
1164.54774,1.90349
1162.50826,1.91706
1160.46877,1.92510
1158.42928,1.91954
1156.38979,1.90790
1154.35030,1.89568
1152.31082,1.87856
1150.27133,1.86464
1148.23184,1.85325
1146.19235,1.83838
1144.15286,1.82474
1142.11337,1.81750
1140.07389,1.81553
1138.03440,1.81617
1135.99491,1.82481
1133.95542,1.83758
1131.91593,1.84092
1129.87645,1.83634
1127.83696,1.83188
1125.79747,1.83411
1123.75798,1.84662
1121.71849,1.86138
1119.67900,1.86831
1117.63952,1.86822
1115.60003,1.87093
1113.56054,1.87938
1111.52105,1.88366
1109.48156,1.87873
1107.44208,1.87362
1105.40259,1.88058
1103.36310,1.89654
1101.32361,1.90954
1099.28412,1.91001
1097.24463,1.90098
1095.20515,1.89419
1093.16566,1.89910
1091.12617,1.92280
1089.08668,1.95460
1087.04719,1.96859
1085.00771,1.95506
1082.96822,1.92654
1080.92873,1.90110
1078.88924,1.89090
1076.84975,1.88149
1074.81027,1.85780
1072.77078,1.83569
1070.73129,1.82897
1068.69180,1.83080
1066.65231,1.83501
1064.61282,1.83886
1062.57334,1.83487
1060.53385,1.82560
1058.49436,1.81999
1056.45487,1.81711
1054.41538,1.80116
1052.37590,1.76965
1050.33641,1.74738
1048.29692,1.74546
1046.25743,1.74775
1044.21794,1.74326
1042.17845,1.73725
1040.13897,1.73360
1038.09948,1.72748
1036.05999,1.71818
1034.02050,1.71404
1031.98101,1.71578
1029.94153,1.71191
1027.90204,1.69684
1025.86255,1.67936
1023.82306,1.67134
1021.78357,1.67093
1019.74408,1.66761
1017.70460,1.65905
1015.66511,1.65140
1013.62562,1.65041
1011.58613,1.65227
1009.54664,1.64686
1007.50716,1.63645
1005.46767,1.62561
1003.42818,1.61277
1001.38869,1.60286
999.34920,1.59463
997.30971,1.58220
995.27023,1.56743
993.23074,1.54973
991.19125,1.52761
989.15176,1.50157
987.11227,1.47076
985.07279,1.43496
983.03330,1.39528
980.99381,1.35230
978.95432,1.30603
976.91483,1.26067
974.87534,1.22167
972.83586,1.18981
970.79637,1.16300
968.75688,1.14114
966.71739,1.12597
964.67790,1.11598
962.63842,1.10678
960.59893,1.09701
958.55944,1.08949
956.51995,1.08686
954.48046,1.08883
952.44097,1.09441
950.40149,1.10583
948.36200,1.12535
946.32251,1.15047
944.28302,1.17660
942.24353,1.20007
940.20405,1.21952
938.16456,1.23516
936.12507,1.24564
934.08558,1.25217
932.04609,1.25913
930.00661,1.26558
927.96712,1.26689
925.92763,1.26268
923.88814,1.25429
921.84865,1.24052
919.80916,1.22144
917.76968,1.19984
915.73019,1.17927
913.69070,1.16167
911.65121,1.14601
909.61172,1.13272
907.57224,1.12378
905.53275,1.12033
903.49326,1.12183
901.45377,1.12388
899.41428,1.12290
897.37479,1.12011
895.33531,1.11732
893.29582,1.11295
891.25633,1.10554
889.21684,1.09860
887.17735,1.09589
885.13787,1.09777
883.09838,1.10255
881.05889,1.10763
879.01940,1.11508
876.97991,1.13052
874.94042,1.15570
872.90094,1.18759
870.86145,1.21792
868.82196,1.24089
866.78247,1.25962
864.74298,1.27259
862.70350,1.27349
860.66401,1.26364
858.62452,1.24990
856.58503,1.23629
854.54554,1.22199
852.50605,1.21046
850.46657,1.20625
848.42708,1.20381
846.38759,1.19868
844.34810,1.19401
842.30861,1.19071
840.26913,1.18847
838.22964,1.18656
836.19015,1.18223
834.15066,1.17814
832.11117,1.17867
830.07168,1.17943
828.03220,1.17682
825.99271,1.17610
823.95322,1.18099
821.91373,1.18909
819.87424,1.19688
817.83476,1.20342
815.79527,1.20984
813.75578,1.21487
811.71629,1.21706
809.67680,1.21975
807.63731,1.22351
805.59783,1.22509
803.55834,1.22752
801.51885,1.23603
799.47936,1.24915
797.43987,1.26229
795.40039,1.27353
793.36090,1.28451
791.32141,1.29632
789.28192,1.30918
787.24243,1.32402
785.20295,1.33977
783.16346,1.35419
781.12397,1.36515
779.08448,1.37610
777.04499,1.39127
775.00550,1.40863
772.96602,1.42462
770.92653,1.43353
768.88704,1.43291
766.84755,1.42930
764.80806,1.42791
762.76858,1.42551
760.72909,1.41713
758.68960,1.40490
756.65011,1.39348
754.61062,1.38738
752.57113,1.38712
750.53165,1.38485
748.49216,1.37794
746.45267,1.37275
744.41318,1.37366
742.37369,1.38076
740.33421,1.38771
738.29472,1.39257
736.25523,1.40310
734.21574,1.41959
732.17625,1.43126
730.13676,1.43388
728.09728,1.43946
726.05779,1.45137
724.01830,1.46311
721.97881,1.47483
719.93932,1.48464
717.89984,1.49063
715.86035,1.49464
713.82086,1.49434
711.78137,1.48957
709.74188,1.49086
707.70239,1.50276
705.66291,1.51348
703.62342,1.51435
701.58393,1.50982
699.54444,1.50130
697.50495,1.48634
695.46547,1.47291
693.42598,1.47476
691.38649,1.49177
689.34700,1.50824
687.30751,1.51105
685.26802,1.49946
683.22854,1.48746
681.18905,1.48764
679.14956,1.49592
677.11007,1.50678
675.07058,1.51969
673.03110,1.53241
670.99161,1.54501
668.95212,1.55609
666.91263,1.55384
664.87314,1.53735
662.83365,1.52515
660.79417,1.52866
658.75468,1.53954
656.71519,1.53838
654.67570,1.52009
652.63621,1.50782
650.59673,1.51761
648.55724,1.53211
646.51775,1.53162
644.47826,1.52597
642.43877,1.53621
640.39929,1.55687
638.35980,1.56144
636.32031,1.54512
634.28082,1.52609
632.24133,1.51639
630.20184,1.51847
628.16236,1.52808
626.12287,1.53635
624.08338,1.54020
622.04389,1.55489
620.00440,1.59174
617.96492,1.61737
615.92543,1.59808
613.88594,1.57022
611.84645,1.56877
609.80696,1.57283
607.76747,1.54996
605.72799,1.51039
603.68850,1.49294
601.64901,1.50928
599.60952,1.54447
597.57003,1.57216
595.53055,1.57438
593.49106,1.57113
591.45157,1.59081
589.41208,1.60807
587.37259,1.59709
585.33310,1.56591
583.29362,1.53235
581.25413,1.50809
579.21464,1.52493
577.17515,1.54295
575.13566,1.52847
573.09618,1.53266
571.05669,1.55021
569.01720,1.52600
566.97771,1.49281
564.93822,1.52902
562.89873,1.60232
560.85925,1.60294
558.81976,1.53884
556.78027,1.51029
554.74078,1.52875
552.70129,1.52323
550.66181,1.49830
548.62232,1.46676
546.58283,1.40650
544.54334,1.36418
542.50385,1.38002
540.46436,1.43437
538.42488,1.48307
536.38539,1.47725
534.34590,1.45300
532.30641,1.46451
530.26692,1.47570
528.22744,1.45452
526.18795,1.41385
524.14846,1.39660
522.10897,1.41183
520.06948,1.44787
518.02999,1.47457
515.99051,1.44768
513.95102,1.46670
511.91153,1.48991
509.87204,1.35075
507.83255,1.16192
505.79307,1.09107
503.75358,1.15436
501.71409,1.10700
499.67460,0.97377
