3997.39681,0.41071
3995.35732,0.41066
3993.31783,0.41031
3991.27835,0.40977
3989.23886,0.40979
3987.19937,0.40985
3985.15988,0.40908
3983.12039,0.40789
3981.08091,0.40697
3979.04142,0.40591
3977.00193,0.40422
3974.96244,0.40264
3972.92295,0.40185
3970.88346,0.40120
3968.84398,0.39974
3966.80449,0.39792
3964.76500,0.39731
3962.72551,0.39792
3960.68602,0.39757
3958.64654,0.39513
3956.60705,0.39207
3954.56756,0.39032
3952.52807,0.39011
3950.48858,0.38996
3948.44909,0.38862
3946.40961,0.38683
3944.37012,0.38560
3942.33063,0.38434
3940.29114,0.38282
3938.25165,0.38185
3936.21217,0.38121
3934.17268,0.38012
3932.13319,0.37873
3930.09370,0.37752
3928.05421,0.37634
3926.01473,0.37472
3923.97524,0.37255
3921.93575,0.37029
3919.89626,0.36818
3917.85677,0.36572
3915.81728,0.36286
3913.77780,0.36060
3911.73831,0.35915
3909.69882,0.35781
3907.65933,0.35650
3905.61984,0.35526
3903.58036,0.35371
3901.54087,0.35151
3899.50138,0.34877
3897.46189,0.34656
3895.42240,0.34572
3893.38291,0.34547
3891.34343,0.34442
3889.30394,0.34294
3887.26445,0.34223
3885.22496,0.34188
3883.18547,0.34102
3881.14599,0.33935
3879.10650,0.33716
3877.06701,0.33581
3875.02752,0.33577
3872.98803,0.33588
3870.94854,0.33574
3868.90906,0.33574
3866.86957,0.33537
3864.83008,0.33429
3862.79059,0.33341
3860.75110,0.33331
3858.71162,0.33336
3856.67213,0.33263
3854.63264,0.33116
3852.59315,0.33056
3850.55366,0.33125
3848.51417,0.33169
3846.47469,0.33146
3844.43520,0.33107
3842.39571,0.33067
3840.35622,0.33017
3838.31673,0.32986
3836.27725,0.32979
3834.23776,0.32959
3832.19827,0.32959
3830.15878,0.33026
3828.11929,0.33122
3826.07980,0.33185
3824.04032,0.33188
3822.00083,0.33161
3819.96134,0.33140
3817.92185,0.33108
3815.88236,0.33079
3813.84288,0.33116
3811.80339,0.33209
3809.76390,0.33306
3807.72441,0.33396
3805.68492,0.33466
3803.64543,0.33504
3801.60595,0.33552
3799.56646,0.33637
3797.52697,0.33710
3795.48748,0.33740
3793.44799,0.33789
3791.40851,0.33908
3789.36902,0.34058
3787.32953,0.34174
3785.29004,0.34244
3783.25055,0.34334
3781.21107,0.34501
3779.17158,0.34710
3777.13209,0.34892
3775.09260,0.35042
3773.05311,0.35188
3771.01362,0.35311
3768.97414,0.35398
3766.93465,0.35511
3764.89516,0.35720
3762.85567,0.36003
3760.81618,0.36260
3758.77670,0.36439
3756.73721,0.36599
3754.69772,0.36806
3752.65823,0.37053
3750.61874,0.37282
3748.57925,0.37422
3746.53977,0.37487
3744.50028,0.37660
3742.46079,0.38017
3740.42130,0.38384
3738.38181,0.38652
3736.34233,0.38876
3734.30284,0.39111
3732.26335,0.39350
3730.22386,0.39598
3728.18437,0.39883
3726.14488,0.40209
3724.10540,0.40562
3722.06591,0.40905
3720.02642,0.41208
3717.98693,0.41538
3715.94744,0.41957
3713.90796,0.42450
3711.86847,0.42980
3709.82898,0.43516
3707.78949,0.44038
3705.75000,0.44596
3703.71051,0.45264
3701.67103,0.46017
3699.63154,0.46751
3697.59205,0.47449
3695.55256,0.48179
3693.51307,0.49007
3691.47359,0.50007
3689.43410,0.51173
3687.39461,0.52395
3685.35512,0.53618
3683.31563,0.54855
3681.27614,0.56101
3679.23666,0.57434
3677.19717,0.59092
3675.15768,0.61076
3673.11819,0.62943
3671.07870,0.64701
3669.03922,0.66646
3666.99973,0.68613
3664.96024,0.70492
3662.92075,0.72377
3660.88126,0.74306
3658.84177,0.76393
3656.80229,0.78769
3654.76280,0.81169
3652.72331,0.83296
3650.68382,0.85537
3648.64433,0.88240
3646.60485,0.90872
3644.56536,0.93009
3642.52587,0.94999
3640.48638,0.97148
3638.44689,0.99370
3636.40741,1.01521
3634.36792,1.03545
3632.32843,1.05538
3630.28894,1.07951
3628.24945,1.10885
3626.20996,1.13432
3624.17048,1.15292
3622.13099,1.16975
3620.09150,1.18816
3618.05201,1.20833
3616.01252,1.22975
3613.97304,1.25275
3611.93355,1.27473
3609.89406,1.29319
3607.85457,1.31027
3605.81508,1.32728
3603.77559,1.34514
3601.73611,1.36540
3599.69662,1.38675
3597.65713,1.40622
3595.61764,1.42189
3593.57815,1.43503
3591.53867,1.44932
3589.49918,1.46648
3587.45969,1.48447
3585.42020,1.50075
3583.38071,1.51583
3581.34122,1.52782
3579.30174,1.53559
3577.26225,1.54526
3575.22276,1.56153
3573.18327,1.57932
3571.14378,1.59149
3569.10430,1.59850
3567.06481,1.60573
3565.02532,1.61760
3562.98583,1.63296
3560.94634,1.64406
3558.90685,1.64735
3556.86737,1.65080
3554.82788,1.65903
3552.78839,1.66568
3550.74890,1.66854
3548.70941,1.67384
3546.66993,1.68210
3544.63044,1.68986
3542.59095,1.69936
3540.55146,1.70727
3538.51197,1.70338
3536.47248,1.69483
3534.43300,1.70011
3532.39351,1.71880
3530.35402,1.73751
3528.31453,1.74610
3526.27504,1.74024
3524.23556,1.73142
3522.19607,1.73154
3520.15658,1.73072
3518.11709,1.71993
3516.07760,1.71175
3514.03811,1.71814
3511.99863,1.73134
3509.95914,1.73745
3507.91965,1.73661
3505.88016,1.73425
3503.84067,1.73305
3501.80119,1.74114
3499.76170,1.75803
3497.72221,1.76798
3495.68272,1.76614
3493.64323,1.76364
3491.60375,1.76802
3489.56426,1.77167
3487.52477,1.76903
3485.48528,1.77103
3483.44579,1.78098
3481.40630,1.78226
3479.36682,1.76613
3477.32733,1.75008
3475.28784,1.75379
3473.24835,1.77164
3471.20886,1.78643
3469.16938,1.79071
3467.12989,1.78663
3465.09040,1.78415
3463.05091,1.79035
3461.01142,1.80003
3458.97193,1.80195
3456.93245,1.79426
3454.89296,1.78790
3452.85347,1.78337
3450.81398,1.77220
3448.77449,1.76269
3446.73501,1.76508
3444.69552,1.77049
3442.65603,1.77218
3440.61654,1.77667
3438.57705,1.78220
3436.53756,1.78050
3434.49808,1.77695
3432.45859,1.77358
3430.41910,1.76792
3428.37961,1.76972
3426.34012,1.77473
3424.30064,1.77506
3422.26115,1.78072
3420.22166,1.78647
3418.18217,1.78025
3416.14268,1.77267
3414.10319,1.77162
3412.06371,1.77400
3410.02422,1.77286
3407.98473,1.76525
3405.94524,1.76034
3403.90575,1.76289
3401.86627,1.76852
3399.82678,1.77466
3397.78729,1.77894
3395.74780,1.77725
3393.70831,1.76823
3391.66882,1.76456
3389.62934,1.76738
3387.58985,1.76121
3385.55036,1.75351
3383.51087,1.75550
3381.47138,1.75851
3379.43190,1.75998
3377.39241,1.76493
3375.35292,1.76926
3373.31343,1.76788
3371.27394,1.75857
3369.23446,1.75051
3367.19497,1.75289
3365.15548,1.75583
3363.11599,1.75147
3361.07650,1.73816
3359.03701,1.72086
3356.99753,1.71938
3354.95804,1.73441
3352.91855,1.74166
3350.87906,1.73815
3348.83957,1.73622
3346.80009,1.73671
3344.76060,1.73661
3342.72111,1.73571
3340.68162,1.74134
3338.64213,1.75542
3336.60264,1.75939
3334.56316,1.74656
3332.52367,1.73534
3330.48418,1.73505
3328.44469,1.73577
3326.40520,1.73321
3324.36572,1.73416
3322.32623,1.73249
3320.28674,1.72277
3318.24725,1.71781
3316.20776,1.72285
3314.16827,1.72949
3312.12879,1.73052
3310.08930,1.72580
3308.04981,1.71887
3306.01032,1.71147
3303.97083,1.70502
3301.93135,1.70126
3299.89186,1.70133
3297.85237,1.70074
3295.81288,1.70050
3293.77339,1.70917
3291.73390,1.72036
3289.69442,1.72146
3287.65493,1.71618
3285.61544,1.70875
3283.57595,1.69607
3281.53646,1.68763
3279.49698,1.69251
3277.45749,1.69872
3275.41800,1.69662
3273.37851,1.69583
3271.33902,1.70195
3269.29953,1.70525
3267.26005,1.70161
3265.22056,1.69812
3263.18107,1.69655
3261.14158,1.69102
3259.10209,1.68113
3257.06261,1.67383
3255.02312,1.67190
3252.98363,1.67340
3250.94414,1.67713
3248.90465,1.67986
3246.86516,1.67820
3244.82568,1.67474
3242.78619,1.67358
3240.74670,1.67222
3238.70721,1.66737
3236.66772,1.66341
3234.62824,1.66549
3232.58875,1.67146
3230.54926,1.67389
3228.50977,1.66756
3226.47028,1.65874
3224.43080,1.65630
3222.39131,1.65634
3220.35182,1.65561
3218.31233,1.65893
3216.27284,1.66111
3214.23335,1.65391
3212.19387,1.64320
3210.15438,1.63947
3208.11489,1.64465
3206.07540,1.64958
3204.03591,1.64593
3201.99643,1.63913
3199.95694,1.63541
3197.91745,1.63401
3195.87796,1.63302
3193.83847,1.63251
3191.79898,1.63776
3189.75950,1.64530
3187.72001,1.64443
3185.68052,1.63835
3183.64103,1.63571
3181.60154,1.63635
3179.56206,1.63573
3177.52257,1.63146
3175.48308,1.62280
3173.44359,1.61394
3171.40410,1.61450
3169.36461,1.62159
3167.32513,1.62197
3165.28564,1.61892
3163.24615,1.61928
3161.20666,1.61472
3159.16717,1.60654
3157.12769,1.60357
3155.08820,1.60387
3153.04871,1.60473
3151.00922,1.60486
3148.96973,1.60286
3146.93024,1.60044
3144.89076,1.59569
3142.85127,1.58671
3140.81178,1.58143
3138.77229,1.58161
3136.73280,1.58115
3134.69332,1.58105
3132.65383,1.58017
3130.61434,1.57452
3128.57485,1.56626
3126.53536,1.55911
3124.49587,1.55621
3122.45639,1.55873
3120.41690,1.56216
3118.37741,1.56346
3116.33792,1.56527
3114.29843,1.56457
3112.25895,1.55783
3110.21946,1.55068
3108.17997,1.54652
3106.14048,1.54321
3104.10099,1.54066
3102.06150,1.53817
3100.02202,1.53285
3097.98253,1.52634
3095.94304,1.52134
3093.90355,1.51719
3091.86406,1.51508
3089.82458,1.51577
3087.78509,1.51576
3085.74560,1.51286
3083.70611,1.50777
3081.66662,1.50256
3079.62714,1.49919
3077.58765,1.49583
3075.54816,1.49139
3073.50867,1.49023
3071.46918,1.49155
3069.42969,1.48749
3067.39021,1.47878
3065.35072,1.47238
3063.31123,1.46940
3061.27174,1.46671
3059.23225,1.46214
3057.19277,1.45598
3055.15328,1.44795
3053.11379,1.43919
3051.07430,1.43486
3049.03481,1.43725
3046.99532,1.44091
3044.95584,1.43885
3042.91635,1.43129
3040.87686,1.42292
3038.83737,1.41562
3036.79788,1.40791
3034.75840,1.40223
3032.71891,1.40277
3030.67942,1.40539
3028.63993,1.40252
3026.60044,1.39416
3024.56095,1.38736
3022.52147,1.38317
3020.48198,1.37770
3018.44249,1.37296
3016.40300,1.37140
3014.36351,1.37215
3012.32403,1.37373
3010.28454,1.37293
3008.24505,1.36889
3006.20556,1.36692
3004.16607,1.36990
3002.12658,1.37481
3000.08710,1.38026
2998.04761,1.38591
2996.00812,1.38922
2993.96863,1.39060
2991.92914,1.39339
2989.88966,1.39742
2987.85017,1.40199
2985.81068,1.40815
2983.77119,1.41498
2981.73170,1.41992
2979.69221,1.42388
2977.65273,1.43120
2975.61324,1.44365
2973.57375,1.45793
2971.53426,1.46961
2969.49477,1.47727
2967.45529,1.48315
2965.41580,1.49037
2963.37631,1.49826
2961.33682,1.50720
2959.29733,1.52074
2957.25784,1.53670
2955.21836,1.54553
2953.17887,1.54776
2951.13938,1.55393
2949.09989,1.56489
2947.06040,1.57544
2945.02092,1.58159
2942.98143,1.58417
2940.94194,1.59048
2938.90245,1.60144
2936.86296,1.60743
2934.82348,1.60593
2932.78399,1.60371
2930.74450,1.59922
2928.70501,1.59091
2926.66552,1.58585
2924.62603,1.58687
2922.58655,1.58511
2920.54706,1.57555
2918.50757,1.56578
2916.46808,1.55871
2914.42859,1.55272
2912.38911,1.55005
2910.34962,1.55050
2908.31013,1.55167
2906.27064,1.55283
2904.23115,1.55031
2902.19166,1.54063
2900.15218,1.52963
2898.11269,1.52577
2896.07320,1.52751
2894.03371,1.52818
2891.99422,1.52636
2889.95474,1.52474
2887.91525,1.52335
2885.87576,1.51854
2883.83627,1.51095
2881.79678,1.50536
2879.75729,1.49911
2877.71781,1.48643
2875.67832,1.47208
2873.63883,1.46112
2871.59934,1.44988
2869.55985,1.43952
2867.52037,1.43347
2865.48088,1.42746
2863.44139,1.41867
2861.40190,1.40959
2859.36241,1.40267
2857.32292,1.39765
2855.28344,1.39403
2853.24395,1.39024
2851.20446,1.38231
2849.16497,1.37218
2847.12548,1.36303
2845.08600,1.35402
2843.04651,1.34653
2841.00702,1.34116
2838.96753,1.33499
2836.92804,1.32642
2834.88855,1.31764
2832.84907,1.31092
2830.80958,1.30463
2828.77009,1.29703
2826.73060,1.28979
2824.69111,1.28438
2822.65163,1.28008
2820.61214,1.27540
2818.57265,1.26946
2816.53316,1.26335
2814.49367,1.25848
2812.45418,1.25480
2810.41470,1.24966
2808.37521,1.24185
2806.33572,1.23528
2804.29623,1.23159
2802.25674,1.22872
2800.21726,1.22571
2798.17777,1.22273
2796.13828,1.22011
2794.09879,1.21733
2792.05930,1.21475
2790.01982,1.21277
2787.98033,1.20992
2785.94084,1.20538
2783.90135,1.20025
2781.86186,1.19689
2779.82237,1.19616
2777.78289,1.19568
2775.74340,1.19369
2773.70391,1.19049
2771.66442,1.18743
2769.62493,1.18614
2767.58545,1.18644
2765.54596,1.18726
2763.50647,1.18736
2761.46698,1.18568
2759.42749,1.18289
2757.38800,1.18000
2755.34852,1.17772
2753.30903,1.17643
2751.26954,1.17481
2749.23005,1.17172
2747.19056,1.16812
2745.15108,1.16591
2743.11159,1.16497
2741.07210,1.16346
2739.03261,1.16108
2736.99312,1.15815
2734.95363,1.15492
2732.91415,1.15219
2730.87466,1.14937
2728.83517,1.14525
2726.79568,1.14067
2724.75619,1.13750
2722.71671,1.13579
2720.67722,1.13400
2718.63773,1.13102
2716.59824,1.12583
2714.55875,1.11964
2712.51926,1.11537
2710.47978,1.11232
2708.44029,1.10823
2706.40080,1.10279
2704.36131,1.09786
2702.32182,1.09439
2700.28234,1.09077
2698.24285,1.08734
2696.20336,1.08523
2694.16387,1.08299
2692.12438,1.07926
2690.08489,1.07504
2688.04541,1.07147
2686.00592,1.06838
2683.96643,1.06608
2681.92694,1.06439
2679.88745,1.06154
2677.84797,1.05729
2675.80848,1.05318
2673.76899,1.04930
2671.72950,1.04493
2669.69001,1.04000
2667.65052,1.03490
2665.61104,1.02994
2663.57155,1.02527
2661.53206,1.02109
2659.49257,1.01661
2657.45308,1.01095
2655.41360,1.00599
2653.37411,1.00336
2651.33462,1.00024
2649.29513,0.99469
2647.25564,0.98883
2645.21616,0.98354
2643.17667,0.97815
2641.13718,0.97291
2639.09769,0.96770
2637.05820,0.96231
2635.01871,0.95757
2632.97923,0.95365
2630.93974,0.94967
2628.90025,0.94532
2626.86076,0.94032
2624.82127,0.93441
2622.78179,0.92894
2620.74230,0.92549
2618.70281,0.92293
2616.66332,0.91980
2614.62383,0.91668
2612.58434,0.91358
2610.54486,0.91030
2608.50537,0.90762
2606.46588,0.90554
2604.42639,0.90289
2602.38690,0.89967
2600.34742,0.89742
2598.30793,0.89601
2596.26844,0.89439
2594.22895,0.89238
2592.18946,0.88983
2590.14997,0.88718
2588.11049,0.88487
2586.07100,0.88235
2584.03151,0.87943
2581.99202,0.87674
2579.95253,0.87398
2577.91305,0.87079
2575.87356,0.86770
2573.83407,0.86509
2571.79458,0.86285
2569.75509,0.85999
2567.71560,0.85647
2565.67612,0.85335
2563.63663,0.85018
2561.59714,0.84627
2559.55765,0.84287
2557.51816,0.84012
2555.47868,0.83676
2553.43919,0.83274
2551.39970,0.82857
2549.36021,0.82469
2547.32072,0.82090
2545.28123,0.81717
2543.24175,0.81428
2541.20226,0.81218
2539.16277,0.81017
2537.12328,0.80718
2535.08379,0.80278
2533.04431,0.79863
2531.00482,0.79562
2528.96533,0.79250
2526.92584,0.78927
2524.88635,0.78703
2522.84686,0.78498
2520.80738,0.78205
2518.76789,0.77904
2516.72840,0.77682
2514.68891,0.77476
2512.64942,0.77203
2510.60994,0.76928
2508.57045,0.76737
2506.53096,0.76580
2504.49147,0.76377
2502.45198,0.76155
2500.41250,0.75959
2498.37301,0.75732
2496.33352,0.75451
2494.29403,0.75197
2492.25454,0.75021
2490.21505,0.74858
2488.17557,0.74627
2486.13608,0.74375
2484.09659,0.74125
2482.05710,0.73838
2480.01761,0.73509
2477.97813,0.73151
2475.93864,0.72807
2473.89915,0.72492
2471.85966,0.72168
2469.82017,0.71853
2467.78068,0.71584
2465.74120,0.71296
2463.70171,0.70936
2461.66222,0.70530
2459.62273,0.70135
2457.58324,0.69779
2455.54376,0.69429
2453.50427,0.69064
2451.46478,0.68679
2449.42529,0.68277
2447.38580,0.67854
2445.34631,0.67409
2443.30683,0.66992
2441.26734,0.66614
2439.22785,0.66217
2437.18836,0.65783
2435.14887,0.65336
2433.10939,0.64931
2431.06990,0.64589
2429.03041,0.64232
2426.99092,0.63839
2424.95143,0.63465
2422.91194,0.63134
2420.87246,0.62801
2418.83297,0.62421
2416.79348,0.62047
2414.75399,0.61712
2412.71450,0.61391
2410.67502,0.61069
2408.63553,0.60747
2406.59604,0.60444
2404.55655,0.60175
2402.51706,0.59950
2400.47757,0.59746
2398.43809,0.59523
2396.39860,0.59305
2394.35911,0.59104
2392.31962,0.58905
2390.28013,0.58710
2388.24065,0.58551
2386.20116,0.58453
2384.16167,0.58421
2382.12218,0.58438
2380.08269,0.58459
2378.04320,0.58475
2376.00372,0.58525
2373.96423,0.58595
2371.92474,0.58623
2369.88525,0.58645
2367.84576,0.58718
2365.80628,0.58718
2363.76679,0.58571
2361.72730,0.58424
2359.68781,0.58329
2357.64832,0.58120
2355.60884,0.57767
2353.56935,0.57469
2351.52986,0.57329
2349.49037,0.57227
2347.45088,0.57048
2345.41139,0.56831
2343.37191,0.56582
2341.33242,0.56284
2339.29293,0.56014
2337.25344,0.55783
2335.21395,0.55531
2333.17447,0.55282
2331.13498,0.55056
2329.09549,0.54851
2327.05600,0.54673
2325.01651,0.54501
2322.97702,0.54307
2320.93754,0.54098
2318.89805,0.53905
2316.85856,0.53721
2314.81907,0.53515
2312.77958,0.53312
2310.74010,0.53145
2308.70061,0.52992
2306.66112,0.52835
2304.62163,0.52679
2302.58214,0.52540
2300.54265,0.52427
2298.50317,0.52335
2296.46368,0.52266
2294.42419,0.52223
2292.38470,0.52184
2290.34521,0.52139
2288.30573,0.52102
2286.26624,0.52077
2284.22675,0.52061
2282.18726,0.52078
2280.14777,0.52128
2278.10828,0.52181
2276.06880,0.52215
2274.02931,0.52246
2271.98982,0.52297
2269.95033,0.52380
2267.91084,0.52486
2265.87136,0.52566
2263.83187,0.52583
2261.79238,0.52586
2259.75289,0.52626
2257.71340,0.52677
2255.67391,0.52725
2253.63443,0.52795
2251.59494,0.52872
2249.55545,0.52916
2247.51596,0.52966
2245.47647,0.53020
2243.43699,0.53086
2241.39750,0.53155
2239.35801,0.53214
2237.31852,0.53278
2235.27903,0.53360
2233.23954,0.53447
2231.20006,0.53521
2229.16057,0.53615
2227.12108,0.53737
2225.08159,0.53844
2223.04210,0.53946
2221.00262,0.54086
2218.96313,0.54270
2216.92364,0.54459
2214.88415,0.54630
2212.84466,0.54810
2210.80518,0.55000
2208.76569,0.55189
2206.72620,0.55388
2204.68671,0.55594
2202.64722,0.55791
2200.60773,0.55961
2198.56825,0.56096
2196.52876,0.56216
2194.48927,0.56384
2192.44978,0.56596
2190.41029,0.56788
2188.37081,0.56985
2186.33132,0.57236
2184.29183,0.57498
2182.25234,0.57715
2180.21285,0.57923
2178.17336,0.58192
2176.13388,0.58490
2174.09439,0.58736
2172.05490,0.58936
2170.01541,0.59137
2167.97592,0.59353
2165.93644,0.59587
2163.89695,0.59811
2161.85746,0.59987
2159.81797,0.60093
2157.77848,0.60156
2155.73899,0.60215
2153.69951,0.60263
2151.66002,0.60292
2149.62053,0.60298
2147.58104,0.60292
2145.54155,0.60285
2143.50207,0.60263
2141.46258,0.60217
2139.42309,0.60159
2137.38360,0.60117
2135.34411,0.60126
2133.30462,0.60146
2131.26514,0.60125
2129.22565,0.60066
2127.18616,0.60013
2125.14667,0.59972
2123.10718,0.59907
2121.06770,0.59827
2119.02821,0.59753
2116.98872,0.59693
2114.94923,0.59659
2112.90974,0.59646
2110.87025,0.59626
2108.83077,0.59601
2106.79128,0.59609
2104.75179,0.59651
2102.71230,0.59706
2100.67281,0.59771
2098.63333,0.59835
2096.59384,0.59850
2094.55435,0.59833
2092.51486,0.59843
2090.47537,0.59874
2088.43588,0.59881
2086.39640,0.59857
2084.35691,0.59836
2082.31742,0.59819
2080.27793,0.59790
2078.23844,0.59771
2076.19896,0.59738
2074.15947,0.59664
2072.11998,0.59602
2070.08049,0.59575
2068.04100,0.59575
2066.00152,0.59579
2063.96203,0.59559
2061.92254,0.59549
2059.88305,0.59598
2057.84356,0.59654
2055.80407,0.59624
2053.76459,0.59529
2051.72510,0.59446
2049.68561,0.59353
2047.64612,0.59193
2045.60663,0.58975
2043.56715,0.58727
2041.52766,0.58452
2039.48817,0.58161
2037.44868,0.57867
2035.40919,0.57578
2033.36970,0.57287
2031.33022,0.56964
2029.29073,0.56602
2027.25124,0.56264
2025.21175,0.55990
2023.17226,0.55704
2021.13278,0.55364
2019.09329,0.55056
2017.05380,0.54791
2015.01431,0.54487
2012.97482,0.54167
2010.93533,0.53892
2008.89585,0.53621
2006.85636,0.53328
2004.81687,0.53075
2002.77738,0.52898
2000.73789,0.52756
1998.69841,0.52629
1996.65892,0.52537
1994.61943,0.52495
1992.57994,0.52487
1990.54045,0.52459
1988.50096,0.52392
1986.46148,0.52316
1984.42199,0.52248
1982.38250,0.52180
1980.34301,0.52114
1978.30352,0.52059
1976.26404,0.52025
1974.22455,0.52000
1972.18506,0.51979
1970.14557,0.51980
1968.10608,0.51998
1966.06659,0.51989
1964.02711,0.51971
1961.98762,0.51993
1959.94813,0.52017
1957.90864,0.52021
1955.86915,0.52047
1953.82967,0.52080
1951.79018,0.52085
1949.75069,0.52101
1947.71120,0.52160
1945.67171,0.52255
1943.63222,0.52335
1941.59274,0.52299
1939.55325,0.52156
1937.51376,0.52043
1935.47427,0.52000
1933.43478,0.51968
1931.39530,0.51913
1929.35581,0.51862
1927.31632,0.51856
1925.27683,0.51903
1923.23734,0.51944
1921.19786,0.51933
1919.15837,0.51886
1917.11888,0.51782
1915.07939,0.51648
1913.03990,0.51587
1911.00041,0.51571
1908.96093,0.51509
1906.92144,0.51387
1904.88195,0.51244
1902.84246,0.51120
1900.80297,0.51043
1898.76349,0.50999
1896.72400,0.50972
1894.68451,0.50963
1892.64502,0.50978
1890.60553,0.51020
1888.56604,0.51051
1886.52656,0.51080
1884.48707,0.51155
1882.44758,0.51266
1880.40809,0.51384
1878.36860,0.51496
1876.32912,0.51596
1874.28963,0.51701
1872.25014,0.51864
1870.21065,0.52065
1868.17116,0.52102
1866.13167,0.51900
1864.09219,0.51681
1862.05270,0.51586
1860.01321,0.51562
1857.97372,0.51514
1855.93423,0.51429
1853.89475,0.51361
1851.85526,0.51336
1849.81577,0.51345
1847.77628,0.51410
1845.73679,0.51533
1843.69730,0.51569
1841.65782,0.51445
1839.61833,0.51324
1837.57884,0.51295
1835.53935,0.51304
1833.49986,0.51377
1831.46038,0.51586
1829.42089,0.51817
1827.38140,0.51926
1825.34191,0.51954
1823.30242,0.51971
1821.26293,0.52031
1819.22345,0.52187
1817.18396,0.52417
1815.14447,0.52680
1813.10498,0.52989
1811.06549,0.53321
1809.02601,0.53607
1806.98652,0.53885
1804.94703,0.54277
1802.90754,0.54830
1800.86805,0.55455
1798.82856,0.56072
1796.78908,0.56782
1794.74959,0.57758
1792.71010,0.58940
1790.67061,0.59974
1788.63112,0.60776
1786.59164,0.61641
1784.55215,0.62681
1782.51266,0.63787
1780.47317,0.64843
1778.43368,0.65740
1776.39420,0.66513
1774.35471,0.67319
1772.31522,0.68078
1770.27573,0.68499
1768.23624,0.68569
1766.19675,0.68580
1764.15727,0.68806
1762.11778,0.69302
1760.07829,0.69955
1758.03880,0.70779
1755.99931,0.71847
1753.95983,0.73211
1751.92034,0.75168
1749.88085,0.77897
1747.84136,0.81061
1745.80187,0.84457
1743.76238,0.88284
1741.72290,0.92684
1739.68341,0.97453
1737.64392,1.01997
1735.60443,1.06281
1733.56494,1.10446
1731.52546,1.13282
1729.48597,1.14348
1727.44648,1.14422
1725.40699,1.13919
1723.36750,1.12844
1721.32801,1.11394
1719.28853,1.09608
1717.24904,1.07209
1715.20955,1.04630
1713.17006,1.02560
1711.13057,1.01018
1709.09109,1.00006
1707.05160,0.99691
1705.01211,0.99980
1702.97262,1.00759
1700.93313,1.02277
1698.89364,1.04461
1696.85416,1.06888
1694.81467,1.09529
1692.77518,1.12138
1690.73569,1.14805
1688.69620,1.17766
1686.65672,1.21007
1684.61723,1.24679
1682.57774,1.28095
1680.53825,1.30450
1678.49876,1.32438
1676.45927,1.34753
1674.41979,1.37150
1672.38030,1.39046
1670.34081,1.40584
1668.30132,1.41973
1666.26183,1.42968
1664.22235,1.43687
1662.18286,1.44310
1660.14337,1.44958
1658.10388,1.45937
1656.06439,1.47251
1654.02490,1.48288
1651.98542,1.48473
1649.94593,1.48419
1647.90644,1.48543
1645.86695,1.48619
1643.82746,1.48651
1641.78798,1.48868
1639.74849,1.49297
1637.70900,1.49571
1635.66951,1.49194
1633.63002,1.48584
1631.59054,1.48364
1629.55105,1.48072
1627.51156,1.47307
1625.47207,1.46437
1623.43258,1.45847
1621.39309,1.45517
1619.35361,1.45377
1617.31412,1.45155
1615.27463,1.44508
1613.23514,1.43683
1611.19565,1.43001
1609.15617,1.42635
1607.11668,1.42726
1605.07719,1.43123
1603.03770,1.43463
1600.99821,1.43534
1598.95872,1.43388
1596.91924,1.43272
1594.87975,1.43363
1592.84026,1.43561
1590.80077,1.43709
1588.76128,1.43730
1586.72180,1.43638
1584.68231,1.43621
1582.64282,1.43732
1580.60333,1.43857
1578.56384,1.44084
1576.52435,1.44251
1574.48487,1.43875
1572.44538,1.43108
1570.40589,1.42362
1568.36640,1.41683
1566.32691,1.40876
1564.28743,1.39998
1562.24794,1.39179
1560.20845,1.37897
1558.16896,1.35885
1556.12947,1.34417
1554.08998,1.33761
1552.05050,1.33249
1550.01101,1.32547
1547.97152,1.31769
1545.93203,1.31170
1543.89254,1.30689
1541.85306,1.29886
1539.81357,1.28539
1537.77408,1.27343
1535.73459,1.26586
1533.69510,1.25787
1531.65561,1.24941
1529.61613,1.24411
1527.57664,1.24013
1525.53715,1.23371
1523.49766,1.22475
1521.45817,1.21605
1519.41869,1.21118
1517.37920,1.20927
1515.33971,1.20658
1513.30022,1.20273
1511.26073,1.19923
1509.22124,1.19624
1507.18176,1.19228
1505.14227,1.18811
1503.10278,1.18642
1501.06329,1.18715
1499.02380,1.19012
1496.98432,1.19547
1494.94483,1.20203
1492.90534,1.20955
1490.86585,1.22060
1488.82636,1.23618
1486.78688,1.25236
1484.74739,1.26679
1482.70790,1.28298
1480.66841,1.30553
1478.62892,1.33376
1476.58943,1.36431
1474.54995,1.39915
1472.51046,1.44289
1470.47097,1.48747
1468.43148,1.52246
1466.39199,1.55258
1464.35251,1.58254
1462.31302,1.60887
1460.27353,1.62713
1458.23404,1.63421
1456.19455,1.63219
1454.15506,1.62711
1452.11558,1.62058
1450.07609,1.61635
1448.03660,1.61711
1445.99711,1.62072
1443.95762,1.62591
1441.91814,1.63283
1439.87865,1.63962
1437.83916,1.64543
1435.79967,1.65412
1433.76018,1.66685
1431.72069,1.67803
1429.68121,1.68274
1427.64172,1.68171
1425.60223,1.68013
1423.56274,1.68242
1421.52325,1.68702
1419.48377,1.68925
1417.44428,1.68965
1415.40479,1.69117
1413.36530,1.69246
1411.32581,1.69019
1409.28632,1.68379
1407.24684,1.67789
1405.20735,1.67720
1403.16786,1.67910
1401.12837,1.67818
1399.08888,1.67570
1397.04940,1.67596
1395.00991,1.67604
1392.97042,1.67155
1390.93093,1.66542
1388.89144,1.66179
1386.85195,1.66201
1384.81247,1.66655
1382.77298,1.67559
1380.73349,1.68619
1378.69400,1.69579
1376.65451,1.70392
1374.61503,1.70752
1372.57554,1.70527
1370.53605,1.70154
1368.49656,1.70036
1366.45707,1.70093
1364.41758,1.70159
1362.37810,1.70617
1360.33861,1.71441
1358.29912,1.71511
1356.25963,1.70555
1354.22014,1.69465
1352.18066,1.68895
1350.14117,1.68743
1348.10168,1.68628
1346.06219,1.68747
1344.02270,1.69378
1341.98322,1.70000
1339.94373,1.70023
1337.90424,1.69554
1335.86475,1.68901
1333.82526,1.68227
1331.78577,1.67778
1329.74629,1.67406
1327.70680,1.66682
1325.66731,1.65911
1323.62782,1.65352
1321.58833,1.64497
1319.54885,1.63363
1317.50936,1.62521
1315.46987,1.62132
1313.43038,1.62195
1311.39089,1.62426
1309.35140,1.62039
1307.31192,1.60763
1305.27243,1.59466
1303.23294,1.59057
1301.19345,1.59206
1299.15396,1.59145
1297.11448,1.58598
1295.07499,1.57560
1293.03550,1.56569
1290.99601,1.56091
1288.95652,1.55888
1286.91703,1.55696
1284.87755,1.55442
1282.83806,1.55006
1280.79857,1.54391
1278.75908,1.53770
1276.71959,1.53417
1274.68011,1.53504
1272.64062,1.53776
1270.60113,1.53996
1268.56164,1.54286
1266.52215,1.54711
1264.48266,1.55023
1262.44318,1.54972
1260.40369,1.54617
1258.36420,1.54333
1256.32471,1.54570
1254.28522,1.55214
1252.24574,1.55843
1250.20625,1.56300
1248.16676,1.56432
1246.12727,1.56281
1244.08778,1.56221
1242.04829,1.56378
1240.00881,1.56328
1237.96932,1.55600
1235.92983,1.54423
1233.89034,1.53546
1231.85085,1.53110
1229.81137,1.52532
1227.77188,1.51393
1225.73239,1.49883
1223.69290,1.48621
1221.65341,1.47884
1219.61392,1.47525
1217.57444,1.47666
1215.53495,1.48542
1213.49546,1.49963
1211.45597,1.51468
1209.41648,1.52639
1207.37700,1.53185
1205.33751,1.53297
1203.29802,1.53582
1201.25853,1.54011
1199.21904,1.54102
1197.17956,1.53830
1195.14007,1.53376
1193.10058,1.52945
1191.06109,1.52716
1189.02160,1.52890
1186.98211,1.53904
1184.94263,1.56132
1182.90314,1.59205
1180.86365,1.62538
1178.82416,1.66698
1176.78467,1.72283
1174.74519,1.78230
1172.70570,1.83850
1170.66621,1.90123
1168.62672,1.96476
1166.58723,2.00998
1164.54774,2.02657
1162.50826,2.00759
1160.46877,1.97280
1158.42928,1.94805
1156.38979,1.92679
1154.35030,1.90297
1152.31082,1.87881
1150.27133,1.85711
1148.23184,1.83751
1146.19235,1.81832
1144.15286,1.81421
1142.11337,1.82672
1140.07389,1.83184
1138.03440,1.82743
1135.99491,1.83281
1133.95542,1.84581
1131.91593,1.84984
1129.87645,1.84517
1127.83696,1.84054
1125.79747,1.83497
1123.75798,1.83247
1121.71849,1.84051
1119.67900,1.85333
1117.63952,1.86556
1115.60003,1.87278
1113.56054,1.87614
1111.52105,1.87986
1109.48156,1.87501
1107.44208,1.86383
1105.40259,1.85677
1103.36310,1.84942
1101.32361,1.84197
1099.28412,1.84504
1097.24463,1.86029
1095.20515,1.87332
1093.16566,1.87036
1091.12617,1.86298
1089.08668,1.86357
1087.04719,1.86542
1085.00771,1.85802
1082.96822,1.83635
1080.92873,1.80946
1078.88924,1.79375
1076.84975,1.79224
1074.81027,1.79247
1072.77078,1.79076
1070.73129,1.79841
1068.69180,1.82281
1066.65231,1.85172
1064.61282,1.86363
1062.57334,1.85377
1060.53385,1.83844
1058.49436,1.82775
1056.45487,1.80587
1054.41538,1.76388
1052.37590,1.71921
1050.33641,1.68852
1048.29692,1.67220
1046.25743,1.66398
1044.21794,1.65707
1042.17845,1.65257
1040.13897,1.65281
1038.09948,1.64963
1036.05999,1.64240
1034.02050,1.63416
1031.98101,1.62267
1029.94153,1.61240
1027.90204,1.60504
1025.86255,1.59673
1023.82306,1.58827
1021.78357,1.57772
1019.74408,1.56428
1017.70460,1.55643
1015.66511,1.55727
1013.62562,1.56018
1011.58613,1.56076
1009.54664,1.56092
1007.50716,1.55914
1005.46767,1.55071
1003.42818,1.53934
1001.38869,1.53062
999.34920,1.52327
997.30971,1.51507
995.27023,1.50954
993.23074,1.50988
991.19125,1.51006
989.15176,1.50118
987.11227,1.48656
985.07279,1.47111
983.03330,1.45130
980.99381,1.42568
978.95432,1.39460
976.91483,1.35805
974.87534,1.31915
972.83586,1.28288
970.79637,1.25342
968.75688,1.22990
966.71739,1.20746
964.67790,1.18810
962.63842,1.17583
960.59893,1.16949
958.55944,1.16912
956.51995,1.17334
954.48046,1.17969
952.44097,1.19071
950.40149,1.21103
948.36200,1.24120
946.32251,1.27664
944.28302,1.31307
942.24353,1.34655
940.20405,1.37303
938.16456,1.39226
936.12507,1.40517
934.08558,1.41213
932.04609,1.41652
930.00661,1.42009
927.96712,1.41878
925.92763,1.40993
923.88814,1.39609
921.84865,1.37955
919.80916,1.35923
917.76968,1.33343
915.73019,1.30444
913.69070,1.27610
911.65121,1.25207
909.61172,1.23432
907.57224,1.21885
905.53275,1.20423
903.49326,1.19501
901.45377,1.19055
899.41428,1.18507
897.37479,1.17610
895.33531,1.16610
893.29582,1.15824
891.25633,1.15251
889.21684,1.14638
887.17735,1.14018
885.13787,1.13852
883.09838,1.14380
881.05889,1.15513
879.01940,1.17293
876.97991,1.19967
874.94042,1.23671
872.90094,1.27987
870.86145,1.32212
868.82196,1.36147
866.78247,1.39682
864.74298,1.42140
862.70350,1.43044
860.66401,1.42340
858.62452,1.40274
856.58503,1.37876
854.54554,1.36214
852.50605,1.35226
850.46657,1.34133
848.42708,1.32879
846.38759,1.31881
844.34810,1.30916
842.30861,1.29556
840.26913,1.28049
838.22964,1.26921
836.19015,1.26170
834.15066,1.25652
832.11117,1.25272
830.07168,1.24681
828.03220,1.23861
825.99271,1.23310
823.95322,1.23278
821.91373,1.23371
819.87424,1.23190
817.83476,1.23264
815.79527,1.24153
813.75578,1.25324
811.71629,1.26338
809.67680,1.27309
807.63731,1.28086
805.59783,1.28983
803.55834,1.30532
801.51885,1.32282
799.47936,1.33743
797.43987,1.35250
795.40039,1.37027
793.36090,1.38725
791.32141,1.40073
789.28192,1.40854
787.24243,1.41141
785.20295,1.42006
783.16346,1.43966
781.12397,1.46353
779.08448,1.48711
777.04499,1.50866
775.00550,1.52564
772.96602,1.53918
770.92653,1.55360
768.88704,1.56285
766.84755,1.56257
764.80806,1.56402
762.76858,1.56382
760.72909,1.55302
758.68960,1.53629
756.65011,1.51649
754.61062,1.50191
752.57113,1.49477
750.53165,1.49028
748.49216,1.48888
746.45267,1.48644
744.41318,1.48547
742.37369,1.49082
740.33421,1.49570
738.29472,1.49823
736.25523,1.50545
734.21574,1.51893
732.17625,1.53465
730.13676,1.54693
728.09728,1.55154
726.05779,1.55614
724.01830,1.56579
721.97881,1.57480
719.93932,1.58720
717.89984,1.60436
715.86035,1.61206
713.82086,1.60605
711.78137,1.59473
709.74188,1.57990
707.70239,1.56608
705.66291,1.56601
703.62342,1.57674
701.58393,1.57937
699.54444,1.56750
697.50495,1.55316
695.46547,1.54750
693.42598,1.55341
691.38649,1.56849
689.34700,1.58269
687.30751,1.58468
685.26802,1.57671
683.22854,1.57172
681.18905,1.57322
679.14956,1.57795
677.11007,1.58782
675.07058,1.60076
673.03110,1.60377
670.99161,1.59014
668.95212,1.57787
666.91263,1.58612
664.87314,1.59961
662.83365,1.60028
660.79417,1.59622
658.75468,1.60457
656.71519,1.61663
654.67570,1.61300
652.63621,1.60309
650.59673,1.60142
648.55724,1.60660
646.51775,1.61506
644.47826,1.62382
642.43877,1.62917
640.39929,1.62725
638.35980,1.62098
636.32031,1.62042
634.28082,1.62315
632.24133,1.61544
630.20184,1.60183
628.16236,1.60639
626.12287,1.62673
624.08338,1.61610
622.04389,1.58984
620.00440,1.58723
617.96492,1.59071
615.92543,1.58520
613.88594,1.59983
611.84645,1.62638
609.80696,1.65561
607.76747,1.68994
605.72799,1.73911
603.68850,1.76810
601.64901,1.72113
599.60952,1.64527
597.57003,1.59988
595.53055,1.58302
593.49106,1.59292
591.45157,1.62966
589.41208,1.65652
587.37259,1.66036
585.33310,1.66059
583.29362,1.65035
581.25413,1.62231
579.21464,1.58442
577.17515,1.57078
575.13566,1.57940
573.09618,1.58236
571.05669,1.58441
569.01720,1.57966
566.97771,1.56394
564.93822,1.52138
562.89873,1.49003
560.85925,1.51064
558.81976,1.51861
556.78027,1.49462
554.74078,1.49673
552.70129,1.50870
550.66181,1.50522
548.62232,1.50149
546.58283,1.51306
544.54334,1.54022
542.50385,1.57776
540.46436,1.59867
538.42488,1.55741
536.38539,1.46736
534.34590,1.43174
532.30641,1.50050
530.26692,1.61159
528.22744,1.63439
526.18795,1.60375
524.14846,1.51464
522.10897,1.40905
520.06948,1.39084
518.02999,1.37049
515.99051,1.30355
513.95102,1.27464
511.91153,1.35507
509.87204,1.44030
507.83255,1.50128
505.79307,1.46869
503.75358,1.43865
501.71409,1.40600
499.67460,1.20892
