3997.39681,0.44418
3995.35732,0.44334
3993.31783,0.44268
3991.27835,0.44239
3989.23886,0.44213
3987.19937,0.44146
3985.15988,0.44090
3983.12039,0.44076
3981.08091,0.44045
3979.04142,0.43984
3977.00193,0.43895
3974.96244,0.43740
3972.92295,0.43561
3970.88346,0.43458
3968.84398,0.43404
3966.80449,0.43306
3964.76500,0.43169
3962.72551,0.43020
3960.68602,0.42857
3958.64654,0.42714
3956.60705,0.42609
3954.56756,0.42513
3952.52807,0.42426
3950.48858,0.42339
3948.44909,0.42227
3946.40961,0.42098
3944.37012,0.41952
3942.33063,0.41771
3940.29114,0.41579
3938.25165,0.41421
3936.21217,0.41327
3934.17268,0.41266
3932.13319,0.41145
3930.09370,0.40952
3928.05421,0.40740
3926.01473,0.40517
3923.97524,0.40301
3921.93575,0.40131
3919.89626,0.39982
3917.85677,0.39783
3915.81728,0.39507
3913.77780,0.39226
3911.73831,0.39013
3909.69882,0.38876
3907.65933,0.38819
3905.61984,0.38805
3903.58036,0.38718
3901.54087,0.38479
3899.50138,0.38159
3897.46189,0.37904
3895.42240,0.37784
3893.38291,0.37723
3891.34343,0.37608
3889.30394,0.37454
3887.26445,0.37340
3885.22496,0.37267
3883.18547,0.37208
3881.14599,0.37119
3879.10650,0.36992
3877.06701,0.36927
3875.02752,0.36959
3872.98803,0.36990
3870.94854,0.36930
3868.90906,0.36808
3866.86957,0.36730
3864.83008,0.36696
3862.79059,0.36631
3860.75110,0.36549
3858.71162,0.36525
3856.67213,0.36544
3854.63264,0.36495
3852.59315,0.36377
3850.55366,0.36320
3848.51417,0.36302
3846.47469,0.36277
3844.43520,0.36306
3842.39571,0.36402
3840.35622,0.36443
3838.31673,0.36361
3836.27725,0.36268
3834.23776,0.36208
3832.19827,0.36148
3830.15878,0.36143
3828.11929,0.36209
3826.07980,0.36286
3824.04032,0.36356
3822.00083,0.36431
3819.96134,0.36474
3817.92185,0.36483
3815.88236,0.36488
3813.84288,0.36511
3811.80339,0.36549
3809.76390,0.36560
3807.72441,0.36541
3805.68492,0.36602
3803.64543,0.36818
3801.60595,0.37048
3799.56646,0.37115
3797.52697,0.37073
3795.48748,0.37072
3793.44799,0.37174
3791.40851,0.37351
3789.36902,0.37567
3787.32953,0.37780
3785.29004,0.37957
3783.25055,0.38086
3781.21107,0.38183
3779.17158,0.38283
3777.13209,0.38408
3775.09260,0.38560
3773.05311,0.38772
3771.01362,0.39051
3768.97414,0.39318
3766.93465,0.39523
3764.89516,0.39703
3762.85567,0.39894
3760.81618,0.40103
3758.77670,0.40327
3756.73721,0.40591
3754.69772,0.40897
3752.65823,0.41163
3750.61874,0.41375
3748.57925,0.41599
3746.53977,0.41801
3744.50028,0.42008
3742.46079,0.42331
3740.42130,0.42734
3738.38181,0.43125
3736.34233,0.43477
3734.30284,0.43746
3732.26335,0.43935
3730.22386,0.44157
3728.18437,0.44525
3726.14488,0.45023
3724.10540,0.45512
3722.06591,0.45908
3720.02642,0.46253
3717.98693,0.46635
3715.94744,0.47124
3713.90796,0.47721
3711.86847,0.48348
3709.82898,0.48936
3707.78949,0.49525
3705.75000,0.50171
3703.71051,0.50874
3701.67103,0.51639
3699.63154,0.52459
3697.59205,0.53312
3695.55256,0.54236
3693.51307,0.55323
3691.47359,0.56578
3689.43410,0.57891
3687.39461,0.59189
3685.35512,0.60483
3683.31563,0.61828
3681.27614,0.63310
3679.23666,0.64961
3677.19717,0.66861
3675.15768,0.69099
3673.11819,0.71415
3671.07870,0.73653
3669.03922,0.75879
3666.99973,0.77982
3664.96024,0.80073
3662.92075,0.82282
3660.88126,0.84533
3658.84177,0.86886
3656.80229,0.89451
3654.76280,0.91996
3652.72331,0.94367
3650.68382,0.97022
3648.64433,1.00148
3646.60485,1.02884
3644.56536,1.04817
3642.52587,1.06697
3640.48638,1.09025
3638.44689,1.11512
3636.40741,1.13722
3634.36792,1.15488
3632.32843,1.17068
3630.28894,1.19159
3628.24945,1.22016
3626.20996,1.24778
3624.17048,1.27022
3622.13099,1.29172
3620.09150,1.31525
3618.05201,1.33919
3616.01252,1.35945
3613.97304,1.37560
3611.93355,1.38926
3609.89406,1.40027
3607.85457,1.40997
3605.81508,1.42127
3603.77559,1.43610
3601.73611,1.45557
3599.69662,1.47677
3597.65713,1.49439
3595.61764,1.50837
3593.57815,1.52174
3591.53867,1.53660
3589.49918,1.55475
3587.45969,1.57124
3585.42020,1.57686
3583.38071,1.57548
3581.34122,1.57781
3579.30174,1.58739
3577.26225,1.60025
3575.22276,1.61209
3573.18327,1.62442
3571.14378,1.63910
3569.10430,1.65318
3567.06481,1.66469
3565.02532,1.67442
3562.98583,1.67908
3560.94634,1.67802
3558.90685,1.67760
3556.86737,1.67839
3554.82788,1.67684
3552.78839,1.67405
3550.74890,1.67505
3548.70941,1.68572
3546.66993,1.69815
3544.63044,1.70285
3542.59095,1.70499
3540.55146,1.70531
3538.51197,1.70085
3536.47248,1.69701
3534.43300,1.69915
3532.39351,1.70528
3530.35402,1.71079
3528.31453,1.71383
3526.27504,1.71477
3524.23556,1.71357
3522.19607,1.71385
3520.15658,1.71929
3518.11709,1.72782
3516.07760,1.74071
3514.03811,1.75290
3511.99863,1.75212
3509.95914,1.74498
3507.91965,1.74352
3505.88016,1.74171
3503.84067,1.73368
3501.80119,1.72719
3499.76170,1.73094
3497.72221,1.73923
3495.68272,1.74301
3493.64323,1.74359
3491.60375,1.74514
3489.56426,1.75135
3487.52477,1.75633
3485.48528,1.75180
3483.44579,1.74673
3481.40630,1.74560
3479.36682,1.73886
3477.32733,1.72845
3475.28784,1.72741
3473.24835,1.73720
3471.20886,1.74515
3469.16938,1.75025
3467.12989,1.75614
3465.09040,1.75369
3463.05091,1.74497
3461.01142,1.74273
3458.97193,1.74963
3456.93245,1.75908
3454.89296,1.75963
3452.85347,1.74906
3450.81398,1.73761
3448.77449,1.72638
3446.73501,1.71558
3444.69552,1.71428
3442.65603,1.72295
3440.61654,1.73650
3438.57705,1.75062
3436.53756,1.75273
3434.49808,1.74448
3432.45859,1.74679
3430.41910,1.75480
3428.37961,1.74844
3426.34012,1.73545
3424.30064,1.72842
3422.26115,1.72490
3420.22166,1.72175
3418.18217,1.71787
3416.14268,1.71402
3414.10319,1.71419
3412.06371,1.72144
3410.02422,1.73227
3407.98473,1.73405
3405.94524,1.72565
3403.90575,1.71911
3401.86627,1.71638
3399.82678,1.71579
3397.78729,1.71915
3395.74780,1.71866
3393.70831,1.71296
3391.66882,1.71271
3389.62934,1.71330
3387.58985,1.70861
3385.55036,1.70627
3383.51087,1.70892
3381.47138,1.71287
3379.43190,1.71287
3377.39241,1.70440
3375.35292,1.69457
3373.31343,1.69341
3371.27394,1.70047
3369.23446,1.71077
3367.19497,1.71597
3365.15548,1.70970
3363.11599,1.70040
3361.07650,1.69591
3359.03701,1.69434
3356.99753,1.69802
3354.95804,1.70845
3352.91855,1.71240
3350.87906,1.70263
3348.83957,1.68959
3346.80009,1.68168
3344.76060,1.68131
3342.72111,1.68758
3340.68162,1.69702
3338.64213,1.70654
3336.60264,1.70792
3334.56316,1.69830
3332.52367,1.68816
3330.48418,1.68472
3328.44469,1.68790
3326.40520,1.69322
3324.36572,1.69370
3322.32623,1.68706
3320.28674,1.67920
3318.24725,1.67859
3316.20776,1.68649
3314.16827,1.69605
3312.12879,1.69906
3310.08930,1.69499
3308.04981,1.68647
3306.01032,1.67411
3303.97083,1.66713
3301.93135,1.66897
3299.89186,1.66701
3297.85237,1.65973
3295.81288,1.65713
3293.77339,1.65658
3291.73390,1.65232
3289.69442,1.64973
3287.65493,1.65497
3285.61544,1.66304
3283.57595,1.66092
3281.53646,1.64925
3279.49698,1.64409
3277.45749,1.64904
3275.41800,1.65077
3273.37851,1.64591
3271.33902,1.64588
3269.29953,1.64842
3267.26005,1.64334
3265.22056,1.63616
3263.18107,1.63640
3261.14158,1.64276
3259.10209,1.64643
3257.06261,1.64552
3255.02312,1.64555
3252.98363,1.64703
3250.94414,1.64833
3248.90465,1.64852
3246.86516,1.64605
3244.82568,1.64093
3242.78619,1.63544
3240.74670,1.63097
3238.70721,1.62590
3236.66772,1.61886
3234.62824,1.61246
3232.58875,1.61280
3230.54926,1.62092
3228.50977,1.62793
3226.47028,1.62825
3224.43080,1.62662
3222.39131,1.62549
3220.35182,1.62342
3218.31233,1.62272
3216.27284,1.62573
3214.23335,1.62833
3212.19387,1.62550
3210.15438,1.61936
3208.11489,1.61631
3206.07540,1.61617
3204.03591,1.61795
3201.99643,1.62394
3199.95694,1.62672
3197.91745,1.62302
3195.87796,1.61884
3193.83847,1.61335
3191.79898,1.60555
3189.75950,1.59896
3187.72001,1.59807
3185.68052,1.60319
3183.64103,1.60740
3181.60154,1.60557
3179.56206,1.59893
3177.52257,1.59240
3175.48308,1.59113
3173.44359,1.59315
3171.40410,1.59391
3169.36461,1.59270
3167.32513,1.59019
3165.28564,1.59033
3163.24615,1.59301
3161.20666,1.59202
3159.16717,1.58900
3157.12769,1.58984
3155.08820,1.59213
3153.04871,1.59116
3151.00922,1.58555
3148.96973,1.57849
3146.93024,1.57731
3144.89076,1.58148
3142.85127,1.58282
3140.81178,1.58002
3138.77229,1.57620
3136.73280,1.57228
3134.69332,1.57124
3132.65383,1.57400
3130.61434,1.57507
3128.57485,1.57087
3126.53536,1.56340
3124.49587,1.55546
3122.45639,1.54835
3120.41690,1.54515
3118.37741,1.54743
3116.33792,1.55140
3114.29843,1.55205
3112.25895,1.54785
3110.21946,1.54387
3108.17997,1.54301
3106.14048,1.54132
3104.10099,1.53967
3102.06150,1.54122
3100.02202,1.54203
3097.98253,1.53788
3095.94304,1.53313
3093.90355,1.52879
3091.86406,1.52066
3089.82458,1.51419
3087.78509,1.51321
3085.74560,1.51318
3083.70611,1.51026
3081.66662,1.50534
3079.62714,1.50273
3077.58765,1.50311
3075.54816,1.50353
3073.50867,1.50181
3071.46918,1.49797
3069.42969,1.49262
3067.39021,1.48629
3065.35072,1.48072
3063.31123,1.47684
3061.27174,1.47269
3059.23225,1.46776
3057.19277,1.46412
3055.15328,1.46077
3053.11379,1.45758
3051.07430,1.45528
3049.03481,1.45199
3046.99532,1.44827
3044.95584,1.44599
3042.91635,1.44317
3040.87686,1.43693
3038.83737,1.42902
3036.79788,1.42367
3034.75840,1.42075
3032.71891,1.41639
3030.67942,1.41058
3028.63993,1.40699
3026.60044,1.40615
3024.56095,1.40514
3022.52147,1.40225
3020.48198,1.39739
3018.44249,1.39222
3016.40300,1.38999
3014.36351,1.38965
3012.32403,1.38819
3010.28454,1.38699
3008.24505,1.38831
3006.20556,1.39079
3004.16607,1.39290
3002.12658,1.39616
3000.08710,1.40044
2998.04761,1.40283
2996.00812,1.40342
2993.96863,1.40538
2991.92914,1.40838
2989.88966,1.41164
2987.85017,1.41635
2985.81068,1.42280
2983.77119,1.42991
2981.73170,1.43640
2979.69221,1.44243
2977.65273,1.45151
2975.61324,1.46371
2973.57375,1.47278
2971.53426,1.47835
2969.49477,1.48502
2967.45529,1.49426
2965.41580,1.50859
2963.37631,1.52392
2961.33682,1.52983
2959.29733,1.52907
2957.25784,1.53249
2955.21836,1.54172
2953.17887,1.55066
2951.13938,1.55833
2949.09989,1.56859
2947.06040,1.57759
2945.02092,1.58086
2942.98143,1.58414
2940.94194,1.59162
2938.90245,1.59681
2936.86296,1.59662
2934.82348,1.59531
2932.78399,1.59376
2930.74450,1.59193
2928.70501,1.58963
2926.66552,1.58819
2924.62603,1.58762
2922.58655,1.58300
2920.54706,1.57577
2918.50757,1.57038
2916.46808,1.56494
2914.42859,1.55897
2912.38911,1.55547
2910.34962,1.55364
2908.31013,1.55050
2906.27064,1.54689
2904.23115,1.54483
2902.19166,1.54567
2900.15218,1.54805
2898.11269,1.54558
2896.07320,1.53991
2894.03371,1.53719
2891.99422,1.53492
2889.95474,1.52875
2887.91525,1.52069
2885.87576,1.51515
2883.83627,1.51168
2881.79678,1.50745
2879.75729,1.50115
2877.71781,1.49393
2875.67832,1.48763
2873.63883,1.48051
2871.59934,1.47067
2869.55985,1.45968
2867.52037,1.44970
2865.48088,1.44109
2863.44139,1.43267
2861.40190,1.42462
2859.36241,1.41881
2857.32292,1.41456
2855.28344,1.40970
2853.24395,1.40433
2851.20446,1.39809
2849.16497,1.38893
2847.12548,1.37857
2845.08600,1.37059
2843.04651,1.36459
2841.00702,1.35821
2838.96753,1.35078
2836.92804,1.34451
2834.88855,1.33909
2832.84907,1.33178
2830.80958,1.32347
2828.77009,1.31754
2826.73060,1.31397
2824.69111,1.30815
2822.65163,1.30020
2820.61214,1.29464
2818.57265,1.29090
2816.53316,1.28604
2814.49367,1.27950
2812.45418,1.27276
2810.41470,1.26640
2808.37521,1.26101
2806.33572,1.25827
2804.29623,1.25590
2802.25674,1.25134
2800.21726,1.24728
2798.17777,1.24471
2796.13828,1.24122
2794.09879,1.23605
2792.05930,1.23148
2790.01982,1.22876
2787.98033,1.22539
2785.94084,1.22135
2783.90135,1.21972
2781.86186,1.22010
2779.82237,1.21962
2777.78289,1.21707
2775.74340,1.21292
2773.70391,1.21025
2771.66442,1.21135
2769.62493,1.21262
2767.58545,1.21114
2765.54596,1.20947
2763.50647,1.21017
2761.46698,1.21111
2759.42749,1.20922
2757.38800,1.20643
2755.34852,1.20432
2753.30903,1.20146
2751.26954,1.19923
2749.23005,1.19819
2747.19056,1.19484
2745.15108,1.19030
2743.11159,1.18875
2741.07210,1.18928
2739.03261,1.18845
2736.99312,1.18542
2734.95363,1.18218
2732.91415,1.17970
2730.87466,1.17743
2728.83517,1.17435
2726.79568,1.17044
2724.75619,1.16650
2722.71671,1.16235
2720.67722,1.15875
2718.63773,1.15683
2716.59824,1.15453
2714.55875,1.14921
2712.51926,1.14328
2710.47978,1.13955
2708.44029,1.13615
2706.40080,1.13182
2704.36131,1.12817
2702.32182,1.12518
2700.28234,1.12150
2698.24285,1.11756
2696.20336,1.11448
2694.16387,1.11203
2692.12438,1.10901
2690.08489,1.10550
2688.04541,1.10230
2686.00592,1.09913
2683.96643,1.09593
2681.92694,1.09274
2679.88745,1.08807
2677.84797,1.08236
2675.80848,1.07872
2673.76899,1.07691
2671.72950,1.07418
2669.69001,1.06987
2667.65052,1.06501
2665.61104,1.06069
2663.57155,1.05657
2661.53206,1.05191
2659.49257,1.04733
2657.45308,1.04322
2655.41360,1.03940
2653.37411,1.03535
2651.33462,1.03017
2649.29513,1.02477
2647.25564,1.01946
2645.21616,1.01360
2643.17667,1.00844
2641.13718,1.00433
2639.09769,0.99989
2637.05820,0.99448
2635.01871,0.98883
2632.97923,0.98388
2630.93974,0.97935
2628.90025,0.97472
2626.86076,0.97035
2624.82127,0.96552
2622.78179,0.95986
2620.74230,0.95537
2618.70281,0.95225
2616.66332,0.94924
2614.62383,0.94631
2612.58434,0.94300
2610.54486,0.93910
2608.50537,0.93598
2606.46588,0.93435
2604.42639,0.93276
2602.38690,0.93030
2600.34742,0.92833
2598.30793,0.92713
2596.26844,0.92505
2594.22895,0.92182
2592.18946,0.91889
2590.14997,0.91721
2588.11049,0.91596
2586.07100,0.91406
2584.03151,0.91161
2581.99202,0.90886
2579.95253,0.90592
2577.91305,0.90311
2575.87356,0.90034
2573.83407,0.89741
2571.79458,0.89433
2569.75509,0.89123
2567.71560,0.88847
2565.67612,0.88603
2563.63663,0.88319
2561.59714,0.87948
2559.55765,0.87529
2557.51816,0.87121
2555.47868,0.86788
2553.43919,0.86487
2551.39970,0.86141
2549.36021,0.85783
2547.32072,0.85431
2545.28123,0.85061
2543.24175,0.84686
2541.20226,0.84330
2539.16277,0.84004
2537.12328,0.83687
2535.08379,0.83322
2533.04431,0.82944
2531.00482,0.82664
2528.96533,0.82432
2526.92584,0.82140
2524.88635,0.81805
2522.84686,0.81504
2520.80738,0.81256
2518.76789,0.81016
2516.72840,0.80779
2514.68891,0.80577
2512.64942,0.80371
2510.60994,0.80108
2508.57045,0.79866
2506.53096,0.79678
2504.49147,0.79479
2502.45198,0.79282
2500.41250,0.79117
2498.37301,0.78958
2496.33352,0.78812
2494.29403,0.78673
2492.25454,0.78452
2490.21505,0.78161
2488.17557,0.77855
2486.13608,0.77533
2484.09659,0.77236
2482.05710,0.76993
2480.01761,0.76806
2477.97813,0.76627
2475.93864,0.76343
2473.89915,0.75957
2471.85966,0.75563
2469.82017,0.75191
2467.78068,0.74864
2465.74120,0.74557
2463.70171,0.74178
2461.66222,0.73731
2459.62273,0.73339
2457.58324,0.73047
2455.54376,0.72756
2453.50427,0.72417
2451.46478,0.72049
2449.42529,0.71650
2447.38580,0.71210
2445.34631,0.70752
2443.30683,0.70309
2441.26734,0.69882
2439.22785,0.69479
2437.18836,0.69105
2435.14887,0.68744
2433.10939,0.68376
2431.06990,0.67982
2429.03041,0.67576
2426.99092,0.67176
2424.95143,0.66814
2422.91194,0.66477
2420.87246,0.66112
2418.83297,0.65745
2416.79348,0.65413
2414.75399,0.65078
2412.71450,0.64738
2410.67502,0.64422
2408.63553,0.64143
2406.59604,0.63889
2404.55655,0.63620
2402.51706,0.63366
2400.47757,0.63154
2398.43809,0.62954
2396.39860,0.62752
2394.35911,0.62543
2392.31962,0.62338
2390.28013,0.62160
2388.24065,0.62038
2386.20116,0.61980
2384.16167,0.61982
2382.12218,0.62015
2380.08269,0.62047
2378.04320,0.62078
2376.00372,0.62120
2373.96423,0.62168
2371.92474,0.62221
2369.88525,0.62290
2367.84576,0.62346
2365.80628,0.62328
2363.76679,0.62255
2361.72730,0.62143
2359.68781,0.61955
2357.64832,0.61678
2355.60884,0.61325
2353.56935,0.60996
2351.52986,0.60783
2349.49037,0.60631
2347.45088,0.60467
2345.41139,0.60300
2343.37191,0.60117
2341.33242,0.59918
2339.29293,0.59746
2337.25344,0.59588
2335.21395,0.59366
2333.17447,0.59103
2331.13498,0.58886
2329.09549,0.58718
2327.05600,0.58566
2325.01651,0.58409
2322.97702,0.58208
2320.93754,0.57980
2318.89805,0.57769
2316.85856,0.57547
2314.81907,0.57316
2312.77958,0.57146
2310.74010,0.57047
2308.70061,0.56956
2306.66112,0.56840
2304.62163,0.56704
2302.58214,0.56561
2300.54265,0.56435
2298.50317,0.56331
2296.46368,0.56254
2294.42419,0.56215
2292.38470,0.56187
2290.34521,0.56145
2288.30573,0.56114
2286.26624,0.56133
2284.22675,0.56198
2282.18726,0.56259
2280.14777,0.56289
2278.10828,0.56324
2276.06880,0.56401
2274.02931,0.56498
2271.98982,0.56572
2269.95033,0.56635
2267.91084,0.56717
2265.87136,0.56814
2263.83187,0.56904
2261.79238,0.56980
2259.75289,0.57053
2257.71340,0.57125
2255.67391,0.57171
2253.63443,0.57203
2251.59494,0.57262
2249.55545,0.57336
2247.51596,0.57422
2245.47647,0.57489
2243.43699,0.57589
2241.39750,0.57713
2239.35801,0.57794
2237.31852,0.57877
2235.27903,0.58010
2233.23954,0.58141
2231.20006,0.58234
2229.16057,0.58310
2227.12108,0.58424
2225.08159,0.58598
2223.04210,0.58771
2221.00262,0.58909
2218.96313,0.59059
2216.92364,0.59255
2214.88415,0.59476
2212.84466,0.59707
2210.80518,0.59956
2208.76569,0.60200
2206.72620,0.60408
2204.68671,0.60580
2202.64722,0.60750
2200.60773,0.60947
2198.56825,0.61169
2196.52876,0.61397
2194.48927,0.61615
2192.44978,0.61822
2190.41029,0.62020
2188.37081,0.62211
2186.33132,0.62415
2184.29183,0.62675
2182.25234,0.62976
2180.21285,0.63255
2178.17336,0.63510
2176.13388,0.63784
2174.09439,0.64091
2172.05490,0.64376
2170.01541,0.64600
2167.97592,0.64823
2165.93644,0.65084
2163.89695,0.65310
2161.85746,0.65461
2159.81797,0.65586
2157.77848,0.65699
2155.73899,0.65803
2153.69951,0.65898
2151.66002,0.65947
2149.62053,0.65949
2147.58104,0.65934
2145.54155,0.65886
2143.50207,0.65789
2141.46258,0.65704
2139.42309,0.65687
2137.38360,0.65682
2135.34411,0.65645
2133.30462,0.65615
2131.26514,0.65598
2129.22565,0.65578
2127.18616,0.65544
2125.14667,0.65479
2123.10718,0.65419
2121.06770,0.65398
2119.02821,0.65352
2116.98872,0.65236
2114.94923,0.65134
2112.90974,0.65088
2110.87025,0.65060
2108.83077,0.65055
2106.79128,0.65100
2104.75179,0.65167
2102.71230,0.65207
2100.67281,0.65218
2098.63333,0.65244
2096.59384,0.65292
2094.55435,0.65329
2092.51486,0.65348
2090.47537,0.65358
2088.43588,0.65348
2086.39640,0.65325
2084.35691,0.65309
2082.31742,0.65305
2080.27793,0.65303
2078.23844,0.65290
2076.19896,0.65267
2074.15947,0.65240
2072.11998,0.65209
2070.08049,0.65173
2068.04100,0.65149
2066.00152,0.65144
2063.96203,0.65118
2061.92254,0.65085
2059.88305,0.65094
2057.84356,0.65109
2055.80407,0.65078
2053.76459,0.65005
2051.72510,0.64891
2049.68561,0.64741
2047.64612,0.64590
2045.60663,0.64445
2043.56715,0.64248
2041.52766,0.63967
2039.48817,0.63656
2037.44868,0.63333
2035.40919,0.62966
2033.36970,0.62580
2031.33022,0.62218
2029.29073,0.61888
2027.25124,0.61566
2025.21175,0.61219
2023.17226,0.60848
2021.13278,0.60493
2019.09329,0.60166
2017.05380,0.59807
2015.01431,0.59408
2012.97482,0.59045
2010.93533,0.58741
2008.89585,0.58475
2006.85636,0.58231
2004.81687,0.57973
2002.77738,0.57717
2000.73789,0.57519
1998.69841,0.57384
1996.65892,0.57301
1994.61943,0.57261
1992.57994,0.57203
1990.54045,0.57103
1988.50096,0.57002
1986.46148,0.56901
1984.42199,0.56813
1982.38250,0.56770
1980.34301,0.56751
1978.30352,0.56700
1976.26404,0.56628
1974.22455,0.56609
1972.18506,0.56625
1970.14557,0.56623
1968.10608,0.56608
1966.06659,0.56562
1964.02711,0.56482
1961.98762,0.56435
1959.94813,0.56453
1957.90864,0.56499
1955.86915,0.56533
1953.82967,0.56548
1951.79018,0.56568
1949.75069,0.56629
1947.71120,0.56723
1945.67171,0.56805
1943.63222,0.56834
1941.59274,0.56761
1939.55325,0.56635
1937.51376,0.56541
1935.47427,0.56472
1933.43478,0.56406
1931.39530,0.56350
1929.35581,0.56303
1927.31632,0.56275
1925.27683,0.56275
1923.23734,0.56258
1921.19786,0.56223
1919.15837,0.56231
1917.11888,0.56210
1915.07939,0.56087
1913.03990,0.55970
1911.00041,0.55919
1908.96093,0.55846
1906.92144,0.55703
1904.88195,0.55554
1902.84246,0.55438
1900.80297,0.55344
1898.76349,0.55283
1896.72400,0.55266
1894.68451,0.55264
1892.64502,0.55310
1890.60553,0.55425
1888.56604,0.55506
1886.52656,0.55517
1884.48707,0.55529
1882.44758,0.55577
1880.40809,0.55671
1878.36860,0.55776
1876.32912,0.55855
1874.28963,0.55945
1872.25014,0.56133
1870.21065,0.56368
1868.17116,0.56409
1866.13167,0.56185
1864.09219,0.55932
1862.05270,0.55789
1860.01321,0.55711
1857.97372,0.55627
1855.93423,0.55524
1853.89475,0.55423
1851.85526,0.55359
1849.81577,0.55372
1847.77628,0.55490
1845.73679,0.55635
1843.69730,0.55596
1841.65782,0.55350
1839.61833,0.55137
1837.57884,0.55058
1835.53935,0.55052
1833.49986,0.55132
1831.46038,0.55335
1829.42089,0.55544
1827.38140,0.55667
1825.34191,0.55739
1823.30242,0.55761
1821.26293,0.55786
1819.22345,0.55916
1817.18396,0.56128
1815.14447,0.56360
1813.10498,0.56630
1811.06549,0.56945
1809.02601,0.57251
1806.98652,0.57553
1804.94703,0.57941
1802.90754,0.58461
1800.86805,0.59042
1798.82856,0.59597
1796.78908,0.60200
1794.74959,0.61015
1792.71010,0.61997
1790.67061,0.62836
1788.63112,0.63470
1786.59164,0.64159
1784.55215,0.64977
1782.51266,0.65827
1780.47317,0.66637
1778.43368,0.67373
1776.39420,0.68118
1774.35471,0.69000
1772.31522,0.69868
1770.27573,0.70395
1768.23624,0.70643
1766.19675,0.70936
1764.15727,0.71459
1762.11778,0.72200
1760.07829,0.73032
1758.03880,0.73961
1755.99931,0.75071
1753.95983,0.76366
1751.92034,0.77953
1749.88085,0.79810
1747.84136,0.81688
1745.80187,0.83635
1743.76238,0.85885
1741.72290,0.88474
1739.68341,0.91269
1737.64392,0.94068
1735.60443,0.96960
1733.56494,0.99766
1731.52546,1.01472
1729.48597,1.02105
1727.44648,1.02352
1725.40699,1.02312
1723.36750,1.01882
1721.32801,1.01271
1719.28853,1.00633
1717.24904,0.99707
1715.20955,0.98479
1713.17006,0.97459
1711.13057,0.96982
1709.09109,0.97044
1707.05160,0.97568
1705.01211,0.98466
1702.97262,0.99722
1700.93313,1.01550
1698.89364,1.03855
1696.85416,1.06263
1694.81467,1.08786
1692.77518,1.11249
1690.73569,1.13715
1688.69620,1.16324
1686.65672,1.19067
1684.61723,1.22169
1682.57774,1.25162
1680.53825,1.27392
1678.49876,1.29312
1676.45927,1.31366
1674.41979,1.33458
1672.38030,1.35467
1670.34081,1.37577
1668.30132,1.39605
1666.26183,1.41151
1664.22235,1.42560
1662.18286,1.44020
1660.14337,1.45128
1658.10388,1.45974
1656.06439,1.47071
1654.02490,1.48414
1651.98542,1.49178
1649.94593,1.49227
1647.90644,1.49206
1645.86695,1.49229
1643.82746,1.49357
1641.78798,1.49757
1639.74849,1.50283
1637.70900,1.50587
1635.66951,1.50312
1633.63002,1.49587
1631.59054,1.49020
1629.55105,1.48609
1627.51156,1.47972
1625.47207,1.47248
1623.43258,1.46779
1621.39309,1.46359
1619.35361,1.45841
1617.31412,1.45370
1615.27463,1.44946
1613.23514,1.44395
1611.19565,1.43722
1609.15617,1.43237
1607.11668,1.43058
1605.07719,1.42864
1603.03770,1.42484
1600.99821,1.42146
1598.95872,1.41981
1596.91924,1.41944
1594.87975,1.41992
1592.84026,1.41886
1590.80077,1.41487
1588.76128,1.40988
1586.72180,1.40430
1584.68231,1.39795
1582.64282,1.39217
1580.60333,1.38779
1578.56384,1.38406
1576.52435,1.37943
1574.48487,1.37548
1572.44538,1.37350
1570.40589,1.36921
1568.36640,1.35968
1566.32691,1.34885
1564.28743,1.34025
1562.24794,1.33276
1560.20845,1.32251
1558.16896,1.30940
1556.12947,1.30039
1554.08998,1.29427
1552.05050,1.28673
1550.01101,1.27829
1547.97152,1.27236
1545.93203,1.27003
1543.89254,1.26781
1541.85306,1.26143
1539.81357,1.25112
1537.77408,1.24284
1535.73459,1.23889
1533.69510,1.23536
1531.65561,1.23060
1529.61613,1.22665
1527.57664,1.22292
1525.53715,1.21855
1523.49766,1.21477
1521.45817,1.21153
1519.41869,1.20988
1517.37920,1.21064
1515.33971,1.21030
1513.30022,1.20756
1511.26073,1.20605
1509.22124,1.20761
1507.18176,1.20890
1505.14227,1.20648
1503.10278,1.20356
1501.06329,1.20422
1499.02380,1.20909
1496.98432,1.21530
1494.94483,1.22050
1492.90534,1.22707
1490.86585,1.23904
1488.82636,1.25621
1486.78688,1.27393
1484.74739,1.29078
1482.70790,1.30980
1480.66841,1.33377
1478.62892,1.36198
1476.58943,1.39339
1474.54995,1.43019
1472.51046,1.47421
1470.47097,1.51837
1468.43148,1.55437
1466.39199,1.58320
1464.35251,1.60514
1462.31302,1.61943
1460.27353,1.63227
1458.23404,1.64553
1456.19455,1.64786
1454.15506,1.63789
1452.11558,1.62814
1450.07609,1.62228
1448.03660,1.61809
1445.99711,1.61809
1443.95762,1.62491
1441.91814,1.63402
1439.87865,1.64073
1437.83916,1.64641
1435.79967,1.65396
1433.76018,1.66109
1431.72069,1.66340
1429.68121,1.66181
1427.64172,1.66158
1425.60223,1.66495
1423.56274,1.67055
1421.52325,1.67597
1419.48377,1.67999
1417.44428,1.68220
1415.40479,1.68319
1413.36530,1.68363
1411.32581,1.68189
1409.28632,1.68026
1407.24684,1.68223
1405.20735,1.68455
1403.16786,1.68462
1401.12837,1.68276
1399.08888,1.67585
1397.04940,1.66449
1395.00991,1.65608
1392.97042,1.65392
1390.93093,1.65585
1388.89144,1.66179
1386.85195,1.67219
1384.81247,1.68131
1382.77298,1.68473
1380.73349,1.68604
1378.69400,1.68904
1376.65451,1.69117
1374.61503,1.69101
1372.57554,1.69251
1370.53605,1.69520
1368.49656,1.69591
1366.45707,1.69498
1364.41758,1.69083
1362.37810,1.68206
1360.33861,1.67588
1358.29912,1.67706
1356.25963,1.68124
1354.22014,1.68502
1352.18066,1.68718
1350.14117,1.68609
1348.10168,1.68414
1346.06219,1.68883
1344.02270,1.70064
1341.98322,1.70888
1339.94373,1.70530
1337.90424,1.69335
1335.86475,1.68095
1333.82526,1.67113
1331.78577,1.66586
1329.74629,1.66483
1327.70680,1.66123
1325.66731,1.65137
1323.62782,1.64241
1321.58833,1.64166
1319.54885,1.64362
1317.50936,1.63835
1315.46987,1.62571
1313.43038,1.61190
1311.39089,1.60371
1309.35140,1.60332
1307.31192,1.60622
1305.27243,1.60719
1303.23294,1.60521
1301.19345,1.60196
1299.15396,1.59894
1297.11448,1.59785
1295.07499,1.59684
1293.03550,1.59293
1290.99601,1.58688
1288.95652,1.57928
1286.91703,1.57191
1284.87755,1.56846
1282.83806,1.56815
1280.79857,1.56648
1278.75908,1.56314
1276.71959,1.56044
1274.68011,1.55639
1272.64062,1.55048
1270.60113,1.54774
1268.56164,1.55124
1266.52215,1.55780
1264.48266,1.56206
1262.44318,1.56236
1260.40369,1.56036
1258.36420,1.55969
1256.32471,1.56382
1254.28522,1.56986
1252.24574,1.57151
1250.20625,1.57009
1248.16676,1.57280
1246.12727,1.57992
1244.08778,1.58544
1242.04829,1.58822
1240.00881,1.58948
1237.96932,1.58703
1235.92983,1.58039
1233.89034,1.57136
1231.85085,1.56033
1229.81137,1.54920
1227.77188,1.53827
1225.73239,1.52683
1223.69290,1.51871
1221.65341,1.51489
1219.61392,1.51227
1217.57444,1.51288
1215.53495,1.51831
1213.49546,1.52416
1211.45597,1.53125
1209.41648,1.54289
1207.37700,1.55512
1205.33751,1.56432
1203.29802,1.56828
1201.25853,1.56686
1199.21904,1.56363
1197.17956,1.55720
1195.14007,1.54670
1193.10058,1.53819
1191.06109,1.53625
1189.02160,1.54159
1186.98211,1.55647
1184.94263,1.58072
1182.90314,1.61225
1180.86365,1.65286
1178.82416,1.69852
1176.78467,1.74710
1174.74519,1.80274
1172.70570,1.85558
1170.66621,1.89984
1168.62672,1.94426
1166.58723,1.97500
1164.54774,1.97707
1162.50826,1.96245
1160.46877,1.93440
1158.42928,1.90017
1156.38979,1.87617
1154.35030,1.86098
1152.31082,1.84077
1150.27133,1.80750
1148.23184,1.77936
1146.19235,1.77080
1144.15286,1.77042
1142.11337,1.76695
1140.07389,1.76831
1138.03440,1.77752
1135.99491,1.78733
1133.95542,1.80157
1131.91593,1.81922
1129.87645,1.82287
1127.83696,1.81326
1125.79747,1.81083
1123.75798,1.81879
1121.71849,1.82648
1119.67900,1.82627
1117.63952,1.82016
1115.60003,1.81754
1113.56054,1.81905
1111.52105,1.81584
1109.48156,1.80702
1107.44208,1.80617
1105.40259,1.81785
1103.36310,1.82169
1101.32361,1.81111
1099.28412,1.80710
1097.24463,1.81415
1095.20515,1.82021
1093.16566,1.82053
1091.12617,1.81901
1089.08668,1.82029
1087.04719,1.82544
1085.00771,1.82859
1082.96822,1.81926
1080.92873,1.79996
1078.88924,1.78142
1076.84975,1.76951
1074.81027,1.76695
1072.77078,1.77400
1070.73129,1.78235
1068.69180,1.78988
1066.65231,1.80579
1064.61282,1.82686
1062.57334,1.83578
1060.53385,1.82274
1058.49436,1.79628
1056.45487,1.76037
1054.41538,1.71549
1052.37590,1.67438
1050.33641,1.64492
1048.29692,1.62281
1046.25743,1.60589
1044.21794,1.60015
1042.17845,1.60490
1040.13897,1.60840
1038.09948,1.60450
1036.05999,1.59867
1034.02050,1.59530
1031.98101,1.59112
1029.94153,1.58178
1027.90204,1.57011
1025.86255,1.56101
1023.82306,1.54782
1021.78357,1.52825
1019.74408,1.51590
1017.70460,1.51449
1015.66511,1.51304
1013.62562,1.50799
1011.58613,1.50487
1009.54664,1.50497
1007.50716,1.50347
1005.46767,1.49779
1003.42818,1.48938
1001.38869,1.48093
999.34920,1.47720
997.30971,1.47679
995.27023,1.47278
993.23074,1.46844
991.19125,1.46861
989.15176,1.46692
987.11227,1.45955
985.07279,1.45074
983.03330,1.43993
980.99381,1.42162
978.95432,1.39413
976.91483,1.36168
974.87534,1.33017
972.83586,1.30229
970.79637,1.27682
968.75688,1.25306
966.71739,1.23204
964.67790,1.21502
962.63842,1.20280
960.59893,1.19520
958.55944,1.19207
956.51995,1.19281
954.48046,1.19752
952.44097,1.20896
950.40149,1.22924
948.36200,1.25735
946.32251,1.29045
944.28302,1.32606
942.24353,1.36042
940.20405,1.38719
938.16456,1.40230
936.12507,1.41077
934.08558,1.41898
932.04609,1.42449
930.00661,1.42455
927.96712,1.42014
925.92763,1.41309
923.88814,1.40534
921.84865,1.39341
919.80916,1.37432
917.76968,1.35322
915.73019,1.33193
913.69070,1.30826
911.65121,1.28676
909.61172,1.27164
907.57224,1.26030
905.53275,1.25033
903.49326,1.24159
901.45377,1.23397
899.41428,1.22731
897.37479,1.22000
895.33531,1.21147
893.29582,1.20362
891.25633,1.19683
889.21684,1.19028
887.17735,1.18501
885.13787,1.18444
883.09838,1.18879
881.05889,1.19577
879.01940,1.20898
876.97991,1.23301
874.94042,1.26667
872.90094,1.30689
870.86145,1.35083
868.82196,1.39268
866.78247,1.42585
864.74298,1.44655
862.70350,1.45260
860.66401,1.44421
858.62452,1.42597
856.58503,1.40643
854.54554,1.39113
852.50605,1.38073
850.46657,1.37371
848.42708,1.36535
846.38759,1.35398
844.34810,1.34366
842.30861,1.33598
840.26913,1.32911
838.22964,1.31950
836.19015,1.30705
834.15066,1.29696
832.11117,1.28901
830.07168,1.27991
828.03220,1.27184
825.99271,1.26897
823.95322,1.27328
821.91373,1.28158
819.87424,1.28717
817.83476,1.28790
815.79527,1.28776
813.75578,1.29211
811.71629,1.30177
809.67680,1.31182
807.63731,1.31833
805.59783,1.32571
803.55834,1.34064
801.51885,1.35910
799.47936,1.37539
797.43987,1.39117
795.40039,1.40705
793.36090,1.42252
791.32141,1.43502
789.28192,1.44241
787.24243,1.44878
785.20295,1.45891
783.16346,1.47570
781.12397,1.49779
779.08448,1.51799
777.04499,1.53287
775.00550,1.54236
772.96602,1.54730
770.92653,1.55173
768.88704,1.55797
766.84755,1.56350
764.80806,1.56111
762.76858,1.54952
760.72909,1.54097
758.68960,1.53807
756.65011,1.53137
754.61062,1.52080
752.57113,1.50819
750.53165,1.49772
748.49216,1.49589
746.45267,1.50059
744.41318,1.50746
742.37369,1.51356
740.33421,1.51956
738.29472,1.52771
736.25523,1.53524
734.21574,1.54084
732.17625,1.55073
730.13676,1.56439
728.09728,1.56762
726.05779,1.56438
724.01830,1.57238
721.97881,1.58577
719.93932,1.59231
717.89984,1.59174
715.86035,1.59135
713.82086,1.59638
711.78137,1.60277
709.74188,1.60014
707.70239,1.59001
705.66291,1.58285
703.62342,1.57741
701.58393,1.56444
699.54444,1.54652
697.50495,1.53450
695.46547,1.53245
693.42598,1.53898
691.38649,1.55118
689.34700,1.56876
687.30751,1.59190
685.26802,1.61137
683.22854,1.61981
681.18905,1.61947
679.14956,1.61208
677.11007,1.60232
675.07058,1.59770
673.03110,1.59710
670.99161,1.59229
668.95212,1.58623
666.91263,1.59338
664.87314,1.61198
662.83365,1.62208
660.79417,1.61498
658.75468,1.60478
656.71519,1.60123
654.67570,1.59495
652.63621,1.58544
650.59673,1.58467
648.55724,1.58852
646.51775,1.58191
644.47826,1.57001
642.43877,1.57010
640.39929,1.58238
638.35980,1.59668
636.32031,1.60913
634.28082,1.61787
632.24133,1.62544
630.20184,1.64371
628.16236,1.66428
626.12287,1.65037
624.08338,1.62136
622.04389,1.62971
620.00440,1.64910
617.96492,1.63143
615.92543,1.61753
613.88594,1.61270
611.84645,1.58113
609.80696,1.55022
607.76747,1.54970
605.72799,1.56429
603.68850,1.58533
601.64901,1.60102
599.60952,1.59930
597.57003,1.60388
595.53055,1.62521
593.49106,1.63680
591.45157,1.63933
589.41208,1.64356
587.37259,1.63018
585.33310,1.58590
583.29362,1.55994
581.25413,1.59015
579.21464,1.62344
577.17515,1.62081
575.13566,1.62797
573.09618,1.62196
571.05669,1.61028
569.01720,1.64836
566.97771,1.69794
564.93822,1.67653
562.89873,1.61002
560.85925,1.57541
558.81976,1.57949
556.78027,1.57497
554.74078,1.53697
552.70129,1.46364
550.66181,1.41591
548.62232,1.43198
546.58283,1.51608
544.54334,1.58775
542.50385,1.59426
540.46436,1.62043
538.42488,1.64634
536.38539,1.61259
534.34590,1.60793
532.30641,1.67174
530.26692,1.69590
528.22744,1.69073
526.18795,1.72628
524.14846,1.73101
522.10897,1.63079
520.06948,1.55709
518.02999,1.52258
515.99051,1.54647
513.95102,1.63707
511.91153,1.50387
509.87204,1.32500
507.83255,1.24332
505.79307,1.30572
503.75358,1.53644
501.71409,1.18103
499.67460,1.15695
