3997.39681,0.39669
3995.35732,0.39657
3993.31783,0.39552
3991.27835,0.39412
3989.23886,0.39324
3987.19937,0.39265
3985.15988,0.39203
3983.12039,0.39148
3981.08091,0.39100
3979.04142,0.39041
3977.00193,0.38957
3974.96244,0.38843
3972.92295,0.38729
3970.88346,0.38636
3968.84398,0.38519
3966.80449,0.38373
3964.76500,0.38247
3962.72551,0.38146
3960.68602,0.38034
3958.64654,0.37899
3956.60705,0.37758
3954.56756,0.37649
3952.52807,0.37591
3950.48858,0.37554
3948.44909,0.37476
3946.40961,0.37338
3944.37012,0.37179
3942.33063,0.37031
3940.29114,0.36891
3938.25165,0.36747
3936.21217,0.36601
3934.17268,0.36473
3932.13319,0.36348
3930.09370,0.36211
3928.05421,0.36057
3926.01473,0.35885
3923.97524,0.35736
3921.93575,0.35641
3919.89626,0.35546
3917.85677,0.35367
3915.81728,0.35110
3913.77780,0.34873
3911.73831,0.34713
3909.69882,0.34604
3907.65933,0.34493
3905.61984,0.34360
3903.58036,0.34222
3901.54087,0.34079
3899.50138,0.33906
3897.46189,0.33732
3895.42240,0.33598
3893.38291,0.33480
3891.34343,0.33364
3889.30394,0.33271
3887.26445,0.33187
3885.22496,0.33080
3883.18547,0.32966
3881.14599,0.32867
3879.10650,0.32778
3877.06701,0.32695
3875.02752,0.32623
3872.98803,0.32568
3870.94854,0.32520
3868.90906,0.32478
3866.86957,0.32451
3864.83008,0.32425
3862.79059,0.32396
3860.75110,0.32376
3858.71162,0.32342
3856.67213,0.32233
3854.63264,0.32048
3852.59315,0.31954
3850.55366,0.32040
3848.51417,0.32133
3846.47469,0.32155
3844.43520,0.32162
3842.39571,0.32147
3840.35622,0.32068
3838.31673,0.31963
3836.27725,0.31896
3834.23776,0.31864
3832.19827,0.31856
3830.15878,0.31880
3828.11929,0.31926
3826.07980,0.31942
3824.04032,0.31910
3822.00083,0.31881
3819.96134,0.31867
3817.92185,0.31828
3815.88236,0.31818
3813.84288,0.31922
3811.80339,0.32064
3809.76390,0.32130
3807.72441,0.32127
3805.68492,0.32132
3803.64543,0.32162
3801.60595,0.32197
3799.56646,0.32246
3797.52697,0.32300
3795.48748,0.32365
3793.44799,0.32454
3791.40851,0.32545
3789.36902,0.32626
3787.32953,0.32686
3785.29004,0.32722
3783.25055,0.32775
3781.21107,0.32883
3779.17158,0.33022
3777.13209,0.33136
3775.09260,0.33225
3773.05311,0.33324
3771.01362,0.33422
3768.97414,0.33512
3766.93465,0.33607
3764.89516,0.33713
3762.85567,0.33853
3760.81618,0.34021
3758.77670,0.34173
3756.73721,0.34294
3754.69772,0.34380
3752.65823,0.34431
3750.61874,0.34538
3748.57925,0.34746
3746.53977,0.34946
3744.50028,0.35124
3742.46079,0.35330
3740.42130,0.35506
3738.38181,0.35644
3736.34233,0.35811
3734.30284,0.36003
3732.26335,0.36195
3730.22386,0.36422
3728.18437,0.36678
3726.14488,0.36929
3724.10540,0.37187
3722.06591,0.37475
3720.02642,0.37760
3717.98693,0.38023
3715.94744,0.38292
3713.90796,0.38597
3711.86847,0.38958
3709.82898,0.39351
3707.78949,0.39744
3705.75000,0.40162
3703.71051,0.40643
3701.67103,0.41189
3699.63154,0.41771
3697.59205,0.42342
3695.55256,0.42861
3693.51307,0.43343
3691.47359,0.43896
3689.43410,0.44610
3687.39461,0.45431
3685.35512,0.46232
3683.31563,0.47006
3681.27614,0.47838
3679.23666,0.48779
3677.19717,0.49868
3675.15768,0.51121
3673.11819,0.52385
3671.07870,0.53672
3669.03922,0.55125
3666.99973,0.56560
3664.96024,0.57887
3662.92075,0.59271
3660.88126,0.60780
3658.84177,0.62358
3656.80229,0.63988
3654.76280,0.65570
3652.72331,0.67034
3650.68382,0.68643
3648.64433,0.70530
3646.60485,0.72332
3644.56536,0.73861
3642.52587,0.75352
3640.48638,0.76963
3638.44689,0.78670
3636.40741,0.80415
3634.36792,0.82121
3632.32843,0.83751
3630.28894,0.85505
3628.24945,0.87512
3626.20996,0.89419
3624.17048,0.91109
3622.13099,0.92812
3620.09150,0.94622
3618.05201,0.96425
3616.01252,0.98137
3613.97304,0.99877
3611.93355,1.01779
3609.89406,1.03848
3607.85457,1.05829
3605.81508,1.07504
3603.77559,1.09142
3601.73611,1.11012
3599.69662,1.13056
3597.65713,1.15135
3595.61764,1.17096
3593.57815,1.18800
3591.53867,1.20345
3589.49918,1.21971
3587.45969,1.23691
3585.42020,1.25435
3583.38071,1.27259
3581.34122,1.29115
3579.30174,1.30943
3577.26225,1.32805
3575.22276,1.34654
3573.18327,1.36329
3571.14378,1.37896
3569.10430,1.39661
3567.06481,1.41729
3565.02532,1.43615
3562.98583,1.45065
3560.94634,1.46509
3558.90685,1.48045
3556.86737,1.49374
3554.82788,1.50547
3552.78839,1.51753
3550.74890,1.52979
3548.70941,1.54251
3546.66993,1.55699
3544.63044,1.57609
3542.59095,1.59746
3540.55146,1.61136
3538.51197,1.61616
3536.47248,1.62196
3534.43300,1.63349
3532.39351,1.64627
3530.35402,1.65584
3528.31453,1.66046
3526.27504,1.66603
3524.23556,1.67954
3522.19607,1.69501
3520.15658,1.70613
3518.11709,1.71863
3516.07760,1.72907
3514.03811,1.72791
3511.99863,1.72373
3509.95914,1.72920
3507.91965,1.74445
3505.88016,1.76443
3503.84067,1.78099
3501.80119,1.78704
3499.76170,1.78431
3497.72221,1.77811
3495.68272,1.77605
3493.64323,1.78247
3491.60375,1.79157
3489.56426,1.80126
3487.52477,1.81414
3485.48528,1.82172
3483.44579,1.81963
3481.40630,1.81577
3479.36682,1.81008
3477.32733,1.80798
3475.28784,1.82417
3473.24835,1.85509
3471.20886,1.87188
3469.16938,1.86440
3467.12989,1.85231
3465.09040,1.84420
3463.05091,1.84076
3461.01142,1.83846
3458.97193,1.83714
3456.93245,1.85173
3454.89296,1.87809
3452.85347,1.88778
3450.81398,1.87555
3448.77449,1.85956
3446.73501,1.85387
3444.69552,1.86009
3442.65603,1.86743
3440.61654,1.86415
3438.57705,1.85729
3436.53756,1.85946
3434.49808,1.86327
3432.45859,1.86620
3430.41910,1.87840
3428.37961,1.88980
3426.34012,1.88025
3424.30064,1.86476
3422.26115,1.86992
3420.22166,1.88237
3418.18217,1.88151
3416.14268,1.87731
3414.10319,1.87376
3412.06371,1.86847
3410.02422,1.87394
3407.98473,1.88938
3405.94524,1.89060
3403.90575,1.87215
3401.86627,1.86296
3399.82678,1.87127
3397.78729,1.87952
3395.74780,1.88167
3393.70831,1.87494
3391.66882,1.86507
3389.62934,1.87056
3387.58985,1.88162
3385.55036,1.87993
3383.51087,1.87792
3381.47138,1.88142
3379.43190,1.87317
3377.39241,1.85561
3375.35292,1.85501
3373.31343,1.87022
3371.27394,1.87805
3369.23446,1.87418
3367.19497,1.86859
3365.15548,1.86932
3363.11599,1.87202
3361.07650,1.86823
3359.03701,1.85960
3356.99753,1.85282
3354.95804,1.85389
3352.91855,1.85874
3350.87906,1.85923
3348.83957,1.85906
3346.80009,1.85959
3344.76060,1.85600
3342.72111,1.84856
3340.68162,1.84652
3338.64213,1.85758
3336.60264,1.86873
3334.56316,1.86093
3332.52367,1.84601
3330.48418,1.84844
3328.44469,1.85868
3326.40520,1.85226
3324.36572,1.84154
3322.32623,1.84816
3320.28674,1.86252
3318.24725,1.86544
3316.20776,1.85604
3314.16827,1.84493
3312.12879,1.84030
3310.08930,1.83761
3308.04981,1.82508
3306.01032,1.81220
3303.97083,1.81229
3301.93135,1.81300
3299.89186,1.80464
3297.85237,1.79861
3295.81288,1.79922
3293.77339,1.79969
3291.73390,1.79713
3289.69442,1.79415
3287.65493,1.79497
3285.61544,1.79321
3283.57595,1.78699
3281.53646,1.79011
3279.49698,1.80235
3277.45749,1.81169
3275.41800,1.81613
3273.37851,1.81106
3271.33902,1.79492
3269.29953,1.78099
3267.26005,1.77700
3265.22056,1.78234
3263.18107,1.78994
3261.14158,1.78590
3259.10209,1.77044
3257.06261,1.75867
3255.02312,1.75623
3252.98363,1.75418
3250.94414,1.75073
3248.90465,1.75134
3246.86516,1.75086
3244.82568,1.74548
3242.78619,1.74135
3240.74670,1.74047
3238.70721,1.73925
3236.66772,1.73628
3234.62824,1.73105
3232.58875,1.72835
3230.54926,1.73219
3228.50977,1.73506
3226.47028,1.73044
3224.43080,1.71678
3222.39131,1.70137
3220.35182,1.69612
3218.31233,1.69660
3216.27284,1.69466
3214.23335,1.69196
3212.19387,1.69054
3210.15438,1.69045
3208.11489,1.69067
3206.07540,1.68692
3204.03591,1.67810
3201.99643,1.67231
3199.95694,1.67364
3197.91745,1.67358
3195.87796,1.66706
3193.83847,1.66053
3191.79898,1.65727
3189.75950,1.65564
3187.72001,1.65603
3185.68052,1.65450
3183.64103,1.64675
3181.60154,1.63882
3179.56206,1.63337
3177.52257,1.62758
3175.48308,1.62414
3173.44359,1.62158
3171.40410,1.61643
3169.36461,1.61233
3167.32513,1.60974
3165.28564,1.60642
3163.24615,1.60276
3161.20666,1.59857
3159.16717,1.59355
3157.12769,1.58765
3155.08820,1.58163
3153.04871,1.57627
3151.00922,1.56794
3148.96973,1.55724
3146.93024,1.55059
3144.89076,1.54864
3142.85127,1.54610
3140.81178,1.53916
3138.77229,1.53079
3136.73280,1.52492
3134.69332,1.52239
3132.65383,1.52111
3130.61434,1.51595
3128.57485,1.50753
3126.53536,1.50050
3124.49587,1.49584
3122.45639,1.49284
3120.41690,1.49006
3118.37741,1.48301
3116.33792,1.47133
3114.29843,1.46369
3112.25895,1.46203
3110.21946,1.45789
3108.17997,1.44979
3106.14048,1.44326
3104.10099,1.44042
3102.06150,1.43842
3100.02202,1.43388
3097.98253,1.42604
3095.94304,1.41519
3093.90355,1.40512
3091.86406,1.39933
3089.82458,1.39505
3087.78509,1.39037
3085.74560,1.38659
3083.70611,1.38255
3081.66662,1.37739
3079.62714,1.37107
3077.58765,1.36255
3075.54816,1.35440
3073.50867,1.34951
3071.46918,1.34645
3069.42969,1.34214
3067.39021,1.33614
3065.35072,1.32996
3063.31123,1.32280
3061.27174,1.31465
3059.23225,1.30789
3057.19277,1.30380
3055.15328,1.30096
3053.11379,1.29663
3051.07430,1.29047
3049.03481,1.28427
3046.99532,1.27987
3044.95584,1.27698
3042.91635,1.27367
3040.87686,1.26883
3038.83737,1.26189
3036.79788,1.25270
3034.75840,1.24308
3032.71891,1.23633
3030.67942,1.23342
3028.63993,1.23175
3026.60044,1.22798
3024.56095,1.22211
3022.52147,1.21706
3020.48198,1.21514
3018.44249,1.21493
3016.40300,1.21303
3014.36351,1.21062
3012.32403,1.20993
3010.28454,1.20877
3008.24505,1.20680
3006.20556,1.20687
3004.16607,1.20875
3002.12658,1.21073
3000.08710,1.21279
2998.04761,1.21579
2996.00812,1.22019
2993.96863,1.22525
2991.92914,1.23229
2989.88966,1.24262
2987.85017,1.25290
2985.81068,1.26068
2983.77119,1.26887
2981.73170,1.27901
2979.69221,1.28936
2977.65273,1.29881
2975.61324,1.30701
2973.57375,1.31514
2971.53426,1.32467
2969.49477,1.33575
2967.45529,1.34750
2965.41580,1.35945
2963.37631,1.37132
2961.33682,1.38411
2959.29733,1.39951
2957.25784,1.41609
2955.21836,1.43260
2953.17887,1.44782
2951.13938,1.46158
2949.09989,1.47574
2947.06040,1.48738
2945.02092,1.49432
2942.98143,1.50103
2940.94194,1.51095
2938.90245,1.52357
2936.86296,1.53596
2934.82348,1.54161
2932.78399,1.54005
2930.74450,1.53798
2928.70501,1.53828
2926.66552,1.53927
2924.62603,1.53799
2922.58655,1.53217
2920.54706,1.52031
2918.50757,1.50690
2916.46808,1.49780
2914.42859,1.49073
2912.38911,1.48129
2910.34962,1.47101
2908.31013,1.46681
2906.27064,1.46811
2904.23115,1.46526
2902.19166,1.45916
2900.15218,1.45480
2898.11269,1.45138
2896.07320,1.45028
2894.03371,1.44928
2891.99422,1.44486
2889.95474,1.43825
2887.91525,1.42999
2885.87576,1.42186
2883.83627,1.41668
2881.79678,1.41250
2879.75729,1.40516
2877.71781,1.39520
2875.67832,1.38498
2873.63883,1.37378
2871.59934,1.36004
2869.55985,1.34549
2867.52037,1.33292
2865.48088,1.32308
2863.44139,1.31627
2861.40190,1.31105
2859.36241,1.30510
2857.32292,1.29859
2855.28344,1.29128
2853.24395,1.28207
2851.20446,1.27141
2849.16497,1.26109
2847.12548,1.25166
2845.08600,1.24105
2843.04651,1.23004
2841.00702,1.22148
2838.96753,1.21384
2836.92804,1.20486
2834.88855,1.19542
2832.84907,1.18728
2830.80958,1.18021
2828.77009,1.17276
2826.73060,1.16473
2824.69111,1.15639
2822.65163,1.14837
2820.61214,1.14200
2818.57265,1.13657
2816.53316,1.13054
2814.49367,1.12456
2812.45418,1.12019
2810.41470,1.11759
2808.37521,1.11425
2806.33572,1.10813
2804.29623,1.10105
2802.25674,1.09633
2800.21726,1.09375
2798.17777,1.09024
2796.13828,1.08519
2794.09879,1.08071
2792.05930,1.07832
2790.01982,1.07658
2787.98033,1.07321
2785.94084,1.06959
2783.90135,1.06746
2781.86186,1.06544
2779.82237,1.06288
2777.78289,1.06056
2775.74340,1.05917
2773.70391,1.05749
2771.66442,1.05419
2769.62493,1.05164
2767.58545,1.05055
2765.54596,1.04835
2763.50647,1.04514
2761.46698,1.04299
2759.42749,1.04281
2757.38800,1.04363
2755.34852,1.04310
2753.30903,1.04032
2751.26954,1.03709
2749.23005,1.03509
2747.19056,1.03359
2745.15108,1.03092
2743.11159,1.02794
2741.07210,1.02694
2739.03261,1.02760
2736.99312,1.02718
2734.95363,1.02422
2732.91415,1.02042
2730.87466,1.01792
2728.83517,1.01645
2726.79568,1.01481
2724.75619,1.01330
2722.71671,1.01150
2720.67722,1.00809
2718.63773,1.00488
2716.59824,1.00356
2714.55875,1.00222
2712.51926,0.99905
2710.47978,0.99475
2708.44029,0.99094
2706.40080,0.98801
2704.36131,0.98480
2702.32182,0.98119
2700.28234,0.97821
2698.24285,0.97539
2696.20336,0.97235
2694.16387,0.97018
2692.12438,0.96819
2690.08489,0.96495
2688.04541,0.96142
2686.00592,0.95885
2683.96643,0.95672
2681.92694,0.95382
2679.88745,0.95076
2677.84797,0.94811
2675.80848,0.94442
2673.76899,0.94037
2671.72950,0.93755
2669.69001,0.93478
2667.65052,0.93105
2665.61104,0.92713
2663.57155,0.92373
2661.53206,0.92041
2659.49257,0.91621
2657.45308,0.91136
2655.41360,0.90688
2653.37411,0.90320
2651.33462,0.90010
2649.29513,0.89700
2647.25564,0.89374
2645.21616,0.89017
2643.17667,0.88593
2641.13718,0.88095
2639.09769,0.87556
2637.05820,0.87139
2635.01871,0.86879
2632.97923,0.86552
2630.93974,0.86059
2628.90025,0.85511
2626.86076,0.85080
2624.82127,0.84798
2622.78179,0.84474
2620.74230,0.84068
2618.70281,0.83733
2616.66332,0.83463
2614.62383,0.83193
2612.58434,0.82945
2610.54486,0.82711
2608.50537,0.82472
2606.46588,0.82211
2604.42639,0.81935
2602.38690,0.81703
2600.34742,0.81493
2598.30793,0.81226
2596.26844,0.80972
2594.22895,0.80840
2592.18946,0.80737
2590.14997,0.80511
2588.11049,0.80202
2586.07100,0.79981
2584.03151,0.79845
2581.99202,0.79656
2579.95253,0.79425
2577.91305,0.79160
2575.87356,0.78884
2573.83407,0.78657
2571.79458,0.78439
2569.75509,0.78202
2567.71560,0.77987
2565.67612,0.77816
2563.63663,0.77640
2561.59714,0.77368
2559.55765,0.77032
2557.51816,0.76771
2555.47868,0.76589
2553.43919,0.76370
2551.39970,0.76101
2549.36021,0.75842
2547.32072,0.75585
2545.28123,0.75318
2543.24175,0.75047
2541.20226,0.74775
2539.16277,0.74544
2537.12328,0.74370
2535.08379,0.74219
2533.04431,0.74020
2531.00482,0.73753
2528.96533,0.73471
2526.92584,0.73233
2524.88635,0.73072
2522.84686,0.72889
2520.80738,0.72645
2518.76789,0.72429
2516.72840,0.72251
2514.68891,0.72078
2512.64942,0.71891
2510.60994,0.71677
2508.57045,0.71477
2506.53096,0.71299
2504.49147,0.71087
2502.45198,0.70865
2500.41250,0.70669
2498.37301,0.70493
2496.33352,0.70338
2494.29403,0.70155
2492.25454,0.69923
2490.21505,0.69689
2488.17557,0.69464
2486.13608,0.69237
2484.09659,0.69037
2482.05710,0.68856
2480.01761,0.68637
2477.97813,0.68367
2475.93864,0.68077
2473.89915,0.67786
2471.85966,0.67483
2469.82017,0.67182
2467.78068,0.66927
2465.74120,0.66679
2463.70171,0.66370
2461.66222,0.66058
2459.62273,0.65792
2457.58324,0.65523
2455.54376,0.65241
2453.50427,0.64956
2451.46478,0.64645
2449.42529,0.64294
2447.38580,0.63944
2445.34631,0.63637
2443.30683,0.63328
2441.26734,0.63006
2439.22785,0.62699
2437.18836,0.62381
2435.14887,0.62028
2433.10939,0.61669
2431.06990,0.61348
2429.03041,0.61047
2426.99092,0.60719
2424.95143,0.60370
2422.91194,0.60036
2420.87246,0.59740
2418.83297,0.59474
2416.79348,0.59234
2414.75399,0.59014
2412.71450,0.58779
2410.67502,0.58521
2408.63553,0.58269
2406.59604,0.58035
2404.55655,0.57792
2402.51706,0.57552
2400.47757,0.57363
2398.43809,0.57201
2396.39860,0.57033
2394.35911,0.56840
2392.31962,0.56627
2390.28013,0.56434
2388.24065,0.56302
2386.20116,0.56231
2384.16167,0.56186
2382.12218,0.56126
2380.08269,0.56066
2378.04320,0.56072
2376.00372,0.56125
2373.96423,0.56131
2371.92474,0.56080
2369.88525,0.56019
2367.84576,0.55947
2365.80628,0.55859
2363.76679,0.55805
2361.72730,0.55829
2359.68781,0.55825
2357.64832,0.55636
2355.60884,0.55349
2353.56935,0.55168
2351.52986,0.55129
2349.49037,0.55040
2347.45088,0.54715
2345.41139,0.54335
2343.37191,0.54171
2341.33242,0.54146
2339.29293,0.54076
2337.25344,0.53955
2335.21395,0.53771
2333.17447,0.53496
2331.13498,0.53220
2329.09549,0.53045
2327.05600,0.52922
2325.01651,0.52775
2322.97702,0.52629
2320.93754,0.52489
2318.89805,0.52320
2316.85856,0.52129
2314.81907,0.51960
2312.77958,0.51821
2310.74010,0.51686
2308.70061,0.51536
2306.66112,0.51387
2304.62163,0.51266
2302.58214,0.51173
2300.54265,0.51067
2298.50317,0.50938
2296.46368,0.50819
2294.42419,0.50716
2292.38470,0.50629
2290.34521,0.50567
2288.30573,0.50522
2286.26624,0.50478
2284.22675,0.50445
2282.18726,0.50436
2280.14777,0.50422
2278.10828,0.50391
2276.06880,0.50390
2274.02931,0.50436
2271.98982,0.50485
2269.95033,0.50501
2267.91084,0.50504
2265.87136,0.50536
2263.83187,0.50599
2261.79238,0.50641
2259.75289,0.50650
2257.71340,0.50660
2255.67391,0.50682
2253.63443,0.50721
2251.59494,0.50758
2249.55545,0.50761
2247.51596,0.50775
2245.47647,0.50790
2243.43699,0.50798
2241.39750,0.50828
2239.35801,0.50872
2237.31852,0.50882
2235.27903,0.50899
2233.23954,0.50975
2231.20006,0.51067
2229.16057,0.51119
2227.12108,0.51136
2225.08159,0.51145
2223.04210,0.51180
2221.00262,0.51250
2218.96313,0.51328
2216.92364,0.51408
2214.88415,0.51522
2212.84466,0.51682
2210.80518,0.51852
2208.76569,0.51982
2206.72620,0.52070
2204.68671,0.52150
2202.64722,0.52236
2200.60773,0.52350
2198.56825,0.52488
2196.52876,0.52616
2194.48927,0.52742
2192.44978,0.52878
2190.41029,0.52987
2188.37081,0.53049
2186.33132,0.53137
2184.29183,0.53303
2182.25234,0.53493
2180.21285,0.53647
2178.17336,0.53779
2176.13388,0.53911
2174.09439,0.54051
2172.05490,0.54212
2170.01541,0.54357
2167.97592,0.54469
2165.93644,0.54587
2163.89695,0.54711
2161.85746,0.54820
2159.81797,0.54917
2157.77848,0.54996
2155.73899,0.55046
2153.69951,0.55085
2151.66002,0.55124
2149.62053,0.55134
2147.58104,0.55095
2145.54155,0.55034
2143.50207,0.55005
2141.46258,0.55007
2139.42309,0.55012
2137.38360,0.55011
2135.34411,0.55013
2133.30462,0.55015
2131.26514,0.54992
2129.22565,0.54931
2127.18616,0.54871
2125.14667,0.54840
2123.10718,0.54806
2121.06770,0.54727
2119.02821,0.54655
2116.98872,0.54638
2114.94923,0.54614
2112.90974,0.54561
2110.87025,0.54506
2108.83077,0.54453
2106.79128,0.54411
2104.75179,0.54382
2102.71230,0.54360
2100.67281,0.54323
2098.63333,0.54260
2096.59384,0.54199
2094.55435,0.54150
2092.51486,0.54110
2090.47537,0.54089
2088.43588,0.54071
2086.39640,0.54034
2084.35691,0.53998
2082.31742,0.53962
2080.27793,0.53917
2078.23844,0.53892
2076.19896,0.53885
2074.15947,0.53873
2072.11998,0.53859
2070.08049,0.53822
2068.04100,0.53774
2066.00152,0.53775
2063.96203,0.53800
2061.92254,0.53799
2059.88305,0.53775
2057.84356,0.53736
2055.80407,0.53689
2053.76459,0.53635
2051.72510,0.53573
2049.68561,0.53501
2047.64612,0.53412
2045.60663,0.53299
2043.56715,0.53158
2041.52766,0.53011
2039.48817,0.52865
2037.44868,0.52693
2035.40919,0.52492
2033.36970,0.52299
2031.33022,0.52114
2029.29073,0.51919
2027.25124,0.51703
2025.21175,0.51454
2023.17226,0.51209
2021.13278,0.51023
2019.09329,0.50886
2017.05380,0.50734
2015.01431,0.50527
2012.97482,0.50289
2010.93533,0.50071
2008.89585,0.49889
2006.85636,0.49732
2004.81687,0.49607
2002.77738,0.49521
2000.73789,0.49441
1998.69841,0.49342
1996.65892,0.49262
1994.61943,0.49225
1992.57994,0.49202
1990.54045,0.49178
1988.50096,0.49156
1986.46148,0.49123
1984.42199,0.49075
1982.38250,0.49045
1980.34301,0.49055
1978.30352,0.49068
1976.26404,0.49059
1974.22455,0.49042
1972.18506,0.49033
1970.14557,0.49053
1968.10608,0.49083
1966.06659,0.49074
1964.02711,0.49032
1961.98762,0.49004
1959.94813,0.48992
1957.90864,0.48981
1955.86915,0.48979
1953.82967,0.48989
1951.79018,0.48992
1949.75069,0.49001
1947.71120,0.49037
1945.67171,0.49089
1943.63222,0.49118
1941.59274,0.49067
1939.55325,0.48964
1937.51376,0.48887
1935.47427,0.48841
1933.43478,0.48818
1931.39530,0.48821
1929.35581,0.48835
1927.31632,0.48851
1925.27683,0.48882
1923.23734,0.48917
1921.19786,0.48927
1919.15837,0.48905
1917.11888,0.48863
1915.07939,0.48827
1913.03990,0.48839
1911.00041,0.48879
1908.96093,0.48881
1906.92144,0.48827
1904.88195,0.48749
1902.84246,0.48684
1900.80297,0.48659
1898.76349,0.48677
1896.72400,0.48703
1894.68451,0.48724
1892.64502,0.48787
1890.60553,0.48910
1888.56604,0.48996
1886.52656,0.49006
1884.48707,0.49020
1882.44758,0.49074
1880.40809,0.49153
1878.36860,0.49235
1876.32912,0.49309
1874.28963,0.49391
1872.25014,0.49541
1870.21065,0.49750
1868.17116,0.49835
1866.13167,0.49720
1864.09219,0.49595
1862.05270,0.49561
1860.01321,0.49561
1857.97372,0.49537
1855.93423,0.49506
1853.89475,0.49503
1851.85526,0.49528
1849.81577,0.49595
1847.77628,0.49759
1845.73679,0.49978
1843.69730,0.50074
1841.65782,0.50001
1839.61833,0.49939
1837.57884,0.49972
1835.53935,0.50044
1833.49986,0.50168
1831.46038,0.50398
1829.42089,0.50651
1827.38140,0.50824
1825.34191,0.50939
1823.30242,0.51028
1821.26293,0.51127
1819.22345,0.51284
1817.18396,0.51491
1815.14447,0.51730
1813.10498,0.52013
1811.06549,0.52314
1809.02601,0.52578
1806.98652,0.52824
1804.94703,0.53142
1802.90754,0.53582
1800.86805,0.54093
1798.82856,0.54564
1796.78908,0.55018
1794.74959,0.55589
1792.71010,0.56266
1790.67061,0.56847
1788.63112,0.57310
1786.59164,0.57868
1784.55215,0.58591
1782.51266,0.59386
1780.47317,0.60174
1778.43368,0.60943
1776.39420,0.61800
1774.35471,0.62965
1772.31522,0.64486
1770.27573,0.66093
1768.23624,0.67674
1766.19675,0.69404
1764.15727,0.71468
1762.11778,0.74031
1760.07829,0.76867
1758.03880,0.79678
1755.99931,0.82458
1753.95983,0.85098
1751.92034,0.87777
1749.88085,0.90609
1747.84136,0.93105
1745.80187,0.95016
1743.76238,0.96552
1741.72290,0.97834
1739.68341,0.98830
1737.64392,0.99565
1735.60443,1.00220
1733.56494,1.00735
1731.52546,1.00802
1729.48597,1.00526
1727.44648,1.00113
1725.40699,0.99655
1723.36750,0.99206
1721.32801,0.98782
1719.28853,0.98276
1717.24904,0.97427
1715.20955,0.96225
1713.17006,0.95051
1711.13057,0.94090
1709.09109,0.93301
1707.05160,0.92638
1705.01211,0.92173
1702.97262,0.92093
1700.93313,0.92437
1698.89364,0.92981
1696.85416,0.93639
1694.81467,0.94576
1692.77518,0.95739
1690.73569,0.97123
1688.69620,0.98717
1686.65672,1.00463
1684.61723,1.02569
1682.57774,1.04777
1680.53825,1.06555
1678.49876,1.08190
1676.45927,1.10139
1674.41979,1.12323
1672.38030,1.14226
1670.34081,1.15895
1668.30132,1.17629
1666.26183,1.19274
1664.22235,1.20862
1662.18286,1.22501
1660.14337,1.23923
1658.10388,1.24940
1656.06439,1.25776
1654.02490,1.26745
1651.98542,1.27758
1649.94593,1.28490
1647.90644,1.29024
1645.86695,1.29370
1643.82746,1.29589
1641.78798,1.29936
1639.74849,1.30355
1637.70900,1.30696
1635.66951,1.31065
1633.63002,1.31438
1631.59054,1.31613
1629.55105,1.31663
1627.51156,1.31755
1625.47207,1.31872
1623.43258,1.31928
1621.39309,1.31943
1619.35361,1.31961
1617.31412,1.31979
1615.27463,1.32026
1613.23514,1.32215
1611.19565,1.32616
1609.15617,1.33078
1607.11668,1.33347
1605.07719,1.33373
1603.03770,1.33231
1600.99821,1.32984
1598.95872,1.32698
1596.91924,1.32326
1594.87975,1.31810
1592.84026,1.31221
1590.80077,1.30575
1588.76128,1.29841
1586.72180,1.29046
1584.68231,1.28159
1582.64282,1.27201
1580.60333,1.26316
1578.56384,1.25586
1576.52435,1.25051
1574.48487,1.24644
1572.44538,1.24060
1570.40589,1.23233
1568.36640,1.22479
1566.32691,1.21944
1564.28743,1.21466
1562.24794,1.20995
1560.20845,1.20469
1558.16896,1.19861
1556.12947,1.19373
1554.08998,1.18868
1552.05050,1.18169
1550.01101,1.17308
1547.97152,1.16475
1545.93203,1.15831
1543.89254,1.15300
1541.85306,1.14636
1539.81357,1.13721
1537.77408,1.12903
1535.73459,1.12323
1533.69510,1.11727
1531.65561,1.11138
1529.61613,1.10730
1527.57664,1.10352
1525.53715,1.09838
1523.49766,1.09342
1521.45817,1.09115
1519.41869,1.09194
1517.37920,1.09348
1515.33971,1.09358
1513.30022,1.09243
1511.26073,1.09162
1509.22124,1.09108
1507.18176,1.08977
1505.14227,1.08967
1503.10278,1.09246
1501.06329,1.09719
1499.02380,1.10373
1496.98432,1.11247
1494.94483,1.12270
1492.90534,1.13369
1490.86585,1.14716
1488.82636,1.16492
1486.78688,1.18519
1484.74739,1.20596
1482.70790,1.22843
1480.66841,1.25363
1478.62892,1.28077
1476.58943,1.31047
1474.54995,1.34414
1472.51046,1.38194
1470.47097,1.41883
1468.43148,1.44961
1466.39199,1.47899
1464.35251,1.50889
1462.31302,1.53121
1460.27353,1.54352
1458.23404,1.55097
1456.19455,1.55677
1454.15506,1.56113
1452.11558,1.56414
1450.07609,1.56794
1448.03660,1.57352
1445.99711,1.57791
1443.95762,1.57913
1441.91814,1.57890
1439.87865,1.58005
1437.83916,1.58553
1435.79967,1.59478
1433.76018,1.60233
1431.72069,1.60885
1429.68121,1.61628
1427.64172,1.61957
1425.60223,1.61917
1423.56274,1.62239
1421.52325,1.62839
1419.48377,1.63291
1417.44428,1.63586
1415.40479,1.63612
1413.36530,1.63508
1411.32581,1.63489
1409.28632,1.63282
1407.24684,1.62597
1405.20735,1.61803
1403.16786,1.61476
1401.12837,1.61371
1399.08888,1.60807
1397.04940,1.59949
1395.00991,1.59568
1392.97042,1.59858
1390.93093,1.60491
1388.89144,1.61253
1386.85195,1.62156
1384.81247,1.63088
1382.77298,1.63762
1380.73349,1.63996
1378.69400,1.63874
1376.65451,1.63827
1374.61503,1.64237
1372.57554,1.64945
1370.53605,1.65502
1368.49656,1.65617
1366.45707,1.65142
1364.41758,1.64302
1362.37810,1.63670
1360.33861,1.63456
1358.29912,1.63300
1356.25963,1.62956
1354.22014,1.62543
1352.18066,1.62230
1350.14117,1.62110
1348.10168,1.62203
1346.06219,1.62561
1344.02270,1.63199
1341.98322,1.63567
1339.94373,1.63062
1337.90424,1.62088
1335.86475,1.61338
1333.82526,1.60832
1331.78577,1.60394
1329.74629,1.59809
1327.70680,1.58828
1325.66731,1.57772
1323.62782,1.57294
1321.58833,1.57209
1319.54885,1.56694
1317.50936,1.55777
1315.46987,1.54982
1313.43038,1.54280
1311.39089,1.53606
1309.35140,1.53099
1307.31192,1.52748
1305.27243,1.52363
1303.23294,1.51886
1301.19345,1.51496
1299.15396,1.51193
1297.11448,1.50851
1295.07499,1.50483
1293.03550,1.50082
1290.99601,1.49567
1288.95652,1.49110
1286.91703,1.49151
1284.87755,1.49741
1282.83806,1.50238
1280.79857,1.50142
1278.75908,1.49793
1276.71959,1.49775
1274.68011,1.50255
1272.64062,1.51066
1270.60113,1.51836
1268.56164,1.52290
1266.52215,1.52620
1264.48266,1.53153
1262.44318,1.53956
1260.40369,1.54668
1258.36420,1.54944
1256.32471,1.55068
1254.28522,1.55412
1252.24574,1.55935
1250.20625,1.56363
1248.16676,1.56539
1246.12727,1.56488
1244.08778,1.56186
1242.04829,1.55815
1240.00881,1.55715
1237.96932,1.55559
1235.92983,1.54849
1233.89034,1.53894
1231.85085,1.52839
1229.81137,1.51542
1227.77188,1.50378
1225.73239,1.49461
1223.69290,1.48477
1221.65341,1.47568
1219.61392,1.47200
1217.57444,1.47239
1215.53495,1.47113
1213.49546,1.46811
1211.45597,1.46802
1209.41648,1.47349
1207.37700,1.48077
1205.33751,1.48458
1203.29802,1.48714
1201.25853,1.49011
1199.21904,1.48849
1197.17956,1.48305
1195.14007,1.48109
1193.10058,1.48235
1191.06109,1.48588
1189.02160,1.49566
1186.98211,1.51138
1184.94263,1.53249
1182.90314,1.56058
1180.86365,1.59376
1178.82416,1.63229
1176.78467,1.67825
1174.74519,1.72765
1172.70570,1.78217
1170.66621,1.84338
1168.62672,1.89487
1166.58723,1.92838
1164.54774,1.95183
1162.50826,1.96756
1160.46877,1.96666
1158.42928,1.94905
1156.38979,1.93320
1154.35030,1.92694
1152.31082,1.91818
1150.27133,1.89993
1148.23184,1.88769
1146.19235,1.88430
1144.15286,1.87672
1142.11337,1.86841
1140.07389,1.86208
1138.03440,1.85742
1135.99491,1.86544
1133.95542,1.88609
1131.91593,1.90447
1129.87645,1.91752
1127.83696,1.92381
1125.79747,1.91807
1123.75798,1.90996
1121.71849,1.91175
1119.67900,1.92348
1117.63952,1.94343
1115.60003,1.96794
1113.56054,1.98012
1111.52105,1.97044
1109.48156,1.96498
1107.44208,1.97477
1105.40259,1.97105
1103.36310,1.95861
1101.32361,1.95915
1099.28412,1.96101
1097.24463,1.95380
1095.20515,1.94488
1093.16566,1.95521
1091.12617,1.98422
1089.08668,1.99731
1087.04719,1.98446
1085.00771,1.96346
1082.96822,1.93562
1080.92873,1.90828
1078.88924,1.90367
1076.84975,1.92082
1074.81027,1.92782
1072.77078,1.91472
1070.73129,1.90598
1068.69180,1.90833
1066.65231,1.91486
1064.61282,1.91762
1062.57334,1.90949
1060.53385,1.90184
1058.49436,1.89723
1056.45487,1.88554
1054.41538,1.86555
1052.37590,1.83538
1050.33641,1.80709
1048.29692,1.79841
1046.25743,1.80054
1044.21794,1.79044
1042.17845,1.77692
1040.13897,1.77853
1038.09948,1.78335
1036.05999,1.77558
1034.02050,1.76480
1031.98101,1.76446
1029.94153,1.76468
1027.90204,1.75444
1025.86255,1.74349
1023.82306,1.73836
1021.78357,1.73310
1019.74408,1.72192
1017.70460,1.70883
1015.66511,1.69949
1013.62562,1.69249
1011.58613,1.68895
1009.54664,1.68701
1007.50716,1.67516
1005.46767,1.65613
1003.42818,1.64113
1001.38869,1.63144
999.34920,1.62055
997.30971,1.60716
995.27023,1.59534
993.23074,1.58029
991.19125,1.55881
989.15176,1.53209
987.11227,1.49793
985.07279,1.45654
983.03330,1.41152
980.99381,1.36676
978.95432,1.32451
976.91483,1.28392
974.87534,1.24637
972.83586,1.21612
970.79637,1.19371
968.75688,1.17703
966.71739,1.16431
964.67790,1.15411
962.63842,1.14437
960.59893,1.13380
958.55944,1.12473
956.51995,1.12078
954.48046,1.12328
952.44097,1.13121
950.40149,1.14274
948.36200,1.15730
946.32251,1.17624
944.28302,1.19891
942.24353,1.22106
940.20405,1.23894
938.16456,1.25083
936.12507,1.25894
934.08558,1.26782
932.04609,1.27713
930.00661,1.28418
927.96712,1.28772
925.92763,1.28585
923.88814,1.27771
921.84865,1.26455
919.80916,1.24866
917.76968,1.23153
915.73019,1.21299
913.69070,1.19473
911.65121,1.17973
909.61172,1.16856
907.57224,1.16086
905.53275,1.15795
903.49326,1.15995
901.45377,1.16300
899.41428,1.16173
897.37479,1.15679
895.33531,1.15291
893.29582,1.14971
891.25633,1.14443
889.21684,1.13709
887.17735,1.13001
885.13787,1.12647
883.09838,1.12841
881.05889,1.13437
879.01940,1.14465
876.97991,1.16263
874.94042,1.18572
872.90094,1.20933
870.86145,1.23430
868.82196,1.26088
866.78247,1.28480
864.74298,1.29988
862.70350,1.30134
860.66401,1.28847
858.62452,1.26822
856.58503,1.24933
854.54554,1.23426
852.50605,1.22362
850.46657,1.21780
848.42708,1.21578
846.38759,1.21572
844.34810,1.21505
842.30861,1.21260
840.26913,1.20902
838.22964,1.20699
836.19015,1.20740
834.15066,1.20712
832.11117,1.20526
830.07168,1.20508
828.03220,1.20813
825.99271,1.21190
823.95322,1.21641
821.91373,1.22441
819.87424,1.23357
817.83476,1.24006
815.79527,1.24416
813.75578,1.24530
811.71629,1.24375
809.67680,1.24311
807.63731,1.24715
805.59783,1.25725
803.55834,1.26677
801.51885,1.27096
799.47936,1.27380
797.43987,1.27891
795.40039,1.29070
793.36090,1.30790
791.32141,1.32168
789.28192,1.33304
787.24243,1.34864
785.20295,1.36710
783.16346,1.38486
781.12397,1.40072
779.08448,1.41509
777.04499,1.42599
775.00550,1.43281
772.96602,1.44374
770.92653,1.45966
768.88704,1.46858
766.84755,1.46489
764.80806,1.45554
762.76858,1.44969
760.72909,1.44531
758.68960,1.43358
756.65011,1.41732
754.61062,1.40553
752.57113,1.40017
750.53165,1.40082
748.49216,1.40525
746.45267,1.40759
744.41318,1.40704
742.37369,1.40702
740.33421,1.41026
738.29472,1.41618
736.25523,1.42139
734.21574,1.43059
732.17625,1.44798
730.13676,1.46211
728.09728,1.46803
726.05779,1.47245
724.01830,1.47705
721.97881,1.48162
719.93932,1.48733
717.89984,1.49788
715.86035,1.51399
713.82086,1.52886
711.78137,1.53739
709.74188,1.54014
707.70239,1.53743
705.66291,1.52908
703.62342,1.51951
701.58393,1.51598
699.54444,1.51696
697.50495,1.51394
695.46547,1.50905
693.42598,1.51370
691.38649,1.52746
689.34700,1.53411
687.30751,1.52688
685.26802,1.51604
683.22854,1.51291
681.18905,1.52432
679.14956,1.54648
677.11007,1.56227
675.07058,1.56069
673.03110,1.55151
670.99161,1.55138
668.95212,1.56518
666.91263,1.57682
664.87314,1.57028
662.83365,1.55328
660.79417,1.54423
658.75468,1.55289
656.71519,1.56333
654.67570,1.56135
652.63621,1.56114
650.59673,1.56888
648.55724,1.56749
646.51775,1.55202
644.47826,1.53791
642.43877,1.54056
640.39929,1.56091
638.35980,1.58428
636.32031,1.59324
634.28082,1.59265
632.24133,1.60368
630.20184,1.62189
628.16236,1.62353
626.12287,1.60516
624.08338,1.59753
622.04389,1.60373
620.00440,1.61418
617.96492,1.63299
615.92543,1.66030
613.88594,1.67845
611.84645,1.66104
609.80696,1.62415
607.76747,1.60548
605.72799,1.60882
603.68850,1.61510
601.64901,1.60521
599.60952,1.57127
597.57003,1.55257
595.53055,1.56161
593.49106,1.56040
591.45157,1.53883
589.41208,1.54144
587.37259,1.57691
585.33310,1.61132
583.29362,1.63435
581.25413,1.64144
579.21464,1.61300
577.17515,1.56442
575.13566,1.54633
573.09618,1.55665
571.05669,1.57840
569.01720,1.58725
566.97771,1.59099
564.93822,1.60830
562.89873,1.61416
560.85925,1.63801
558.81976,1.67904
556.78027,1.64098
554.74078,1.56044
552.70129,1.51612
550.66181,1.49685
548.62232,1.48489
546.58283,1.49588
544.54334,1.49423
542.50385,1.49602
540.46436,1.48503
538.42488,1.49566
536.38539,1.53000
534.34590,1.52405
532.30641,1.52238
530.26692,1.53353
528.22744,1.48028
526.18795,1.41200
524.14846,1.42612
522.10897,1.50049
520.06948,1.50276
518.02999,1.49968
515.99051,1.48165
513.95102,1.43819
511.91153,1.40600
509.87204,1.37079
507.83255,1.32268
505.79307,1.27844
503.75358,1.35126
501.71409,1.85127
499.67460,1.69864
