3997.39681,0.39339
3995.35732,0.39314
3993.31783,0.39272
3991.27835,0.39199
3989.23886,0.39122
3987.19937,0.39048
3985.15988,0.38975
3983.12039,0.38892
3981.08091,0.38805
3979.04142,0.38755
3977.00193,0.38716
3974.96244,0.38629
3972.92295,0.38498
3970.88346,0.38383
3968.84398,0.38298
3966.80449,0.38185
3964.76500,0.38019
3962.72551,0.37892
3960.68602,0.37849
3958.64654,0.37800
3956.60705,0.37681
3954.56756,0.37540
3952.52807,0.37440
3950.48858,0.37354
3948.44909,0.37208
3946.40961,0.37025
3944.37012,0.36880
3942.33063,0.36747
3940.29114,0.36598
3938.25165,0.36468
3936.21217,0.36376
3934.17268,0.36316
3932.13319,0.36230
3930.09370,0.36052
3928.05421,0.35815
3926.01473,0.35601
3923.97524,0.35457
3921.93575,0.35363
3919.89626,0.35260
3917.85677,0.35102
3915.81728,0.34883
3913.77780,0.34641
3911.73831,0.34424
3909.69882,0.34267
3907.65933,0.34193
3905.61984,0.34155
3903.58036,0.34063
3901.54087,0.33904
3899.50138,0.33705
3897.46189,0.33480
3895.42240,0.33278
3893.38291,0.33128
3891.34343,0.33005
3889.30394,0.32919
3887.26445,0.32887
3885.22496,0.32839
3883.18547,0.32748
3881.14599,0.32620
3879.10650,0.32447
3877.06701,0.32346
3875.02752,0.32359
3872.98803,0.32364
3870.94854,0.32290
3868.90906,0.32196
3866.86957,0.32136
3864.83008,0.32082
3862.79059,0.32015
3860.75110,0.31989
3858.71162,0.32028
3856.67213,0.32043
3854.63264,0.31949
3852.59315,0.31799
3850.55366,0.31712
3848.51417,0.31712
3846.47469,0.31793
3844.43520,0.31891
3842.39571,0.31898
3840.35622,0.31783
3838.31673,0.31624
3836.27725,0.31550
3834.23776,0.31587
3832.19827,0.31618
3830.15878,0.31589
3828.11929,0.31573
3826.07980,0.31627
3824.04032,0.31733
3822.00083,0.31823
3819.96134,0.31817
3817.92185,0.31722
3815.88236,0.31622
3813.84288,0.31588
3811.80339,0.31628
3809.76390,0.31706
3807.72441,0.31784
3805.68492,0.31852
3803.64543,0.31939
3801.60595,0.32023
3799.56646,0.32066
3797.52697,0.32073
3795.48748,0.32076
3793.44799,0.32146
3791.40851,0.32296
3789.36902,0.32451
3787.32953,0.32563
3785.29004,0.32660
3783.25055,0.32766
3781.21107,0.32861
3779.17158,0.32929
3777.13209,0.33024
3775.09260,0.33172
3773.05311,0.33316
3771.01362,0.33428
3768.97414,0.33548
3766.93465,0.33680
3764.89516,0.33784
3762.85567,0.33891
3760.81618,0.34072
3758.77670,0.34301
3756.73721,0.34487
3754.69772,0.34593
3752.65823,0.34639
3750.61874,0.34695
3748.57925,0.34850
3746.53977,0.35088
3744.50028,0.35338
3742.46079,0.35581
3740.42130,0.35824
3738.38181,0.36055
3736.34233,0.36245
3734.30284,0.36402
3732.26335,0.36603
3730.22386,0.36887
3728.18437,0.37215
3726.14488,0.37543
3724.10540,0.37843
3722.06591,0.38105
3720.02642,0.38368
3717.98693,0.38666
3715.94744,0.39015
3713.90796,0.39419
3711.86847,0.39847
3709.82898,0.40272
3707.78949,0.40703
3705.75000,0.41185
3703.71051,0.41760
3701.67103,0.42404
3699.63154,0.43047
3697.59205,0.43677
3695.55256,0.44357
3693.51307,0.45128
3691.47359,0.45967
3689.43410,0.46822
3687.39461,0.47685
3685.35512,0.48600
3683.31563,0.49607
3681.27614,0.50710
3679.23666,0.51878
3677.19717,0.53164
3675.15768,0.54639
3673.11819,0.56173
3671.07870,0.57780
3669.03922,0.59554
3666.99973,0.61260
3664.96024,0.62850
3662.92075,0.64522
3660.88126,0.66326
3658.84177,0.68208
3656.80229,0.70127
3654.76280,0.71922
3652.72331,0.73606
3650.68382,0.75600
3648.64433,0.77929
3646.60485,0.79971
3644.56536,0.81660
3642.52587,0.83452
3640.48638,0.85462
3638.44689,0.87480
3636.40741,0.89461
3634.36792,0.91541
3632.32843,0.93627
3630.28894,0.95532
3628.24945,0.97325
3626.20996,0.99069
3624.17048,1.00850
3622.13099,1.02845
3620.09150,1.04999
3618.05201,1.06932
3616.01252,1.08554
3613.97304,1.10226
3611.93355,1.12011
3609.89406,1.13831
3607.85457,1.15807
3605.81508,1.17850
3603.77559,1.19768
3601.73611,1.21475
3599.69662,1.22946
3597.65713,1.24359
3595.61764,1.25954
3593.57815,1.27819
3591.53867,1.29803
3589.49918,1.31603
3587.45969,1.33088
3585.42020,1.34712
3583.38071,1.36911
3581.34122,1.39022
3579.30174,1.40370
3577.26225,1.41444
3575.22276,1.42806
3573.18327,1.44307
3571.14378,1.46029
3569.10430,1.48401
3567.06481,1.50980
3565.02532,1.52410
3562.98583,1.52521
3560.94634,1.52578
3558.90685,1.53131
3556.86737,1.53717
3554.82788,1.54293
3552.78839,1.55353
3550.74890,1.56993
3548.70941,1.58809
3546.66993,1.60380
3544.63044,1.61506
3542.59095,1.62224
3540.55146,1.62987
3538.51197,1.64032
3536.47248,1.64831
3534.43300,1.65384
3532.39351,1.66243
3530.35402,1.67216
3528.31453,1.67888
3526.27504,1.68169
3524.23556,1.68621
3522.19607,1.69912
3520.15658,1.70920
3518.11709,1.70142
3516.07760,1.68783
3514.03811,1.69265
3511.99863,1.71371
3509.95914,1.73072
3507.91965,1.74124
3505.88016,1.75236
3503.84067,1.76126
3501.80119,1.76449
3499.76170,1.76405
3497.72221,1.76269
3495.68272,1.76335
3493.64323,1.76842
3491.60375,1.77548
3489.56426,1.77969
3487.52477,1.78185
3485.48528,1.78512
3483.44579,1.78205
3481.40630,1.76680
3479.36682,1.75203
3477.32733,1.74791
3475.28784,1.75764
3473.24835,1.77788
3471.20886,1.79048
3469.16938,1.79200
3467.12989,1.79330
3465.09040,1.79015
3463.05091,1.78539
3461.01142,1.78950
3458.97193,1.80062
3456.93245,1.80950
3454.89296,1.80181
3452.85347,1.78081
3450.81398,1.77123
3448.77449,1.77792
3446.73501,1.78851
3444.69552,1.79748
3442.65603,1.80317
3440.61654,1.80181
3438.57705,1.79496
3436.53756,1.78971
3434.49808,1.79146
3432.45859,1.80043
3430.41910,1.80611
3428.37961,1.79949
3426.34012,1.78579
3424.30064,1.78083
3422.26115,1.79032
3420.22166,1.79782
3418.18217,1.79532
3416.14268,1.79305
3414.10319,1.79946
3412.06371,1.80934
3410.02422,1.81148
3407.98473,1.80585
3405.94524,1.79880
3403.90575,1.79552
3401.86627,1.80176
3399.82678,1.80888
3397.78729,1.80720
3395.74780,1.80951
3393.70831,1.81691
3391.66882,1.81483
3389.62934,1.80439
3387.58985,1.79941
3385.55036,1.80668
3383.51087,1.81353
3381.47138,1.80331
3379.43190,1.78871
3377.39241,1.78775
3375.35292,1.78915
3373.31343,1.78420
3371.27394,1.78954
3369.23446,1.80443
3367.19497,1.80676
3365.15548,1.79733
3363.11599,1.79173
3361.07650,1.79622
3359.03701,1.80774
3356.99753,1.81419
3354.95804,1.80912
3352.91855,1.79982
3350.87906,1.79350
3348.83957,1.79199
3346.80009,1.79209
3344.76060,1.78850
3342.72111,1.78345
3340.68162,1.77924
3338.64213,1.77554
3336.60264,1.77515
3334.56316,1.78118
3332.52367,1.78757
3330.48418,1.78098
3328.44469,1.76312
3326.40520,1.75364
3324.36572,1.75890
3322.32623,1.76630
3320.28674,1.76724
3318.24725,1.76686
3316.20776,1.76877
3314.16827,1.77047
3312.12879,1.76996
3310.08930,1.76597
3308.04981,1.76046
3306.01032,1.75712
3303.97083,1.75652
3301.93135,1.75853
3299.89186,1.76047
3297.85237,1.76059
3295.81288,1.75862
3293.77339,1.75387
3291.73390,1.75072
3289.69442,1.75343
3287.65493,1.76113
3285.61544,1.76504
3283.57595,1.75984
3281.53646,1.75259
3279.49698,1.74648
3277.45749,1.73906
3275.41800,1.73505
3273.37851,1.74009
3271.33902,1.74678
3269.29953,1.74562
3267.26005,1.73775
3265.22056,1.72901
3263.18107,1.72065
3261.14158,1.71373
3259.10209,1.71460
3257.06261,1.72128
3255.02312,1.72625
3252.98363,1.72947
3250.94414,1.72874
3248.90465,1.72050
3246.86516,1.71485
3244.82568,1.71719
3242.78619,1.71715
3240.74670,1.71102
3238.70721,1.70640
3236.66772,1.70893
3234.62824,1.71219
3232.58875,1.70457
3230.54926,1.68998
3228.50977,1.68319
3226.47028,1.68820
3224.43080,1.69717
3222.39131,1.70025
3220.35182,1.69321
3218.31233,1.68313
3216.27284,1.67921
3214.23335,1.67928
3212.19387,1.67511
3210.15438,1.66926
3208.11489,1.67064
3206.07540,1.67418
3204.03591,1.66785
3201.99643,1.65650
3199.95694,1.65225
3197.91745,1.65344
3195.87796,1.65260
3193.83847,1.64998
3191.79898,1.64759
3189.75950,1.64431
3187.72001,1.64100
3185.68052,1.64223
3183.64103,1.64327
3181.60154,1.63508
3179.56206,1.62548
3177.52257,1.62376
3175.48308,1.62608
3173.44359,1.62608
3171.40410,1.62172
3169.36461,1.61433
3167.32513,1.60758
3165.28564,1.60602
3163.24615,1.60763
3161.20666,1.60553
3159.16717,1.59948
3157.12769,1.59569
3155.08820,1.59304
3153.04871,1.58573
3151.00922,1.57661
3148.96973,1.57038
3146.93024,1.56785
3144.89076,1.56570
3142.85127,1.56232
3140.81178,1.55892
3138.77229,1.55195
3136.73280,1.54184
3134.69332,1.53417
3132.65383,1.53227
3130.61434,1.53443
3128.57485,1.53203
3126.53536,1.52217
3124.49587,1.51420
3122.45639,1.51435
3120.41690,1.51730
3118.37741,1.51740
3116.33792,1.51522
3114.29843,1.51160
3112.25895,1.50751
3110.21946,1.50369
3108.17997,1.49769
3106.14048,1.48940
3104.10099,1.48223
3102.06150,1.47629
3100.02202,1.47066
3097.98253,1.46650
3095.94304,1.46261
3093.90355,1.45731
3091.86406,1.45276
3089.82458,1.45095
3087.78509,1.44982
3085.74560,1.44598
3083.70611,1.44020
3081.66662,1.43613
3079.62714,1.43258
3077.58765,1.42608
3075.54816,1.41864
3073.50867,1.41244
3071.46918,1.40580
3069.42969,1.40019
3067.39021,1.39794
3065.35072,1.39631
3063.31123,1.39093
3061.27174,1.38181
3059.23225,1.37293
3057.19277,1.36631
3055.15328,1.36186
3053.11379,1.35938
3051.07430,1.35653
3049.03481,1.35228
3046.99532,1.34889
3044.95584,1.34624
3042.91635,1.34168
3040.87686,1.33531
3038.83737,1.32972
3036.79788,1.32514
3034.75840,1.31997
3032.71891,1.31538
3030.67942,1.31252
3028.63993,1.30963
3026.60044,1.30657
3024.56095,1.30306
3022.52147,1.29771
3020.48198,1.29355
3018.44249,1.29213
3016.40300,1.28965
3014.36351,1.28546
3012.32403,1.28268
3010.28454,1.28210
3008.24505,1.28230
3006.20556,1.28283
3004.16607,1.28306
3002.12658,1.28305
3000.08710,1.28472
2998.04761,1.28844
2996.00812,1.29244
2993.96863,1.29676
2991.92914,1.30277
2989.88966,1.30873
2987.85017,1.31319
2985.81068,1.31774
2983.77119,1.32421
2981.73170,1.33285
2979.69221,1.34023
2977.65273,1.34540
2975.61324,1.35474
2973.57375,1.36990
2971.53426,1.38484
2969.49477,1.39720
2967.45529,1.40661
2965.41580,1.41461
2963.37631,1.42481
2961.33682,1.43430
2959.29733,1.44152
2957.25784,1.45163
2955.21836,1.46514
2953.17887,1.47801
2951.13938,1.49117
2949.09989,1.50491
2947.06040,1.51521
2945.02092,1.52280
2942.98143,1.52989
2940.94194,1.53543
2938.90245,1.54059
2936.86296,1.54842
2934.82348,1.55752
2932.78399,1.56199
2930.74450,1.55997
2928.70501,1.55456
2926.66552,1.55059
2924.62603,1.55203
2922.58655,1.55176
2920.54706,1.54142
2918.50757,1.52700
2916.46808,1.51476
2914.42859,1.50472
2912.38911,1.49714
2910.34962,1.49330
2908.31013,1.49251
2906.27064,1.49262
2904.23115,1.49080
2902.19166,1.48559
2900.15218,1.48008
2898.11269,1.47761
2896.07320,1.47744
2894.03371,1.47560
2891.99422,1.46926
2889.95474,1.46044
2887.91525,1.45209
2885.87576,1.44464
2883.83627,1.43969
2881.79678,1.43622
2879.75729,1.42981
2877.71781,1.42052
2875.67832,1.40940
2873.63883,1.39645
2871.59934,1.38399
2869.55985,1.37511
2867.52037,1.36791
2865.48088,1.35823
2863.44139,1.34639
2861.40190,1.33560
2859.36241,1.32934
2857.32292,1.32597
2855.28344,1.32044
2853.24395,1.31217
2851.20446,1.30290
2849.16497,1.29393
2847.12548,1.28540
2845.08600,1.27617
2843.04651,1.26730
2841.00702,1.26037
2838.96753,1.25388
2836.92804,1.24557
2834.88855,1.23615
2832.84907,1.22764
2830.80958,1.21979
2828.77009,1.21191
2826.73060,1.20418
2824.69111,1.19711
2822.65163,1.19231
2820.61214,1.18954
2818.57265,1.18483
2816.53316,1.17699
2814.49367,1.16987
2812.45418,1.16581
2810.41470,1.16276
2808.37521,1.15866
2806.33572,1.15443
2804.29623,1.15025
2802.25674,1.14577
2800.21726,1.14155
2798.17777,1.13794
2796.13828,1.13448
2794.09879,1.13050
2792.05930,1.12795
2790.01982,1.12672
2787.98033,1.12360
2785.94084,1.12022
2783.90135,1.11868
2781.86186,1.11655
2779.82237,1.11325
2777.78289,1.11046
2775.74340,1.10818
2773.70391,1.10609
2771.66442,1.10370
2769.62493,1.10098
2767.58545,1.09919
2765.54596,1.09896
2763.50647,1.09887
2761.46698,1.09740
2759.42749,1.09510
2757.38800,1.09373
2755.34852,1.09340
2753.30903,1.09136
2751.26954,1.08705
2749.23005,1.08426
2747.19056,1.08458
2745.15108,1.08566
2743.11159,1.08493
2741.07210,1.08143
2739.03261,1.07789
2736.99312,1.07644
2734.95363,1.07473
2732.91415,1.07136
2730.87466,1.06801
2728.83517,1.06586
2726.79568,1.06356
2724.75619,1.06106
2722.71671,1.06008
2720.67722,1.05873
2718.63773,1.05483
2716.59824,1.05059
2714.55875,1.04787
2712.51926,1.04503
2710.47978,1.04071
2708.44029,1.03598
2706.40080,1.03185
2704.36131,1.02841
2702.32182,1.02573
2700.28234,1.02305
2698.24285,1.01987
2696.20336,1.01710
2694.16387,1.01454
2692.12438,1.01120
2690.08489,1.00760
2688.04541,1.00484
2686.00592,1.00331
2683.96643,1.00221
2681.92694,0.99991
2679.88745,0.99626
2677.84797,0.99268
2675.80848,0.98924
2673.76899,0.98554
2671.72950,0.98187
2669.69001,0.97850
2667.65052,0.97586
2665.61104,0.97353
2663.57155,0.97035
2661.53206,0.96680
2659.49257,0.96390
2657.45308,0.96072
2655.41360,0.95602
2653.37411,0.95111
2651.33462,0.94729
2649.29513,0.94313
2647.25564,0.93792
2645.21616,0.93337
2643.17667,0.92973
2641.13718,0.92576
2639.09769,0.92214
2637.05820,0.91890
2635.01871,0.91436
2632.97923,0.90932
2630.93974,0.90527
2628.90025,0.90156
2626.86076,0.89786
2624.82127,0.89444
2622.78179,0.89103
2620.74230,0.88765
2618.70281,0.88379
2616.66332,0.87935
2614.62383,0.87577
2612.58434,0.87287
2610.54486,0.86965
2608.50537,0.86633
2606.46588,0.86329
2604.42639,0.86088
2602.38690,0.85902
2600.34742,0.85750
2598.30793,0.85643
2596.26844,0.85530
2594.22895,0.85370
2592.18946,0.85147
2590.14997,0.84832
2588.11049,0.84527
2586.07100,0.84329
2584.03151,0.84120
2581.99202,0.83851
2579.95253,0.83637
2577.91305,0.83464
2575.87356,0.83246
2573.83407,0.82997
2571.79458,0.82763
2569.75509,0.82561
2567.71560,0.82346
2565.67612,0.82036
2563.63663,0.81717
2561.59714,0.81532
2559.55765,0.81371
2557.51816,0.81108
2555.47868,0.80835
2553.43919,0.80614
2551.39970,0.80386
2549.36021,0.80144
2547.32072,0.79879
2545.28123,0.79558
2543.24175,0.79220
2541.20226,0.78884
2539.16277,0.78575
2537.12328,0.78331
2535.08379,0.78103
2533.04431,0.77852
2531.00482,0.77586
2528.96533,0.77303
2526.92584,0.77045
2524.88635,0.76832
2522.84686,0.76626
2520.80738,0.76434
2518.76789,0.76289
2516.72840,0.76133
2514.68891,0.75908
2512.64942,0.75664
2510.60994,0.75443
2508.57045,0.75246
2506.53096,0.75061
2504.49147,0.74861
2502.45198,0.74628
2500.41250,0.74387
2498.37301,0.74212
2496.33352,0.74088
2494.29403,0.73919
2492.25454,0.73687
2490.21505,0.73439
2488.17557,0.73204
2486.13608,0.72940
2484.09659,0.72653
2482.05710,0.72427
2480.01761,0.72225
2477.97813,0.71959
2475.93864,0.71688
2473.89915,0.71467
2471.85966,0.71215
2469.82017,0.70896
2467.78068,0.70580
2465.74120,0.70300
2463.70171,0.70009
2461.66222,0.69680
2459.62273,0.69350
2457.58324,0.69050
2455.54376,0.68754
2453.50427,0.68410
2451.46478,0.68048
2449.42529,0.67742
2447.38580,0.67453
2445.34631,0.67121
2443.30683,0.66772
2441.26734,0.66448
2439.22785,0.66130
2437.18836,0.65771
2435.14887,0.65387
2433.10939,0.65033
2431.06990,0.64695
2429.03041,0.64375
2426.99092,0.64067
2424.95143,0.63727
2422.91194,0.63409
2420.87246,0.63141
2418.83297,0.62884
2416.79348,0.62624
2414.75399,0.62318
2412.71450,0.61970
2410.67502,0.61671
2408.63553,0.61418
2406.59604,0.61182
2404.55655,0.60958
2402.51706,0.60705
2400.47757,0.60450
2398.43809,0.60230
2396.39860,0.60041
2394.35911,0.59873
2392.31962,0.59722
2390.28013,0.59583
2388.24065,0.59474
2386.20116,0.59386
2384.16167,0.59314
2382.12218,0.59301
2380.08269,0.59335
2378.04320,0.59335
2376.00372,0.59276
2373.96423,0.59222
2371.92474,0.59241
2369.88525,0.59282
2367.84576,0.59260
2365.80628,0.59214
2363.76679,0.59185
2361.72730,0.59102
2359.68781,0.58899
2357.64832,0.58536
2355.60884,0.58081
2353.56935,0.57793
2351.52986,0.57807
2349.49037,0.57872
2347.45088,0.57714
2345.41139,0.57425
2343.37191,0.57215
2341.33242,0.57074
2339.29293,0.56882
2337.25344,0.56640
2335.21395,0.56437
2333.17447,0.56304
2331.13498,0.56156
2329.09549,0.55920
2327.05600,0.55661
2325.01651,0.55447
2322.97702,0.55248
2320.93754,0.55019
2318.89805,0.54784
2316.85856,0.54596
2314.81907,0.54472
2312.77958,0.54379
2310.74010,0.54269
2308.70061,0.54120
2306.66112,0.53951
2304.62163,0.53806
2302.58214,0.53706
2300.54265,0.53621
2298.50317,0.53528
2296.46368,0.53446
2294.42419,0.53372
2292.38470,0.53282
2290.34521,0.53202
2288.30573,0.53153
2286.26624,0.53119
2284.22675,0.53090
2282.18726,0.53060
2280.14777,0.53026
2278.10828,0.53000
2276.06880,0.52996
2274.02931,0.53029
2271.98982,0.53095
2269.95033,0.53154
2267.91084,0.53173
2265.87136,0.53169
2263.83187,0.53194
2261.79238,0.53261
2259.75289,0.53319
2257.71340,0.53341
2255.67391,0.53358
2253.63443,0.53397
2251.59494,0.53435
2249.55545,0.53435
2247.51596,0.53442
2245.47647,0.53466
2243.43699,0.53472
2241.39750,0.53483
2239.35801,0.53547
2237.31852,0.53614
2235.27903,0.53642
2233.23954,0.53680
2231.20006,0.53751
2229.16057,0.53834
2227.12108,0.53921
2225.08159,0.54003
2223.04210,0.54082
2221.00262,0.54180
2218.96313,0.54282
2216.92364,0.54361
2214.88415,0.54457
2212.84466,0.54606
2210.80518,0.54767
2208.76569,0.54898
2206.72620,0.55031
2204.68671,0.55183
2202.64722,0.55319
2200.60773,0.55430
2198.56825,0.55522
2196.52876,0.55631
2194.48927,0.55783
2192.44978,0.55931
2190.41029,0.56054
2188.37081,0.56201
2186.33132,0.56386
2184.29183,0.56579
2182.25234,0.56763
2180.21285,0.56944
2178.17336,0.57122
2176.13388,0.57293
2174.09439,0.57461
2172.05490,0.57628
2170.01541,0.57801
2167.97592,0.57978
2165.93644,0.58131
2163.89695,0.58252
2161.85746,0.58365
2159.81797,0.58490
2157.77848,0.58590
2155.73899,0.58637
2153.69951,0.58665
2151.66002,0.58675
2149.62053,0.58658
2147.58104,0.58633
2145.54155,0.58612
2143.50207,0.58589
2141.46258,0.58550
2139.42309,0.58496
2137.38360,0.58456
2135.34411,0.58457
2133.30462,0.58473
2131.26514,0.58470
2129.22565,0.58447
2127.18616,0.58395
2125.14667,0.58328
2123.10718,0.58269
2121.06770,0.58209
2119.02821,0.58141
2116.98872,0.58089
2114.94923,0.58073
2112.90974,0.58063
2110.87025,0.58034
2108.83077,0.58013
2106.79128,0.58005
2104.75179,0.57977
2102.71230,0.57948
2100.67281,0.57952
2098.63333,0.57945
2096.59384,0.57913
2094.55435,0.57899
2092.51486,0.57900
2090.47537,0.57877
2088.43588,0.57844
2086.39640,0.57822
2084.35691,0.57804
2082.31742,0.57782
2080.27793,0.57752
2078.23844,0.57720
2076.19896,0.57692
2074.15947,0.57665
2072.11998,0.57649
2070.08049,0.57643
2068.04100,0.57626
2066.00152,0.57602
2063.96203,0.57601
2061.92254,0.57613
2059.88305,0.57616
2057.84356,0.57608
2055.80407,0.57577
2053.76459,0.57502
2051.72510,0.57419
2049.68561,0.57359
2047.64612,0.57281
2045.60663,0.57160
2043.56715,0.57033
2041.52766,0.56881
2039.48817,0.56659
2037.44868,0.56402
2035.40919,0.56148
2033.36970,0.55901
2031.33022,0.55663
2029.29073,0.55435
2027.25124,0.55199
2025.21175,0.54943
2023.17226,0.54692
2021.13278,0.54465
2019.09329,0.54241
2017.05380,0.53999
2015.01431,0.53750
2012.97482,0.53528
2010.93533,0.53323
2008.89585,0.53113
2006.85636,0.52919
2004.81687,0.52754
2002.77738,0.52597
2000.73789,0.52463
1998.69841,0.52370
1996.65892,0.52321
1994.61943,0.52342
1992.57994,0.52379
1990.54045,0.52327
1988.50096,0.52230
1986.46148,0.52173
1984.42199,0.52144
1982.38250,0.52124
1980.34301,0.52106
1978.30352,0.52062
1976.26404,0.52006
1974.22455,0.51991
1972.18506,0.52017
1970.14557,0.52070
1968.10608,0.52140
1966.06659,0.52167
1964.02711,0.52150
1961.98762,0.52143
1959.94813,0.52150
1957.90864,0.52172
1955.86915,0.52202
1953.82967,0.52236
1951.79018,0.52280
1949.75069,0.52322
1947.71120,0.52370
1945.67171,0.52452
1943.63222,0.52514
1941.59274,0.52449
1939.55325,0.52319
1937.51376,0.52259
1935.47427,0.52251
1933.43478,0.52241
1931.39530,0.52222
1929.35581,0.52199
1927.31632,0.52210
1925.27683,0.52293
1923.23734,0.52360
1921.19786,0.52358
1919.15837,0.52368
1917.11888,0.52338
1915.07939,0.52250
1913.03990,0.52231
1911.00041,0.52254
1908.96093,0.52209
1906.92144,0.52109
1904.88195,0.52021
1902.84246,0.51967
1900.80297,0.51945
1898.76349,0.51952
1896.72400,0.51974
1894.68451,0.52004
1892.64502,0.52091
1890.60553,0.52211
1888.56604,0.52228
1886.52656,0.52195
1884.48707,0.52252
1882.44758,0.52359
1880.40809,0.52450
1878.36860,0.52529
1876.32912,0.52587
1874.28963,0.52638
1872.25014,0.52789
1870.21065,0.53039
1868.17116,0.53139
1866.13167,0.53001
1864.09219,0.52868
1862.05270,0.52860
1860.01321,0.52887
1857.97372,0.52878
1855.93423,0.52852
1853.89475,0.52853
1851.85526,0.52901
1849.81577,0.53016
1847.77628,0.53213
1845.73679,0.53406
1843.69730,0.53396
1841.65782,0.53223
1839.61833,0.53155
1837.57884,0.53248
1835.53935,0.53404
1833.49986,0.53643
1831.46038,0.53992
1829.42089,0.54285
1827.38140,0.54421
1825.34191,0.54505
1823.30242,0.54585
1821.26293,0.54719
1819.22345,0.54979
1817.18396,0.55332
1815.14447,0.55744
1813.10498,0.56207
1811.06549,0.56666
1809.02601,0.57088
1806.98652,0.57581
1804.94703,0.58241
1802.90754,0.59042
1800.86805,0.59898
1798.82856,0.60747
1796.78908,0.61696
1794.74959,0.62910
1792.71010,0.64288
1790.67061,0.65479
1788.63112,0.66471
1786.59164,0.67566
1784.55215,0.68795
1782.51266,0.69983
1780.47317,0.71098
1778.43368,0.72214
1776.39420,0.73443
1774.35471,0.74949
1772.31522,0.76707
1770.27573,0.78440
1768.23624,0.80144
1766.19675,0.82097
1764.15727,0.84492
1762.11778,0.87380
1760.07829,0.90439
1758.03880,0.93386
1755.99931,0.96212
1753.95983,0.98861
1751.92034,1.01545
1749.88085,1.04306
1747.84136,1.06694
1745.80187,1.08610
1743.76238,1.10331
1741.72290,1.12008
1739.68341,1.13642
1737.64392,1.15140
1735.60443,1.16514
1733.56494,1.17625
1731.52546,1.18069
1729.48597,1.17934
1727.44648,1.17543
1725.40699,1.16965
1723.36750,1.16119
1721.32801,1.15102
1719.28853,1.13885
1717.24904,1.12168
1715.20955,1.10143
1713.17006,1.08391
1711.13057,1.07111
1709.09109,1.06222
1707.05160,1.05598
1705.01211,1.05230
1702.97262,1.05353
1700.93313,1.06148
1698.89364,1.07438
1696.85416,1.09063
1694.81467,1.10949
1692.77518,1.12746
1690.73569,1.14568
1688.69620,1.16703
1686.65672,1.19264
1684.61723,1.22283
1682.57774,1.24969
1680.53825,1.26762
1678.49876,1.28442
1676.45927,1.30501
1674.41979,1.32515
1672.38030,1.34131
1670.34081,1.35704
1668.30132,1.37296
1666.26183,1.38588
1664.22235,1.39812
1662.18286,1.41196
1660.14337,1.42502
1658.10388,1.43520
1656.06439,1.44366
1654.02490,1.45139
1651.98542,1.45495
1649.94593,1.45478
1647.90644,1.45679
1645.86695,1.46056
1643.82746,1.46199
1641.78798,1.46250
1639.74849,1.46413
1637.70900,1.46621
1635.66951,1.46603
1633.63002,1.46214
1631.59054,1.45868
1629.55105,1.45798
1627.51156,1.45735
1625.47207,1.45381
1623.43258,1.44857
1621.39309,1.44453
1619.35361,1.44302
1617.31412,1.44318
1615.27463,1.44223
1613.23514,1.43851
1611.19565,1.43329
1609.15617,1.42841
1607.11668,1.42383
1605.07719,1.41838
1603.03770,1.41313
1600.99821,1.40999
1598.95872,1.40763
1596.91924,1.40285
1594.87975,1.39466
1592.84026,1.38554
1590.80077,1.37702
1588.76128,1.36807
1586.72180,1.35950
1584.68231,1.35274
1582.64282,1.34576
1580.60333,1.33651
1578.56384,1.32622
1576.52435,1.31683
1574.48487,1.31032
1572.44538,1.30618
1570.40589,1.30043
1568.36640,1.29234
1566.32691,1.28606
1564.28743,1.28289
1562.24794,1.28050
1560.20845,1.27587
1558.16896,1.26931
1556.12947,1.26574
1554.08998,1.26469
1552.05050,1.26432
1550.01101,1.26442
1547.97152,1.26488
1545.93203,1.26519
1543.89254,1.26417
1541.85306,1.26020
1539.81357,1.25302
1537.77408,1.24685
1535.73459,1.24351
1533.69510,1.24051
1531.65561,1.23759
1529.61613,1.23583
1527.57664,1.23449
1525.53715,1.23347
1523.49766,1.23353
1521.45817,1.23462
1519.41869,1.23504
1517.37920,1.23226
1515.33971,1.22719
1513.30022,1.22390
1511.26073,1.22327
1509.22124,1.22138
1507.18176,1.21374
1505.14227,1.20391
1503.10278,1.19979
1501.06329,1.20040
1499.02380,1.20218
1496.98432,1.20429
1494.94483,1.20825
1492.90534,1.21501
1490.86585,1.22367
1488.82636,1.23430
1486.78688,1.24900
1484.74739,1.26760
1482.70790,1.28769
1480.66841,1.30819
1478.62892,1.33067
1476.58943,1.35847
1474.54995,1.39429
1472.51046,1.43607
1470.47097,1.47268
1468.43148,1.49841
1466.39199,1.52058
1464.35251,1.54410
1462.31302,1.56412
1460.27353,1.57523
1458.23404,1.57988
1456.19455,1.58521
1454.15506,1.59307
1452.11558,1.59914
1450.07609,1.60088
1448.03660,1.59957
1445.99711,1.59901
1443.95762,1.60175
1441.91814,1.60690
1439.87865,1.61233
1437.83916,1.61660
1435.79967,1.62111
1433.76018,1.62871
1431.72069,1.63727
1429.68121,1.64327
1427.64172,1.64844
1425.60223,1.65464
1423.56274,1.65829
1421.52325,1.65594
1419.48377,1.65259
1417.44428,1.65457
1415.40479,1.65722
1413.36530,1.65494
1411.32581,1.64989
1409.28632,1.64470
1407.24684,1.63915
1405.20735,1.63635
1403.16786,1.63863
1401.12837,1.64174
1399.08888,1.64313
1397.04940,1.64417
1395.00991,1.64311
1392.97042,1.63881
1390.93093,1.63676
1388.89144,1.64131
1386.85195,1.65072
1384.81247,1.66005
1382.77298,1.66611
1380.73349,1.67108
1378.69400,1.67973
1376.65451,1.68998
1374.61503,1.69334
1372.57554,1.68836
1370.53605,1.68053
1368.49656,1.67293
1366.45707,1.66744
1364.41758,1.66530
1362.37810,1.66473
1360.33861,1.66312
1358.29912,1.66041
1356.25963,1.65866
1354.22014,1.65894
1352.18066,1.65869
1350.14117,1.65566
1348.10168,1.65092
1346.06219,1.64579
1344.02270,1.64163
1341.98322,1.63940
1339.94373,1.63912
1337.90424,1.64131
1335.86475,1.64375
1333.82526,1.64117
1331.78577,1.63361
1329.74629,1.62414
1327.70680,1.61299
1325.66731,1.60309
1323.62782,1.59791
1321.58833,1.59663
1319.54885,1.59784
1317.50936,1.59843
1315.46987,1.59313
1313.43038,1.58413
1311.39089,1.57817
1309.35140,1.57578
1307.31192,1.57387
1305.27243,1.57030
1303.23294,1.56540
1301.19345,1.56052
1299.15396,1.55615
1297.11448,1.55203
1295.07499,1.54923
1293.03550,1.54906
1290.99601,1.54981
1288.95652,1.55083
1286.91703,1.55134
1284.87755,1.54833
1282.83806,1.54378
1280.79857,1.54252
1278.75908,1.54417
1276.71959,1.54675
1274.68011,1.55044
1272.64062,1.55397
1270.60113,1.55816
1268.56164,1.56511
1266.52215,1.56975
1264.48266,1.56980
1262.44318,1.57161
1260.40369,1.57838
1258.36420,1.58825
1256.32471,1.59647
1254.28522,1.59968
1252.24574,1.59981
1250.20625,1.60009
1248.16676,1.60134
1246.12727,1.60025
1244.08778,1.59544
1242.04829,1.59190
1240.00881,1.59158
1237.96932,1.58790
1235.92983,1.57928
1233.89034,1.57248
1231.85085,1.56758
1229.81137,1.56050
1227.77188,1.55202
1225.73239,1.54347
1223.69290,1.53335
1221.65341,1.52213
1219.61392,1.51420
1217.57444,1.51177
1215.53495,1.51290
1213.49546,1.51590
1211.45597,1.52010
1209.41648,1.52402
1207.37700,1.52729
1205.33751,1.53023
1203.29802,1.53106
1201.25853,1.52851
1199.21904,1.52346
1197.17956,1.51760
1195.14007,1.51408
1193.10058,1.51438
1191.06109,1.51676
1189.02160,1.52298
1186.98211,1.53697
1184.94263,1.55880
1182.90314,1.58566
1180.86365,1.61459
1178.82416,1.64795
1176.78467,1.69248
1174.74519,1.74830
1172.70570,1.80186
1170.66621,1.84732
1168.62672,1.89102
1166.58723,1.92284
1164.54774,1.94049
1162.50826,1.95081
1160.46877,1.95044
1158.42928,1.94156
1156.38979,1.92468
1154.35030,1.90403
1152.31082,1.88422
1150.27133,1.86795
1148.23184,1.85910
1146.19235,1.84827
1144.15286,1.82944
1142.11337,1.81497
1140.07389,1.81249
1138.03440,1.81777
1135.99491,1.82142
1133.95542,1.82428
1131.91593,1.83868
1129.87645,1.85792
1127.83696,1.86620
1125.79747,1.86417
1123.75798,1.85717
1121.71849,1.85532
1119.67900,1.86798
1117.63952,1.88862
1115.60003,1.89592
1113.56054,1.87736
1111.52105,1.86283
1109.48156,1.87298
1107.44208,1.88063
1105.40259,1.87765
1103.36310,1.87843
1101.32361,1.87527
1099.28412,1.87435
1097.24463,1.88674
1095.20515,1.89704
1093.16566,1.89878
1091.12617,1.89729
1089.08668,1.89339
1087.04719,1.89054
1085.00771,1.88298
1082.96822,1.86683
1080.92873,1.85411
1078.88924,1.84573
1076.84975,1.83240
1074.81027,1.82304
1072.77078,1.82125
1070.73129,1.81931
1068.69180,1.81844
1066.65231,1.82387
1064.61282,1.83312
1062.57334,1.83156
1060.53385,1.81966
1058.49436,1.81172
1056.45487,1.80296
1054.41538,1.78202
1052.37590,1.75696
1050.33641,1.73834
1048.29692,1.72503
1046.25743,1.71436
1044.21794,1.70669
1042.17845,1.70063
1040.13897,1.69635
1038.09948,1.69448
1036.05999,1.68693
1034.02050,1.67650
1031.98101,1.67295
1029.94153,1.66778
1027.90204,1.65804
1025.86255,1.65015
1023.82306,1.64355
1021.78357,1.63934
1019.74408,1.63565
1017.70460,1.62816
1015.66511,1.62019
1013.62562,1.61495
1011.58613,1.61342
1009.54664,1.61229
1007.50716,1.60510
1005.46767,1.59660
1003.42818,1.59163
1001.38869,1.58336
999.34920,1.57104
997.30971,1.56210
995.27023,1.55782
993.23074,1.54944
991.19125,1.52933
989.15176,1.50504
987.11227,1.48185
985.07279,1.45444
983.03330,1.42266
980.99381,1.38953
978.95432,1.35446
976.91483,1.31892
974.87534,1.28664
972.83586,1.25832
970.79637,1.23486
968.75688,1.21605
966.71739,1.19908
964.67790,1.18380
962.63842,1.17065
960.59893,1.15891
958.55944,1.15100
956.51995,1.15015
954.48046,1.15538
952.44097,1.16467
950.40149,1.17917
948.36200,1.20088
946.32251,1.22829
944.28302,1.25635
942.24353,1.28112
940.20405,1.30221
938.16456,1.31850
936.12507,1.32899
934.08558,1.33513
932.04609,1.33647
930.00661,1.33375
927.96712,1.33113
925.92763,1.32975
923.88814,1.32338
921.84865,1.30743
919.80916,1.28599
917.76968,1.26438
915.73019,1.24470
913.69070,1.22672
911.65121,1.20921
909.61172,1.19309
907.57224,1.18285
905.53275,1.17874
903.49326,1.17520
901.45377,1.16975
899.41428,1.16670
897.37479,1.16815
895.33531,1.16732
893.29582,1.16060
891.25633,1.15346
889.21684,1.14995
887.17735,1.14745
885.13787,1.14535
883.09838,1.14894
881.05889,1.15861
879.01940,1.16992
876.97991,1.18546
874.94042,1.21108
872.90094,1.24175
870.86145,1.26815
868.82196,1.29156
866.78247,1.31613
864.74298,1.33502
862.70350,1.34008
860.66401,1.33469
858.62452,1.32419
856.58503,1.31048
854.54554,1.29716
852.50605,1.28804
850.46657,1.28068
848.42708,1.27133
846.38759,1.26256
844.34810,1.25666
842.30861,1.25274
840.26913,1.25040
838.22964,1.24777
836.19015,1.24440
834.15066,1.24320
832.11117,1.24223
830.07168,1.23870
828.03220,1.23400
825.99271,1.22941
823.95322,1.22916
821.91373,1.23581
819.87424,1.24317
817.83476,1.24720
815.79527,1.25109
813.75578,1.25533
811.71629,1.25793
809.67680,1.25864
807.63731,1.25941
805.59783,1.26575
803.55834,1.27892
801.51885,1.29253
799.47936,1.30352
797.43987,1.31337
795.40039,1.32538
793.36090,1.34096
791.32141,1.35477
789.28192,1.36753
787.24243,1.38405
785.20295,1.40061
783.16346,1.41551
781.12397,1.43035
779.08448,1.44094
777.04499,1.44943
775.00550,1.46403
772.96602,1.47912
770.92653,1.48234
768.88704,1.47671
766.84755,1.47451
764.80806,1.47516
762.76858,1.47243
760.72909,1.46835
758.68960,1.46383
756.65011,1.45252
754.61062,1.43636
752.57113,1.42505
750.53165,1.41914
748.49216,1.41691
746.45267,1.41975
744.41318,1.42688
742.37369,1.43242
740.33421,1.43070
738.29472,1.43085
736.25523,1.44294
734.21574,1.45759
732.17625,1.45964
730.13676,1.45518
728.09728,1.45951
726.05779,1.47755
724.01830,1.50723
721.97881,1.53371
719.93932,1.54390
717.89984,1.54704
715.86035,1.55128
713.82086,1.55111
711.78137,1.54500
709.74188,1.53666
707.70239,1.53293
705.66291,1.53569
703.62342,1.53680
701.58393,1.52828
699.54444,1.51243
697.50495,1.49938
695.46547,1.49412
693.42598,1.49421
691.38649,1.50139
689.34700,1.51683
687.30751,1.52883
685.26802,1.52892
683.22854,1.52365
681.18905,1.52346
679.14956,1.53298
677.11007,1.55019
675.07058,1.57049
673.03110,1.58714
670.99161,1.59408
668.95212,1.58675
666.91263,1.56890
664.87314,1.55884
662.83365,1.55879
660.79417,1.56253
658.75468,1.56712
656.71519,1.56398
654.67570,1.55085
652.63621,1.53527
650.59673,1.52263
648.55724,1.51854
646.51775,1.52755
644.47826,1.54692
642.43877,1.56072
640.39929,1.55636
638.35980,1.54358
636.32031,1.53264
634.28082,1.52847
632.24133,1.53504
630.20184,1.54516
628.16236,1.54898
626.12287,1.55200
624.08338,1.57223
622.04389,1.60763
620.00440,1.63761
617.96492,1.63348
615.92543,1.59432
613.88594,1.57954
611.84645,1.59435
609.80696,1.58005
607.76747,1.55354
605.72799,1.54914
603.68850,1.54956
601.64901,1.55225
599.60952,1.55875
597.57003,1.56541
595.53055,1.57745
593.49106,1.61299
591.45157,1.66211
589.41208,1.67589
587.37259,1.65655
585.33310,1.62607
583.29362,1.58688
581.25413,1.56767
579.21464,1.56448
577.17515,1.55664
575.13566,1.58531
573.09618,1.63359
571.05669,1.61727
569.01720,1.57158
566.97771,1.54001
564.93822,1.49781
562.89873,1.47581
560.85925,1.47684
558.81976,1.48395
556.78027,1.49705
554.74078,1.49703
552.70129,1.48273
550.66181,1.48983
548.62232,1.52683
546.58283,1.55686
544.54334,1.56465
542.50385,1.60906
540.46436,1.65537
538.42488,1.61880
536.38539,1.53832
534.34590,1.48193
532.30641,1.44741
530.26692,1.46398
528.22744,1.49666
526.18795,1.49403
524.14846,1.46737
522.10897,1.41144
520.06948,1.38740
518.02999,1.41417
515.99051,1.42284
513.95102,1.43156
511.91153,1.37566
509.87204,1.27008
507.83255,1.19391
505.79307,1.22659
503.75358,1.12232
501.71409,1.13727
499.67460,1.17585
