3997.39681,0.45203
3995.35732,0.45221
3993.31783,0.45252
3991.27835,0.45209
3989.23886,0.45118
3987.19937,0.45039
3985.15988,0.44949
3983.12039,0.44826
3981.08091,0.44709
3979.04142,0.44581
3977.00193,0.44429
3974.96244,0.44313
3972.92295,0.44214
3970.88346,0.44045
3968.84398,0.43841
3966.80449,0.43729
3964.76500,0.43714
3962.72551,0.43707
3960.68602,0.43595
3958.64654,0.43343
3956.60705,0.43072
3954.56756,0.42927
3952.52807,0.42921
3950.48858,0.42916
3948.44909,0.42779
3946.40961,0.42566
3944.37012,0.42393
3942.33063,0.42250
3940.29114,0.42088
3938.25165,0.41941
3936.21217,0.41857
3934.17268,0.41811
3932.13319,0.41715
3930.09370,0.41524
3928.05421,0.41260
3926.01473,0.40965
3923.97524,0.40715
3921.93575,0.40558
3919.89626,0.40417
3917.85677,0.40211
3915.81728,0.39961
3913.77780,0.39720
3911.73831,0.39536
3909.69882,0.39433
3907.65933,0.39394
3905.61984,0.39343
3903.58036,0.39148
3901.54087,0.38746
3899.50138,0.38315
3897.46189,0.38088
3895.42240,0.38083
3893.38291,0.38120
3891.34343,0.38000
3889.30394,0.37756
3887.26445,0.37579
3885.22496,0.37519
3883.18547,0.37505
3881.14599,0.37421
3879.10650,0.37225
3877.06701,0.37049
3875.02752,0.36969
3872.98803,0.36933
3870.94854,0.36880
3868.90906,0.36829
3866.86957,0.36844
3864.83008,0.36854
3862.79059,0.36768
3860.75110,0.36717
3858.71162,0.36831
3856.67213,0.36959
3854.63264,0.36834
3852.59315,0.36502
3850.55366,0.36346
3848.51417,0.36431
3846.47469,0.36570
3844.43520,0.36653
3842.39571,0.36721
3840.35622,0.36799
3838.31673,0.36761
3836.27725,0.36608
3834.23776,0.36521
3832.19827,0.36578
3830.15878,0.36665
3828.11929,0.36623
3826.07980,0.36511
3824.04032,0.36505
3822.00083,0.36581
3819.96134,0.36597
3817.92185,0.36523
3815.88236,0.36440
3813.84288,0.36467
3811.80339,0.36618
3809.76390,0.36779
3807.72441,0.36873
3805.68492,0.36933
3803.64543,0.36994
3801.60595,0.37006
3799.56646,0.36986
3797.52697,0.37000
3795.48748,0.37043
3793.44799,0.37138
3791.40851,0.37310
3789.36902,0.37553
3787.32953,0.37797
3785.29004,0.37960
3783.25055,0.38104
3781.21107,0.38306
3779.17158,0.38454
3777.13209,0.38507
3775.09260,0.38599
3773.05311,0.38761
3771.01362,0.38936
3768.97414,0.39124
3766.93465,0.39327
3764.89516,0.39548
3762.85567,0.39810
3760.81618,0.40086
3758.77670,0.40342
3756.73721,0.40594
3754.69772,0.40876
3752.65823,0.41187
3750.61874,0.41479
3748.57925,0.41655
3746.53977,0.41711
3744.50028,0.41852
3742.46079,0.42221
3740.42130,0.42667
3738.38181,0.43081
3736.34233,0.43455
3734.30284,0.43685
3732.26335,0.43783
3730.22386,0.43956
3728.18437,0.44297
3726.14488,0.44722
3724.10540,0.45174
3722.06591,0.45643
3720.02642,0.46057
3717.98693,0.46449
3715.94744,0.46963
3713.90796,0.47578
3711.86847,0.48162
3709.82898,0.48753
3707.78949,0.49430
3705.75000,0.50140
3703.71051,0.50889
3701.67103,0.51707
3699.63154,0.52584
3697.59205,0.53560
3695.55256,0.54644
3693.51307,0.55765
3691.47359,0.56907
3689.43410,0.58080
3687.39461,0.59293
3685.35512,0.60588
3683.31563,0.62004
3681.27614,0.63588
3679.23666,0.65362
3677.19717,0.67393
3675.15768,0.69671
3673.11819,0.71865
3671.07870,0.74006
3669.03922,0.76329
3666.99973,0.78561
3664.96024,0.80668
3662.92075,0.82969
3660.88126,0.85506
3658.84177,0.88133
3656.80229,0.90773
3654.76280,0.93195
3652.72331,0.95439
3650.68382,0.98162
3648.64433,1.01335
3646.60485,1.04046
3644.56536,1.06212
3642.52587,1.08241
3640.48638,1.10358
3638.44689,1.12844
3636.40741,1.15673
3634.36792,1.18330
3632.32843,1.20745
3630.28894,1.23276
3628.24945,1.25551
3626.20996,1.27206
3624.17048,1.28848
3622.13099,1.30839
3620.09150,1.33187
3618.05201,1.35457
3616.01252,1.36994
3613.97304,1.38406
3611.93355,1.40564
3609.89406,1.43059
3607.85457,1.45351
3605.81508,1.47618
3603.77559,1.49506
3601.73611,1.50612
3599.69662,1.51633
3597.65713,1.53272
3595.61764,1.55271
3593.57815,1.57025
3591.53867,1.58094
3589.49918,1.58702
3587.45969,1.59844
3585.42020,1.61674
3583.38071,1.63232
3581.34122,1.64183
3579.30174,1.64678
3577.26225,1.64900
3575.22276,1.65252
3573.18327,1.66009
3571.14378,1.66887
3569.10430,1.67642
3567.06481,1.68647
3565.02532,1.69982
3562.98583,1.70968
3560.94634,1.71269
3558.90685,1.71015
3556.86737,1.70544
3554.82788,1.70404
3552.78839,1.70853
3550.74890,1.71539
3548.70941,1.71928
3546.66993,1.71957
3544.63044,1.72046
3542.59095,1.72532
3540.55146,1.73384
3538.51197,1.74333
3536.47248,1.74722
3534.43300,1.74017
3532.39351,1.73172
3530.35402,1.73541
3528.31453,1.74530
3526.27504,1.74812
3524.23556,1.74582
3522.19607,1.74539
3520.15658,1.74743
3518.11709,1.75076
3516.07760,1.75461
3514.03811,1.76206
3511.99863,1.76617
3509.95914,1.75817
3507.91965,1.74802
3505.88016,1.74116
3503.84067,1.73498
3501.80119,1.73394
3499.76170,1.73543
3497.72221,1.73678
3495.68272,1.74488
3493.64323,1.75508
3491.60375,1.75509
3489.56426,1.75009
3487.52477,1.75632
3485.48528,1.77316
3483.44579,1.78163
3481.40630,1.77587
3479.36682,1.76822
3477.32733,1.76921
3475.28784,1.77568
3473.24835,1.77428
3471.20886,1.76282
3469.16938,1.75091
3467.12989,1.74515
3465.09040,1.75350
3463.05091,1.77036
3461.01142,1.77570
3458.97193,1.77196
3456.93245,1.77048
3454.89296,1.76511
3452.85347,1.75288
3450.81398,1.75068
3448.77449,1.76652
3446.73501,1.77893
3444.69552,1.76792
3442.65603,1.74761
3440.61654,1.74077
3438.57705,1.74817
3436.53756,1.75695
3434.49808,1.76408
3432.45859,1.76917
3430.41910,1.76547
3428.37961,1.75564
3426.34012,1.74960
3424.30064,1.75343
3422.26115,1.76316
3420.22166,1.76963
3418.18217,1.77245
3416.14268,1.76981
3414.10319,1.75555
3412.06371,1.73963
3410.02422,1.74048
3407.98473,1.74970
3405.94524,1.74811
3403.90575,1.74109
3401.86627,1.73545
3399.82678,1.73049
3397.78729,1.73029
3395.74780,1.73246
3393.70831,1.72715
3391.66882,1.71808
3389.62934,1.71802
3387.58985,1.72253
3385.55036,1.72317
3383.51087,1.72821
3381.47138,1.74150
3379.43190,1.74813
3377.39241,1.73842
3375.35292,1.72308
3373.31343,1.71232
3371.27394,1.70274
3369.23446,1.69600
3367.19497,1.70003
3365.15548,1.70885
3363.11599,1.71135
3361.07650,1.71016
3359.03701,1.71320
3356.99753,1.71503
3354.95804,1.70854
3352.91855,1.70308
3350.87906,1.70588
3348.83957,1.70940
3346.80009,1.70811
3344.76060,1.70922
3342.72111,1.71601
3340.68162,1.71564
3338.64213,1.70217
3336.60264,1.69345
3334.56316,1.70058
3332.52367,1.71196
3330.48418,1.71505
3328.44469,1.71015
3326.40520,1.70488
3324.36572,1.69918
3322.32623,1.69078
3320.28674,1.68697
3318.24725,1.68932
3316.20776,1.69118
3314.16827,1.69081
3312.12879,1.68642
3310.08930,1.67931
3308.04981,1.67515
3306.01032,1.67183
3303.97083,1.66905
3301.93135,1.67246
3299.89186,1.67951
3297.85237,1.68179
3295.81288,1.68295
3293.77339,1.68686
3291.73390,1.68121
3289.69442,1.66932
3287.65493,1.66784
3285.61544,1.67566
3283.57595,1.68378
3281.53646,1.68497
3279.49698,1.67656
3277.45749,1.66831
3275.41800,1.66480
3273.37851,1.65902
3271.33902,1.65111
3269.29953,1.64927
3267.26005,1.65595
3265.22056,1.66367
3263.18107,1.66425
3261.14158,1.65966
3259.10209,1.65606
3257.06261,1.65359
3255.02312,1.65221
3252.98363,1.65343
3250.94414,1.65518
3248.90465,1.65529
3246.86516,1.65230
3244.82568,1.64663
3242.78619,1.64190
3240.74670,1.64064
3238.70721,1.64167
3236.66772,1.64333
3234.62824,1.64642
3232.58875,1.64669
3230.54926,1.64148
3228.50977,1.63815
3226.47028,1.63521
3224.43080,1.62806
3222.39131,1.62604
3220.35182,1.63202
3218.31233,1.63744
3216.27284,1.63986
3214.23335,1.64061
3212.19387,1.64382
3210.15438,1.64933
3208.11489,1.64770
3206.07540,1.64126
3204.03591,1.63812
3201.99643,1.63649
3199.95694,1.63317
3197.91745,1.62568
3195.87796,1.61442
3193.83847,1.60611
3191.79898,1.60706
3189.75950,1.61459
3187.72001,1.62158
3185.68052,1.62563
3183.64103,1.62682
3181.60154,1.62620
3179.56206,1.62476
3177.52257,1.62320
3175.48308,1.62413
3173.44359,1.62798
3171.40410,1.63022
3169.36461,1.62807
3167.32513,1.62566
3165.28564,1.62457
3163.24615,1.62216
3161.20666,1.61935
3159.16717,1.61548
3157.12769,1.60993
3155.08820,1.60500
3153.04871,1.59927
3151.00922,1.59456
3148.96973,1.59852
3146.93024,1.60640
3144.89076,1.60502
3142.85127,1.59778
3140.81178,1.59573
3138.77229,1.59698
3136.73280,1.59612
3134.69332,1.59409
3132.65383,1.59030
3130.61434,1.58672
3128.57485,1.58940
3126.53536,1.59203
3124.49587,1.58651
3122.45639,1.58123
3120.41690,1.58252
3118.37741,1.58360
3116.33792,1.57767
3114.29843,1.56839
3112.25895,1.56390
3110.21946,1.56409
3108.17997,1.56318
3106.14048,1.55962
3104.10099,1.55623
3102.06150,1.55494
3100.02202,1.55497
3097.98253,1.55429
3095.94304,1.55111
3093.90355,1.54722
3091.86406,1.54380
3089.82458,1.54122
3087.78509,1.54028
3085.74560,1.53861
3083.70611,1.53636
3081.66662,1.53340
3079.62714,1.52825
3077.58765,1.52440
3075.54816,1.52271
3073.50867,1.52051
3071.46918,1.51691
3069.42969,1.51288
3067.39021,1.50939
3065.35072,1.50618
3063.31123,1.50302
3061.27174,1.49761
3059.23225,1.49192
3057.19277,1.49065
3055.15328,1.48946
3053.11379,1.48508
3051.07430,1.48047
3049.03481,1.47577
3046.99532,1.47108
3044.95584,1.46747
3042.91635,1.46326
3040.87686,1.45782
3038.83737,1.45348
3036.79788,1.45108
3034.75840,1.44911
3032.71891,1.44614
3030.67942,1.43983
3028.63993,1.43073
3026.60044,1.42422
3024.56095,1.42210
3022.52147,1.42098
3020.48198,1.41856
3018.44249,1.41637
3016.40300,1.41516
3014.36351,1.41328
3012.32403,1.41115
3010.28454,1.40943
3008.24505,1.40798
3006.20556,1.40747
3004.16607,1.40890
3002.12658,1.41261
3000.08710,1.41748
2998.04761,1.42277
2996.00812,1.42828
2993.96863,1.43185
2991.92914,1.43276
2989.88966,1.43609
2987.85017,1.44503
2985.81068,1.45640
2983.77119,1.46530
2981.73170,1.47089
2979.69221,1.47860
2977.65273,1.49238
2975.61324,1.50517
2973.57375,1.51079
2971.53426,1.51588
2969.49477,1.52500
2967.45529,1.53750
2965.41580,1.55250
2963.37631,1.56288
2961.33682,1.56564
2959.29733,1.56691
2957.25784,1.57190
2955.21836,1.58197
2953.17887,1.59293
2951.13938,1.60016
2949.09989,1.60404
2947.06040,1.60718
2945.02092,1.61123
2942.98143,1.61468
2940.94194,1.61966
2938.90245,1.62715
2936.86296,1.62912
2934.82348,1.62621
2932.78399,1.62721
2930.74450,1.62938
2928.70501,1.62761
2926.66552,1.62599
2924.62603,1.62422
2922.58655,1.61841
2920.54706,1.61094
2918.50757,1.60499
2916.46808,1.60280
2914.42859,1.60121
2912.38911,1.59283
2910.34962,1.58329
2908.31013,1.58057
2906.27064,1.58033
2904.23115,1.58090
2902.19166,1.58395
2900.15218,1.58593
2898.11269,1.58479
2896.07320,1.58024
2894.03371,1.57262
2891.99422,1.56813
2889.95474,1.56854
2887.91525,1.56657
2885.87576,1.56096
2883.83627,1.55528
2881.79678,1.55002
2879.75729,1.54524
2877.71781,1.53800
2875.67832,1.52705
2873.63883,1.51763
2871.59934,1.51136
2869.55985,1.50071
2867.52037,1.48218
2865.48088,1.46614
2863.44139,1.46025
2861.40190,1.45820
2859.36241,1.45385
2857.32292,1.44885
2855.28344,1.44426
2853.24395,1.43888
2851.20446,1.43192
2849.16497,1.42258
2847.12548,1.41171
2845.08600,1.40130
2843.04651,1.39283
2841.00702,1.38690
2838.96753,1.38120
2836.92804,1.37359
2834.88855,1.36553
2832.84907,1.35833
2830.80958,1.35240
2828.77009,1.34779
2826.73060,1.34239
2824.69111,1.33466
2822.65163,1.32644
2820.61214,1.31977
2818.57265,1.31329
2816.53316,1.30713
2814.49367,1.30369
2812.45418,1.30111
2810.41470,1.29696
2808.37521,1.29243
2806.33572,1.28872
2804.29623,1.28514
2802.25674,1.28207
2800.21726,1.27980
2798.17777,1.27444
2796.13828,1.26683
2794.09879,1.26332
2792.05930,1.26261
2790.01982,1.25980
2787.98033,1.25584
2785.94084,1.25187
2783.90135,1.24759
2781.86186,1.24453
2779.82237,1.24302
2777.78289,1.24195
2775.74340,1.23977
2773.70391,1.23682
2771.66442,1.23545
2769.62493,1.23476
2767.58545,1.23337
2765.54596,1.23348
2763.50647,1.23496
2761.46698,1.23368
2759.42749,1.22955
2757.38800,1.22637
2755.34852,1.22458
2753.30903,1.22168
2751.26954,1.21784
2749.23005,1.21581
2747.19056,1.21476
2745.15108,1.21300
2743.11159,1.21187
2741.07210,1.21062
2739.03261,1.20803
2736.99312,1.20528
2734.95363,1.20206
2732.91415,1.19873
2730.87466,1.19636
2728.83517,1.19400
2726.79568,1.19163
2724.75619,1.18875
2722.71671,1.18507
2720.67722,1.18152
2718.63773,1.17641
2716.59824,1.16910
2714.55875,1.16323
2712.51926,1.16015
2710.47978,1.15725
2708.44029,1.15338
2706.40080,1.14990
2704.36131,1.14779
2702.32182,1.14632
2700.28234,1.14330
2698.24285,1.13733
2696.20336,1.13115
2694.16387,1.12792
2692.12438,1.12562
2690.08489,1.12228
2688.04541,1.11993
2686.00592,1.11913
2683.96643,1.11603
2681.92694,1.10920
2679.88745,1.10277
2677.84797,1.09895
2675.80848,1.09647
2673.76899,1.09403
2671.72950,1.09043
2669.69001,1.08568
2667.65052,1.08100
2665.61104,1.07643
2663.57155,1.07156
2661.53206,1.06705
2659.49257,1.06268
2657.45308,1.05791
2655.41360,1.05347
2653.37411,1.04882
2651.33462,1.04315
2649.29513,1.03716
2647.25564,1.03164
2645.21616,1.02672
2643.17667,1.02158
2641.13718,1.01588
2639.09769,1.01033
2637.05820,1.00539
2635.01871,1.00082
2632.97923,0.99572
2630.93974,0.98987
2628.90025,0.98393
2626.86076,0.97827
2624.82127,0.97362
2622.78179,0.97040
2620.74230,0.96645
2618.70281,0.96122
2616.66332,0.95755
2614.62383,0.95499
2612.58434,0.95071
2610.54486,0.94532
2608.50537,0.94183
2606.46588,0.94094
2604.42639,0.93981
2602.38690,0.93714
2600.34742,0.93460
2598.30793,0.93271
2596.26844,0.93069
2594.22895,0.92822
2592.18946,0.92606
2590.14997,0.92466
2588.11049,0.92257
2586.07100,0.91930
2584.03151,0.91645
2581.99202,0.91479
2579.95253,0.91327
2577.91305,0.91082
2575.87356,0.90762
2573.83407,0.90442
2571.79458,0.90194
2569.75509,0.89980
2567.71560,0.89626
2565.67612,0.89114
2563.63663,0.88647
2561.59714,0.88287
2559.55765,0.87962
2557.51816,0.87663
2555.47868,0.87375
2553.43919,0.87035
2551.39970,0.86622
2549.36021,0.86225
2547.32072,0.85916
2545.28123,0.85603
2543.24175,0.85196
2541.20226,0.84761
2539.16277,0.84355
2537.12328,0.84004
2535.08379,0.83711
2533.04431,0.83350
2531.00482,0.82877
2528.96533,0.82461
2526.92584,0.82202
2524.88635,0.81999
2522.84686,0.81752
2520.80738,0.81433
2518.76789,0.81080
2516.72840,0.80814
2514.68891,0.80632
2512.64942,0.80421
2510.60994,0.80210
2508.57045,0.80037
2506.53096,0.79875
2504.49147,0.79710
2502.45198,0.79488
2500.41250,0.79231
2498.37301,0.79040
2496.33352,0.78863
2494.29403,0.78623
2492.25454,0.78372
2490.21505,0.78195
2488.17557,0.78044
2486.13608,0.77791
2484.09659,0.77464
2482.05710,0.77155
2480.01761,0.76854
2477.97813,0.76522
2475.93864,0.76159
2473.89915,0.75814
2471.85966,0.75505
2469.82017,0.75194
2467.78068,0.74890
2465.74120,0.74565
2463.70171,0.74196
2461.66222,0.73866
2459.62273,0.73555
2457.58324,0.73176
2455.54376,0.72769
2453.50427,0.72350
2451.46478,0.71890
2449.42529,0.71436
2447.38580,0.71054
2445.34631,0.70722
2443.30683,0.70328
2441.26734,0.69861
2439.22785,0.69396
2437.18836,0.68916
2435.14887,0.68399
2433.10939,0.67929
2431.06990,0.67549
2429.03041,0.67188
2426.99092,0.66809
2424.95143,0.66409
2422.91194,0.65989
2420.87246,0.65560
2418.83297,0.65150
2416.79348,0.64759
2414.75399,0.64386
2412.71450,0.64074
2410.67502,0.63821
2408.63553,0.63570
2406.59604,0.63292
2404.55655,0.62998
2402.51706,0.62755
2400.47757,0.62551
2398.43809,0.62304
2396.39860,0.62058
2394.35911,0.61839
2392.31962,0.61613
2390.28013,0.61390
2388.24065,0.61226
2386.20116,0.61145
2384.16167,0.61121
2382.12218,0.61119
2380.08269,0.61126
2378.04320,0.61159
2376.00372,0.61238
2373.96423,0.61347
2371.92474,0.61444
2369.88525,0.61494
2367.84576,0.61523
2365.80628,0.61544
2363.76679,0.61528
2361.72730,0.61449
2359.68781,0.61235
2357.64832,0.60827
2355.60884,0.60349
2353.56935,0.60052
2351.52986,0.60041
2349.49037,0.60038
2347.45088,0.59733
2345.41139,0.59292
2343.37191,0.59024
2341.33242,0.58915
2339.29293,0.58814
2337.25344,0.58668
2335.21395,0.58437
2333.17447,0.58144
2331.13498,0.57866
2329.09549,0.57641
2327.05600,0.57455
2325.01651,0.57253
2322.97702,0.56986
2320.93754,0.56687
2318.89805,0.56440
2316.85856,0.56264
2314.81907,0.56118
2312.77958,0.55977
2310.74010,0.55834
2308.70061,0.55673
2306.66112,0.55500
2304.62163,0.55338
2302.58214,0.55211
2300.54265,0.55128
2298.50317,0.55069
2296.46368,0.55009
2294.42419,0.54949
2292.38470,0.54894
2290.34521,0.54847
2288.30573,0.54818
2286.26624,0.54822
2284.22675,0.54852
2282.18726,0.54887
2280.14777,0.54927
2278.10828,0.54993
2276.06880,0.55076
2274.02931,0.55149
2271.98982,0.55222
2269.95033,0.55306
2267.91084,0.55381
2265.87136,0.55455
2263.83187,0.55555
2261.79238,0.55656
2259.75289,0.55724
2257.71340,0.55787
2255.67391,0.55867
2253.63443,0.55921
2251.59494,0.55937
2249.55545,0.55956
2247.51596,0.56055
2245.47647,0.56162
2243.43699,0.56246
2241.39750,0.56311
2239.35801,0.56385
2237.31852,0.56499
2235.27903,0.56602
2233.23954,0.56676
2231.20006,0.56767
2229.16057,0.56896
2227.12108,0.57051
2225.08159,0.57198
2223.04210,0.57331
2221.00262,0.57465
2218.96313,0.57631
2216.92364,0.57854
2214.88415,0.58115
2212.84466,0.58377
2210.80518,0.58595
2208.76569,0.58783
2206.72620,0.59018
2204.68671,0.59253
2202.64722,0.59413
2200.60773,0.59563
2198.56825,0.59782
2196.52876,0.60035
2194.48927,0.60265
2192.44978,0.60480
2190.41029,0.60692
2188.37081,0.60904
2186.33132,0.61144
2184.29183,0.61450
2182.25234,0.61800
2180.21285,0.62122
2178.17336,0.62399
2176.13388,0.62657
2174.09439,0.62903
2172.05490,0.63134
2170.01541,0.63373
2167.97592,0.63648
2165.93644,0.63926
2163.89695,0.64165
2161.85746,0.64355
2159.81797,0.64471
2157.77848,0.64506
2155.73899,0.64540
2153.69951,0.64614
2151.66002,0.64670
2149.62053,0.64669
2147.58104,0.64636
2145.54155,0.64589
2143.50207,0.64541
2141.46258,0.64514
2139.42309,0.64479
2137.38360,0.64432
2135.34411,0.64424
2133.30462,0.64415
2131.26514,0.64346
2129.22565,0.64279
2127.18616,0.64256
2125.14667,0.64207
2123.10718,0.64109
2121.06770,0.64012
2119.02821,0.63920
2116.98872,0.63842
2114.94923,0.63813
2112.90974,0.63817
2110.87025,0.63831
2108.83077,0.63862
2106.79128,0.63884
2104.75179,0.63870
2102.71230,0.63861
2100.67281,0.63896
2098.63333,0.63943
2096.59384,0.63951
2094.55435,0.63944
2092.51486,0.63975
2090.47537,0.64024
2088.43588,0.64024
2086.39640,0.63985
2084.35691,0.63954
2082.31742,0.63941
2080.27793,0.63936
2078.23844,0.63931
2076.19896,0.63909
2074.15947,0.63867
2072.11998,0.63806
2070.08049,0.63761
2068.04100,0.63764
2066.00152,0.63778
2063.96203,0.63780
2061.92254,0.63799
2059.88305,0.63826
2057.84356,0.63843
2055.80407,0.63828
2053.76459,0.63748
2051.72510,0.63610
2049.68561,0.63452
2047.64612,0.63283
2045.60663,0.63098
2043.56715,0.62886
2041.52766,0.62619
2039.48817,0.62299
2037.44868,0.61979
2035.40919,0.61655
2033.36970,0.61281
2031.33022,0.60861
2029.29073,0.60446
2027.25124,0.60065
2025.21175,0.59687
2023.17226,0.59290
2021.13278,0.58916
2019.09329,0.58577
2017.05380,0.58211
2015.01431,0.57806
2012.97482,0.57420
2010.93533,0.57078
2008.89585,0.56774
2006.85636,0.56505
2004.81687,0.56249
2002.77738,0.56003
2000.73789,0.55810
1998.69841,0.55670
1996.65892,0.55556
1994.61943,0.55495
1992.57994,0.55477
1990.54045,0.55421
1988.50096,0.55314
1986.46148,0.55196
1984.42199,0.55095
1982.38250,0.55022
1980.34301,0.54952
1978.30352,0.54890
1976.26404,0.54863
1974.22455,0.54847
1972.18506,0.54833
1970.14557,0.54843
1968.10608,0.54853
1966.06659,0.54833
1964.02711,0.54804
1961.98762,0.54803
1959.94813,0.54806
1957.90864,0.54795
1955.86915,0.54828
1953.82967,0.54907
1951.79018,0.54959
1949.75069,0.54983
1947.71120,0.55023
1945.67171,0.55095
1943.63222,0.55155
1941.59274,0.55123
1939.55325,0.55016
1937.51376,0.54925
1935.47427,0.54850
1933.43478,0.54767
1931.39530,0.54698
1929.35581,0.54640
1927.31632,0.54579
1925.27683,0.54557
1923.23734,0.54589
1921.19786,0.54621
1919.15837,0.54589
1917.11888,0.54450
1915.07939,0.54294
1913.03990,0.54221
1911.00041,0.54166
1908.96093,0.54034
1906.92144,0.53860
1904.88195,0.53725
1902.84246,0.53631
1900.80297,0.53548
1898.76349,0.53485
1896.72400,0.53459
1894.68451,0.53461
1892.64502,0.53499
1890.60553,0.53561
1888.56604,0.53580
1886.52656,0.53581
1884.48707,0.53630
1882.44758,0.53714
1880.40809,0.53816
1878.36860,0.53921
1876.32912,0.54002
1874.28963,0.54092
1872.25014,0.54273
1870.21065,0.54475
1868.17116,0.54446
1866.13167,0.54169
1864.09219,0.53920
1862.05270,0.53789
1860.01321,0.53686
1857.97372,0.53575
1855.93423,0.53468
1853.89475,0.53376
1851.85526,0.53311
1849.81577,0.53292
1847.77628,0.53346
1845.73679,0.53408
1843.69730,0.53294
1841.65782,0.53018
1839.61833,0.52810
1837.57884,0.52716
1835.53935,0.52666
1833.49986,0.52711
1831.46038,0.52898
1829.42089,0.53094
1827.38140,0.53187
1825.34191,0.53208
1823.30242,0.53180
1821.26293,0.53174
1819.22345,0.53280
1817.18396,0.53470
1815.14447,0.53688
1813.10498,0.53944
1811.06549,0.54209
1809.02601,0.54412
1806.98652,0.54590
1804.94703,0.54851
1802.90754,0.55231
1800.86805,0.55646
1798.82856,0.55998
1796.78908,0.56380
1794.74959,0.56932
1792.71010,0.57545
1790.67061,0.57965
1788.63112,0.58244
1786.59164,0.58626
1784.55215,0.59156
1782.51266,0.59728
1780.47317,0.60270
1778.43368,0.60774
1776.39420,0.61317
1774.35471,0.61974
1772.31522,0.62617
1770.27573,0.63042
1768.23624,0.63330
1766.19675,0.63687
1764.15727,0.64243
1762.11778,0.65018
1760.07829,0.65901
1758.03880,0.66833
1755.99931,0.67843
1753.95983,0.68974
1751.92034,0.70378
1749.88085,0.72046
1747.84136,0.73693
1745.80187,0.75273
1743.76238,0.77010
1741.72290,0.78964
1739.68341,0.80983
1737.64392,0.82963
1735.60443,0.85108
1733.56494,0.87320
1731.52546,0.88850
1729.48597,0.89725
1727.44648,0.90406
1725.40699,0.90981
1723.36750,0.91410
1721.32801,0.91765
1719.28853,0.92175
1717.24904,0.92589
1715.20955,0.92806
1713.17006,0.92896
1711.13057,0.93130
1709.09109,0.93656
1707.05160,0.94458
1705.01211,0.95428
1702.97262,0.96572
1700.93313,0.98096
1698.89364,0.99946
1696.85416,1.01940
1694.81467,1.04090
1692.77518,1.06163
1690.73569,1.08257
1688.69620,1.10590
1686.65672,1.13306
1684.61723,1.16668
1682.57774,1.19907
1680.53825,1.22163
1678.49876,1.24153
1676.45927,1.26551
1674.41979,1.29136
1672.38030,1.31407
1670.34081,1.33429
1668.30132,1.35353
1666.26183,1.37046
1664.22235,1.38564
1662.18286,1.40005
1660.14337,1.41403
1658.10388,1.42700
1656.06439,1.43766
1654.02490,1.44622
1651.98542,1.45292
1649.94593,1.45804
1647.90644,1.46169
1645.86695,1.46270
1643.82746,1.46186
1641.78798,1.46152
1639.74849,1.46205
1637.70900,1.46244
1635.66951,1.45998
1633.63002,1.45314
1631.59054,1.44519
1629.55105,1.43693
1627.51156,1.42777
1625.47207,1.41815
1623.43258,1.40880
1621.39309,1.40245
1619.35361,1.39879
1617.31412,1.39173
1615.27463,1.37980
1613.23514,1.36932
1611.19565,1.36253
1609.15617,1.35759
1607.11668,1.35263
1605.07719,1.34653
1603.03770,1.33951
1600.99821,1.33374
1598.95872,1.33123
1596.91924,1.33135
1594.87975,1.33139
1592.84026,1.32915
1590.80077,1.32572
1588.76128,1.32343
1586.72180,1.32262
1584.68231,1.32267
1582.64282,1.32438
1580.60333,1.32879
1578.56384,1.33386
1576.52435,1.33597
1574.48487,1.33538
1572.44538,1.33475
1570.40589,1.33429
1568.36640,1.33425
1566.32691,1.33417
1564.28743,1.33143
1562.24794,1.32638
1560.20845,1.32061
1558.16896,1.31367
1556.12947,1.30686
1554.08998,1.29961
1552.05050,1.29056
1550.01101,1.28119
1547.97152,1.27433
1545.93203,1.26940
1543.89254,1.26205
1541.85306,1.25016
1539.81357,1.23685
1537.77408,1.22759
1535.73459,1.22105
1533.69510,1.21272
1531.65561,1.20380
1529.61613,1.19796
1527.57664,1.19506
1525.53715,1.19361
1523.49766,1.19173
1521.45817,1.18815
1519.41869,1.18498
1517.37920,1.18327
1515.33971,1.18080
1513.30022,1.17753
1511.26073,1.17493
1509.22124,1.17346
1507.18176,1.17343
1505.14227,1.17506
1503.10278,1.17820
1501.06329,1.18355
1499.02380,1.19062
1496.98432,1.19736
1494.94483,1.20427
1492.90534,1.21428
1490.86585,1.22902
1488.82636,1.24803
1486.78688,1.26938
1484.74739,1.29154
1482.70790,1.31487
1480.66841,1.34103
1478.62892,1.36969
1476.58943,1.40100
1474.54995,1.44005
1472.51046,1.49007
1470.47097,1.53927
1468.43148,1.57629
1466.39199,1.60535
1464.35251,1.62934
1462.31302,1.64442
1460.27353,1.65076
1458.23404,1.65364
1456.19455,1.65728
1454.15506,1.66022
1452.11558,1.65792
1450.07609,1.65048
1448.03660,1.64314
1445.99711,1.64242
1443.95762,1.65040
1441.91814,1.66117
1439.87865,1.66820
1437.83916,1.67189
1435.79967,1.67579
1433.76018,1.68051
1431.72069,1.68534
1429.68121,1.69149
1427.64172,1.69976
1425.60223,1.70633
1423.56274,1.70777
1421.52325,1.70909
1419.48377,1.71366
1417.44428,1.71470
1415.40479,1.71022
1413.36530,1.70661
1411.32581,1.70668
1409.28632,1.70702
1407.24684,1.70518
1405.20735,1.70182
1403.16786,1.69778
1401.12837,1.69555
1399.08888,1.69399
1397.04940,1.68879
1395.00991,1.68398
1392.97042,1.68628
1390.93093,1.69285
1388.89144,1.69828
1386.85195,1.70253
1384.81247,1.70775
1382.77298,1.71377
1380.73349,1.71895
1378.69400,1.72151
1376.65451,1.72002
1374.61503,1.71587
1372.57554,1.71436
1370.53605,1.71984
1368.49656,1.72784
1366.45707,1.72948
1364.41758,1.72587
1362.37810,1.72579
1360.33861,1.72994
1358.29912,1.73093
1356.25963,1.72902
1354.22014,1.73026
1352.18066,1.73223
1350.14117,1.72849
1348.10168,1.72067
1346.06219,1.71536
1344.02270,1.71594
1341.98322,1.71974
1339.94373,1.72099
1337.90424,1.71613
1335.86475,1.70821
1333.82526,1.70366
1331.78577,1.70177
1329.74629,1.69526
1327.70680,1.68312
1325.66731,1.67258
1323.62782,1.66730
1321.58833,1.66465
1319.54885,1.66110
1317.50936,1.65664
1315.46987,1.65337
1313.43038,1.65016
1311.39089,1.64591
1309.35140,1.64294
1307.31192,1.64173
1305.27243,1.63965
1303.23294,1.63641
1301.19345,1.63445
1299.15396,1.63158
1297.11448,1.62384
1295.07499,1.61380
1293.03550,1.60259
1290.99601,1.59155
1288.95652,1.58671
1286.91703,1.58745
1284.87755,1.58879
1282.83806,1.58903
1280.79857,1.58650
1278.75908,1.58041
1276.71959,1.57433
1274.68011,1.57225
1272.64062,1.57473
1270.60113,1.57948
1268.56164,1.58158
1266.52215,1.57893
1264.48266,1.57641
1262.44318,1.57875
1260.40369,1.58340
1258.36420,1.58462
1256.32471,1.58449
1254.28522,1.58736
1252.24574,1.59252
1250.20625,1.60155
1248.16676,1.61203
1246.12727,1.61601
1244.08778,1.61257
1242.04829,1.60806
1240.00881,1.60641
1237.96932,1.60467
1235.92983,1.60104
1233.89034,1.59369
1231.85085,1.58027
1229.81137,1.56559
1227.77188,1.55431
1225.73239,1.54467
1223.69290,1.53443
1221.65341,1.52586
1219.61392,1.52331
1217.57444,1.52730
1215.53495,1.53327
1213.49546,1.53983
1211.45597,1.54998
1209.41648,1.56280
1207.37700,1.57523
1205.33751,1.58574
1203.29802,1.59305
1201.25853,1.59710
1199.21904,1.59461
1197.17956,1.58430
1195.14007,1.57373
1193.10058,1.56737
1191.06109,1.56505
1189.02160,1.56627
1186.98211,1.57607
1184.94263,1.59879
1182.90314,1.63080
1180.86365,1.67117
1178.82416,1.72293
1176.78467,1.78668
1174.74519,1.85572
1172.70570,1.91649
1170.66621,1.95661
1168.62672,1.97814
1166.58723,1.99479
1164.54774,2.00758
1162.50826,1.99868
1160.46877,1.96008
1158.42928,1.91495
1156.38979,1.87933
1154.35030,1.85046
1152.31082,1.82297
1150.27133,1.80172
1148.23184,1.79394
1146.19235,1.79400
1144.15286,1.79146
1142.11337,1.78710
1140.07389,1.78825
1138.03440,1.79804
1135.99491,1.80984
1133.95542,1.81234
1131.91593,1.81098
1129.87645,1.81648
1127.83696,1.81882
1125.79747,1.80958
1123.75798,1.80292
1121.71849,1.80274
1119.67900,1.80378
1117.63952,1.81077
1115.60003,1.81718
1113.56054,1.81569
1111.52105,1.81706
1109.48156,1.82867
1107.44208,1.83416
1105.40259,1.82598
1103.36310,1.82235
1101.32361,1.82101
1099.28412,1.80816
1097.24463,1.79513
1095.20515,1.79490
1093.16566,1.80169
1091.12617,1.80655
1089.08668,1.80925
1087.04719,1.80891
1085.00771,1.79728
1082.96822,1.77632
1080.92873,1.76149
1078.88924,1.75467
1076.84975,1.74650
1074.81027,1.73941
1072.77078,1.74178
1070.73129,1.76080
1068.69180,1.79009
1066.65231,1.80493
1064.61282,1.80494
1062.57334,1.80908
1060.53385,1.80928
1058.49436,1.78400
1056.45487,1.73923
1054.41538,1.69475
1052.37590,1.65391
1050.33641,1.62246
1048.29692,1.60418
1046.25743,1.59186
1044.21794,1.58259
1042.17845,1.57651
1040.13897,1.57078
1038.09948,1.56815
1036.05999,1.57273
1034.02050,1.57344
1031.98101,1.56322
1029.94153,1.55404
1027.90204,1.54638
1025.86255,1.52935
1023.82306,1.50937
1021.78357,1.49734
1019.74408,1.49212
1017.70460,1.48925
1015.66511,1.48747
1013.62562,1.48894
1011.58613,1.49293
1009.54664,1.49319
1007.50716,1.48747
1005.46767,1.48076
1003.42818,1.47689
1001.38869,1.47443
999.34920,1.46983
997.30971,1.46312
995.27023,1.45784
993.23074,1.45498
991.19125,1.45338
989.15176,1.45298
987.11227,1.45194
985.07279,1.44762
983.03330,1.43765
980.99381,1.41975
978.95432,1.39788
976.91483,1.37432
974.87534,1.34677
972.83586,1.31903
970.79637,1.29389
968.75688,1.26953
966.71739,1.24739
964.67790,1.23088
962.63842,1.21961
960.59893,1.21066
958.55944,1.20471
956.51995,1.20427
954.48046,1.20875
952.44097,1.21937
950.40149,1.24153
948.36200,1.27410
946.32251,1.30927
944.28302,1.34436
942.24353,1.37668
940.20405,1.40073
938.16456,1.41856
936.12507,1.43308
934.08558,1.44190
932.04609,1.44664
930.00661,1.44935
927.96712,1.44725
925.92763,1.44088
923.88814,1.43032
921.84865,1.41161
919.80916,1.38960
917.76968,1.37065
915.73019,1.35053
913.69070,1.32670
911.65121,1.30366
909.61172,1.28524
907.57224,1.27131
905.53275,1.26119
903.49326,1.25508
901.45377,1.25225
899.41428,1.25158
897.37479,1.25026
895.33531,1.24532
893.29582,1.23680
891.25633,1.22646
889.21684,1.21643
887.17735,1.20819
885.13787,1.20350
883.09838,1.20399
881.05889,1.21148
879.01940,1.22691
876.97991,1.24918
874.94042,1.28053
872.90094,1.32175
870.86145,1.36398
868.82196,1.40047
866.78247,1.43109
864.74298,1.45004
862.70350,1.45523
860.66401,1.45572
858.62452,1.45220
856.58503,1.43754
854.54554,1.41861
852.50605,1.40381
850.46657,1.39013
848.42708,1.37898
846.38759,1.37101
844.34810,1.36067
842.30861,1.35095
840.26913,1.34387
838.22964,1.33157
836.19015,1.31678
834.15066,1.30839
832.11117,1.30427
830.07168,1.29665
828.03220,1.28332
825.99271,1.27412
823.95322,1.27507
821.91373,1.27900
819.87424,1.28172
817.83476,1.28511
815.79527,1.29043
813.75578,1.29743
811.71629,1.30610
809.67680,1.31832
807.63731,1.33253
805.59783,1.34376
803.55834,1.35395
801.51885,1.36731
799.47936,1.38079
797.43987,1.39307
795.40039,1.40793
793.36090,1.42210
791.32141,1.43133
789.28192,1.44123
787.24243,1.45434
785.20295,1.46729
783.16346,1.48142
781.12397,1.50121
779.08448,1.52819
777.04499,1.55198
775.00550,1.56451
772.96602,1.57427
770.92653,1.58602
768.88704,1.59470
766.84755,1.59675
764.80806,1.59492
762.76858,1.59308
760.72909,1.58670
758.68960,1.57101
756.65011,1.54805
754.61062,1.52882
752.57113,1.52071
750.53165,1.51894
748.49216,1.51627
746.45267,1.51252
744.41318,1.51282
742.37369,1.51748
740.33421,1.52273
738.29472,1.53065
736.25523,1.54287
734.21574,1.55120
732.17625,1.55045
730.13676,1.54810
728.09728,1.55556
726.05779,1.57040
724.01830,1.58432
721.97881,1.60254
719.93932,1.62151
717.89984,1.62771
715.86035,1.62284
713.82086,1.61839
711.78137,1.61604
709.74188,1.61257
707.70239,1.60994
705.66291,1.60625
703.62342,1.59464
701.58393,1.57768
699.54444,1.56751
697.50495,1.56916
695.46547,1.57804
693.42598,1.58854
691.38649,1.59628
689.34700,1.60356
687.30751,1.61243
685.26802,1.62113
683.22854,1.63308
681.18905,1.64485
679.14956,1.64346
677.11007,1.63161
675.07058,1.62261
673.03110,1.61496
670.99161,1.60037
668.95212,1.58814
666.91263,1.59647
664.87314,1.60551
662.83365,1.59379
660.79417,1.58285
658.75468,1.59229
656.71519,1.61259
654.67570,1.62726
652.63621,1.62531
650.59673,1.61201
648.55724,1.60451
646.51775,1.60533
644.47826,1.60989
642.43877,1.61184
640.39929,1.60752
638.35980,1.61075
636.32031,1.62619
634.28082,1.63613
632.24133,1.63370
630.20184,1.63494
628.16236,1.64786
626.12287,1.65805
624.08338,1.64769
622.04389,1.62221
620.00440,1.62419
617.96492,1.65867
615.92543,1.67631
613.88594,1.64962
611.84645,1.61603
609.80696,1.62270
607.76747,1.64246
605.72799,1.63518
603.68850,1.61858
601.64901,1.61294
599.60952,1.61737
597.57003,1.62293
595.53055,1.62946
593.49106,1.62264
591.45157,1.60102
589.41208,1.59550
587.37259,1.61816
585.33310,1.65085
583.29362,1.64728
581.25413,1.59448
579.21464,1.56627
577.17515,1.57683
575.13566,1.58052
573.09618,1.58554
571.05669,1.58824
569.01720,1.56419
566.97771,1.54662
564.93822,1.54947
562.89873,1.58846
560.85925,1.63096
558.81976,1.60372
556.78027,1.54811
554.74078,1.54308
552.70129,1.58072
550.66181,1.61193
548.62232,1.56302
546.58283,1.47330
544.54334,1.43134
542.50385,1.43828
540.46436,1.47112
538.42488,1.51371
536.38539,1.51916
534.34590,1.49047
532.30641,1.48808
530.26692,1.53871
528.22744,1.60617
526.18795,1.64487
524.14846,1.66676
522.10897,1.63691
520.06948,1.56717
518.02999,1.42091
515.99051,1.33438
513.95102,1.35817
511.91153,1.39124
509.87204,1.37796
507.83255,1.30334
505.79307,1.20395
503.75358,1.21337
501.71409,1.23605
499.67460,1.07304
