3997.39681,0.38698
3995.35732,0.38646
3993.31783,0.38594
3991.27835,0.38523
3989.23886,0.38425
3987.19937,0.38355
3985.15988,0.38317
3983.12039,0.38271
3981.08091,0.38206
3979.04142,0.38109
3977.00193,0.37987
3974.96244,0.37852
3972.92295,0.37720
3970.88346,0.37637
3968.84398,0.37580
3966.80449,0.37470
3964.76500,0.37312
3962.72551,0.37173
3960.68602,0.37066
3958.64654,0.36958
3956.60705,0.36842
3954.56756,0.36752
3952.52807,0.36700
3950.48858,0.36622
3948.44909,0.36465
3946.40961,0.36280
3944.37012,0.36121
3942.33063,0.35974
3940.29114,0.35849
3938.25165,0.35764
3936.21217,0.35701
3934.17268,0.35609
3932.13319,0.35437
3930.09370,0.35242
3928.05421,0.35115
3926.01473,0.35019
3923.97524,0.34885
3921.93575,0.34749
3919.89626,0.34635
3917.85677,0.34478
3915.81728,0.34254
3913.77780,0.34032
3911.73831,0.33853
3909.69882,0.33727
3907.65933,0.33677
3905.61984,0.33631
3903.58036,0.33474
3901.54087,0.33206
3899.50138,0.32914
3897.46189,0.32755
3895.42240,0.32809
3893.38291,0.32853
3891.34343,0.32677
3889.30394,0.32469
3887.26445,0.32396
3885.22496,0.32356
3883.18547,0.32303
3881.14599,0.32205
3879.10650,0.32042
3877.06701,0.31955
3875.02752,0.31959
3872.98803,0.31923
3870.94854,0.31796
3868.90906,0.31674
3866.86957,0.31665
3864.83008,0.31640
3862.79059,0.31496
3860.75110,0.31445
3858.71162,0.31611
3856.67213,0.31757
3854.63264,0.31539
3852.59315,0.31064
3850.55366,0.30932
3848.51417,0.31160
3846.47469,0.31378
3844.43520,0.31475
3842.39571,0.31534
3840.35622,0.31513
3838.31673,0.31335
3836.27725,0.31153
3834.23776,0.31122
3832.19827,0.31157
3830.15878,0.31185
3828.11929,0.31228
3826.07980,0.31293
3824.04032,0.31362
3822.00083,0.31359
3819.96134,0.31276
3817.92185,0.31231
3815.88236,0.31199
3813.84288,0.31196
3811.80339,0.31315
3809.76390,0.31479
3807.72441,0.31567
3805.68492,0.31638
3803.64543,0.31727
3801.60595,0.31673
3799.56646,0.31519
3797.52697,0.31470
3795.48748,0.31524
3793.44799,0.31646
3791.40851,0.31806
3789.36902,0.31954
3787.32953,0.32072
3785.29004,0.32144
3783.25055,0.32185
3781.21107,0.32214
3779.17158,0.32216
3777.13209,0.32246
3775.09260,0.32367
3773.05311,0.32553
3771.01362,0.32706
3768.97414,0.32787
3766.93465,0.32881
3764.89516,0.33041
3762.85567,0.33242
3760.81618,0.33375
3758.77670,0.33381
3756.73721,0.33433
3754.69772,0.33647
3752.65823,0.33824
3750.61874,0.33805
3748.57925,0.33826
3746.53977,0.33981
3744.50028,0.34073
3742.46079,0.34207
3740.42130,0.34570
3738.38181,0.34974
3736.34233,0.35168
3734.30284,0.35157
3732.26335,0.35191
3730.22386,0.35448
3728.18437,0.35848
3726.14488,0.36199
3724.10540,0.36423
3722.06591,0.36608
3720.02642,0.36852
3717.98693,0.37171
3715.94744,0.37548
3713.90796,0.37944
3711.86847,0.38245
3709.82898,0.38439
3707.78949,0.38728
3705.75000,0.39193
3703.71051,0.39724
3701.67103,0.40251
3699.63154,0.40834
3697.59205,0.41473
3695.55256,0.42105
3693.51307,0.42743
3691.47359,0.43384
3689.43410,0.43939
3687.39461,0.44468
3685.35512,0.45152
3683.31563,0.46032
3681.27614,0.47052
3679.23666,0.48138
3677.19717,0.49228
3675.15768,0.50302
3673.11819,0.51385
3671.07870,0.52518
3669.03922,0.53751
3666.99973,0.55104
3664.96024,0.56519
3662.92075,0.57940
3660.88126,0.59387
3658.84177,0.60878
3656.80229,0.62347
3654.76280,0.63750
3652.72331,0.65239
3650.68382,0.66917
3648.64433,0.68573
3646.60485,0.70064
3644.56536,0.71484
3642.52587,0.72917
3640.48638,0.74415
3638.44689,0.75979
3636.40741,0.77539
3634.36792,0.79063
3632.32843,0.80607
3630.28894,0.82193
3628.24945,0.83800
3626.20996,0.85383
3624.17048,0.86846
3622.13099,0.88267
3620.09150,0.89910
3618.05201,0.91745
3616.01252,0.93412
3613.97304,0.94815
3611.93355,0.96124
3609.89406,0.97552
3607.85457,0.99201
3605.81508,1.00908
3603.77559,1.02557
3601.73611,1.04221
3599.69662,1.05949
3597.65713,1.07708
3595.61764,1.09379
3593.57815,1.10903
3591.53867,1.12305
3589.49918,1.13597
3587.45969,1.14872
3585.42020,1.16232
3583.38071,1.17629
3581.34122,1.19134
3579.30174,1.20893
3577.26225,1.22738
3575.22276,1.24410
3573.18327,1.25923
3571.14378,1.27410
3569.10430,1.28917
3567.06481,1.30387
3565.02532,1.31815
3562.98583,1.33422
3560.94634,1.35171
3558.90685,1.36671
3556.86737,1.37827
3554.82788,1.38982
3552.78839,1.40258
3550.74890,1.41457
3548.70941,1.42655
3546.66993,1.43982
3544.63044,1.45469
3542.59095,1.47028
3540.55146,1.48213
3538.51197,1.49017
3536.47248,1.50197
3534.43300,1.51788
3532.39351,1.52701
3530.35402,1.52797
3528.31453,1.53151
3526.27504,1.54061
3524.23556,1.54989
3522.19607,1.55921
3520.15658,1.56917
3518.11709,1.57750
3516.07760,1.58541
3514.03811,1.59226
3511.99863,1.59800
3509.95914,1.60757
3507.91965,1.61941
3505.88016,1.62887
3503.84067,1.63632
3501.80119,1.64237
3499.76170,1.65034
3497.72221,1.66137
3495.68272,1.66924
3493.64323,1.67135
3491.60375,1.67215
3489.56426,1.67974
3487.52477,1.69817
3485.48528,1.71314
3483.44579,1.71263
3481.40630,1.70520
3479.36682,1.69949
3477.32733,1.69806
3475.28784,1.70364
3473.24835,1.71714
3471.20886,1.72600
3469.16938,1.72449
3467.12989,1.72825
3465.09040,1.74010
3463.05091,1.75073
3461.01142,1.75863
3458.97193,1.76014
3456.93245,1.75472
3454.89296,1.75543
3452.85347,1.76164
3450.81398,1.76143
3448.77449,1.76095
3446.73501,1.76777
3444.69552,1.77820
3442.65603,1.78291
3440.61654,1.77097
3438.57705,1.75278
3436.53756,1.74626
3434.49808,1.74912
3432.45859,1.75578
3430.41910,1.76371
3428.37961,1.76896
3426.34012,1.77456
3424.30064,1.77868
3422.26115,1.77573
3420.22166,1.77343
3418.18217,1.77852
3416.14268,1.78021
3414.10319,1.77116
3412.06371,1.76638
3410.02422,1.78035
3407.98473,1.79564
3405.94524,1.79400
3403.90575,1.78977
3401.86627,1.79000
3399.82678,1.78513
3397.78729,1.77805
3395.74780,1.77527
3393.70831,1.77663
3391.66882,1.77771
3389.62934,1.76980
3387.58985,1.75586
3385.55036,1.75182
3383.51087,1.76074
3381.47138,1.77135
3379.43190,1.77329
3377.39241,1.77012
3375.35292,1.77371
3373.31343,1.78289
3371.27394,1.78866
3369.23446,1.78852
3367.19497,1.78484
3365.15548,1.78137
3363.11599,1.78291
3361.07650,1.78508
3359.03701,1.77830
3356.99753,1.76822
3354.95804,1.76771
3352.91855,1.77293
3350.87906,1.77506
3348.83957,1.78137
3346.80009,1.78657
3344.76060,1.77681
3342.72111,1.76562
3340.68162,1.76680
3338.64213,1.77177
3336.60264,1.76817
3334.56316,1.76006
3332.52367,1.75802
3330.48418,1.75988
3328.44469,1.76341
3326.40520,1.77134
3324.36572,1.77528
3322.32623,1.76771
3320.28674,1.75652
3318.24725,1.75361
3316.20776,1.75892
3314.16827,1.75492
3312.12879,1.73971
3310.08930,1.73251
3308.04981,1.73483
3306.01032,1.73799
3303.97083,1.73869
3301.93135,1.73474
3299.89186,1.72699
3297.85237,1.72200
3295.81288,1.72414
3293.77339,1.72542
3291.73390,1.72191
3289.69442,1.72057
3287.65493,1.71804
3285.61544,1.71004
3283.57595,1.70747
3281.53646,1.71256
3279.49698,1.71393
3277.45749,1.70837
3275.41800,1.70170
3273.37851,1.69735
3271.33902,1.69612
3269.29953,1.69841
3267.26005,1.70208
3265.22056,1.70180
3263.18107,1.69431
3261.14158,1.68668
3259.10209,1.68273
3257.06261,1.67635
3255.02312,1.67311
3252.98363,1.67917
3250.94414,1.68414
3248.90465,1.68098
3246.86516,1.67454
3244.82568,1.66585
3242.78619,1.65495
3240.74670,1.64834
3238.70721,1.64557
3236.66772,1.64207
3234.62824,1.64240
3232.58875,1.64713
3230.54926,1.64547
3228.50977,1.63473
3226.47028,1.62801
3224.43080,1.63325
3222.39131,1.63829
3220.35182,1.63280
3218.31233,1.62717
3216.27284,1.62915
3214.23335,1.63073
3212.19387,1.62587
3210.15438,1.61979
3208.11489,1.61716
3206.07540,1.61504
3204.03591,1.60944
3201.99643,1.60197
3199.95694,1.59819
3197.91745,1.59725
3195.87796,1.59119
3193.83847,1.58073
3191.79898,1.57489
3189.75950,1.57642
3187.72001,1.57978
3185.68052,1.57865
3183.64103,1.57205
3181.60154,1.56472
3179.56206,1.56183
3177.52257,1.56040
3175.48308,1.55744
3173.44359,1.55659
3171.40410,1.55612
3169.36461,1.55173
3167.32513,1.54539
3165.28564,1.53840
3163.24615,1.53222
3161.20666,1.53002
3159.16717,1.52722
3157.12769,1.51980
3155.08820,1.51387
3153.04871,1.51334
3151.00922,1.51313
3148.96973,1.50690
3146.93024,1.49618
3144.89076,1.48862
3142.85127,1.48608
3140.81178,1.48509
3138.77229,1.48448
3136.73280,1.48239
3134.69332,1.47675
3132.65383,1.47168
3130.61434,1.47042
3128.57485,1.46847
3126.53536,1.46320
3124.49587,1.45786
3122.45639,1.45419
3120.41690,1.45137
3118.37741,1.44660
3116.33792,1.43917
3114.29843,1.43330
3112.25895,1.43082
3110.21946,1.42852
3108.17997,1.42435
3106.14048,1.41795
3104.10099,1.41031
3102.06150,1.40621
3100.02202,1.40615
3097.98253,1.40485
3095.94304,1.40037
3093.90355,1.39328
3091.86406,1.38499
3089.82458,1.37793
3087.78509,1.37294
3085.74560,1.36994
3083.70611,1.36773
3081.66662,1.36385
3079.62714,1.35795
3077.58765,1.35342
3075.54816,1.35173
3073.50867,1.34868
3071.46918,1.34246
3069.42969,1.33770
3067.39021,1.33548
3065.35072,1.33204
3063.31123,1.32878
3061.27174,1.32773
3059.23225,1.32545
3057.19277,1.32073
3055.15328,1.31415
3053.11379,1.30636
3051.07430,1.30176
3049.03481,1.30140
3046.99532,1.30087
3044.95584,1.29795
3042.91635,1.29317
3040.87686,1.28818
3038.83737,1.28395
3036.79788,1.27948
3034.75840,1.27475
3032.71891,1.27052
3030.67942,1.26634
3028.63993,1.26221
3026.60044,1.25784
3024.56095,1.25342
3022.52147,1.25080
3020.48198,1.24929
3018.44249,1.24717
3016.40300,1.24579
3014.36351,1.24597
3012.32403,1.24488
3010.28454,1.24152
3008.24505,1.23874
3006.20556,1.23813
3004.16607,1.23961
3002.12658,1.24183
3000.08710,1.24258
2998.04761,1.24304
2996.00812,1.24666
2993.96863,1.25255
2991.92914,1.25749
2989.88966,1.26218
2987.85017,1.26787
2985.81068,1.27361
2983.77119,1.27875
2981.73170,1.28518
2979.69221,1.29559
2977.65273,1.30806
2975.61324,1.31820
2973.57375,1.32577
2971.53426,1.33398
2969.49477,1.34441
2967.45529,1.35409
2965.41580,1.36028
2963.37631,1.36630
2961.33682,1.37509
2959.29733,1.38393
2957.25784,1.39016
2955.21836,1.39553
2953.17887,1.40282
2951.13938,1.41378
2949.09989,1.42604
2947.06040,1.43427
2945.02092,1.44040
2942.98143,1.44917
2940.94194,1.45840
2938.90245,1.46578
2936.86296,1.47406
2934.82348,1.48029
2932.78399,1.48048
2930.74450,1.48017
2928.70501,1.47988
2926.66552,1.47465
2924.62603,1.46690
2922.58655,1.46066
2920.54706,1.45407
2918.50757,1.44756
2916.46808,1.44343
2914.42859,1.43889
2912.38911,1.43287
2910.34962,1.42635
2908.31013,1.42107
2906.27064,1.41907
2904.23115,1.41861
2902.19166,1.41760
2900.15218,1.41570
2898.11269,1.41283
2896.07320,1.40846
2894.03371,1.40198
2891.99422,1.39535
2889.95474,1.39199
2887.91525,1.39118
2885.87576,1.38801
2883.83627,1.38088
2881.79678,1.37334
2879.75729,1.36775
2877.71781,1.36319
2875.67832,1.35786
2873.63883,1.35097
2871.59934,1.34229
2869.55985,1.33294
2867.52037,1.32531
2865.48088,1.31935
2863.44139,1.31389
2861.40190,1.30870
2859.36241,1.30336
2857.32292,1.29671
2855.28344,1.28910
2853.24395,1.28250
2851.20446,1.27681
2849.16497,1.27085
2847.12548,1.26376
2845.08600,1.25496
2843.04651,1.24505
2841.00702,1.23536
2838.96753,1.22586
2836.92804,1.21598
2834.88855,1.20625
2832.84907,1.19851
2830.80958,1.19413
2828.77009,1.19048
2826.73060,1.18574
2824.69111,1.18077
2822.65163,1.17509
2820.61214,1.16903
2818.57265,1.16427
2816.53316,1.16125
2814.49367,1.15796
2812.45418,1.15252
2810.41470,1.14611
2808.37521,1.14080
2806.33572,1.13676
2804.29623,1.13308
2802.25674,1.12903
2800.21726,1.12475
2798.17777,1.12147
2796.13828,1.11894
2794.09879,1.11625
2792.05930,1.11375
2790.01982,1.11153
2787.98033,1.10926
2785.94084,1.10557
2783.90135,1.10115
2781.86186,1.09889
2779.82237,1.09828
2777.78289,1.09715
2775.74340,1.09451
2773.70391,1.09095
2771.66442,1.08858
2769.62493,1.08768
2767.58545,1.08679
2765.54596,1.08561
2763.50647,1.08423
2761.46698,1.08174
2759.42749,1.07808
2757.38800,1.07451
2755.34852,1.07231
2753.30903,1.07127
2751.26954,1.07030
2749.23005,1.06994
2747.19056,1.06989
2745.15108,1.06928
2743.11159,1.06814
2741.07210,1.06592
2739.03261,1.06307
2736.99312,1.06104
2734.95363,1.06023
2732.91415,1.05879
2730.87466,1.05568
2728.83517,1.05310
2726.79568,1.05287
2724.75619,1.05383
2722.71671,1.05270
2720.67722,1.04896
2718.63773,1.04544
2716.59824,1.04254
2714.55875,1.03979
2712.51926,1.03743
2710.47978,1.03499
2708.44029,1.03201
2706.40080,1.02893
2704.36131,1.02660
2702.32182,1.02454
2700.28234,1.02234
2698.24285,1.02052
2696.20336,1.01874
2694.16387,1.01599
2692.12438,1.01252
2690.08489,1.00942
2688.04541,1.00669
2686.00592,1.00425
2683.96643,1.00179
2681.92694,0.99888
2679.88745,0.99611
2677.84797,0.99369
2675.80848,0.99113
2673.76899,0.98860
2671.72950,0.98646
2669.69001,0.98393
2667.65052,0.98047
2665.61104,0.97698
2663.57155,0.97414
2661.53206,0.97099
2659.49257,0.96693
2657.45308,0.96295
2655.41360,0.95981
2653.37411,0.95712
2651.33462,0.95412
2649.29513,0.95074
2647.25564,0.94695
2645.21616,0.94316
2643.17667,0.94036
2641.13718,0.93757
2639.09769,0.93344
2637.05820,0.92887
2635.01871,0.92489
2632.97923,0.92159
2630.93974,0.91900
2628.90025,0.91609
2626.86076,0.91236
2624.82127,0.90888
2622.78179,0.90538
2620.74230,0.90149
2618.70281,0.89804
2616.66332,0.89513
2614.62383,0.89253
2612.58434,0.89018
2610.54486,0.88813
2608.50537,0.88660
2606.46588,0.88530
2604.42639,0.88375
2602.38690,0.88144
2600.34742,0.87865
2598.30793,0.87599
2596.26844,0.87277
2594.22895,0.86973
2592.18946,0.86839
2590.14997,0.86767
2588.11049,0.86560
2586.07100,0.86264
2584.03151,0.86060
2581.99202,0.85902
2579.95253,0.85627
2577.91305,0.85260
2575.87356,0.84963
2573.83407,0.84799
2571.79458,0.84669
2569.75509,0.84458
2567.71560,0.84188
2565.67612,0.83945
2563.63663,0.83761
2561.59714,0.83633
2559.55765,0.83479
2557.51816,0.83239
2555.47868,0.82960
2553.43919,0.82703
2551.39970,0.82467
2549.36021,0.82226
2547.32072,0.82019
2545.28123,0.81878
2543.24175,0.81732
2541.20226,0.81562
2539.16277,0.81400
2537.12328,0.81169
2535.08379,0.80883
2533.04431,0.80698
2531.00482,0.80529
2528.96533,0.80244
2526.92584,0.79979
2524.88635,0.79803
2522.84686,0.79595
2520.80738,0.79356
2518.76789,0.79173
2516.72840,0.79014
2514.68891,0.78841
2512.64942,0.78646
2510.60994,0.78376
2508.57045,0.78087
2506.53096,0.77898
2504.49147,0.77832
2502.45198,0.77762
2500.41250,0.77553
2498.37301,0.77241
2496.33352,0.76943
2494.29403,0.76711
2492.25454,0.76503
2490.21505,0.76256
2488.17557,0.75981
2486.13608,0.75740
2484.09659,0.75551
2482.05710,0.75360
2480.01761,0.75139
2477.97813,0.74901
2475.93864,0.74650
2473.89915,0.74409
2471.85966,0.74148
2469.82017,0.73851
2467.78068,0.73589
2465.74120,0.73356
2463.70171,0.73079
2461.66222,0.72792
2459.62273,0.72527
2457.58324,0.72272
2455.54376,0.72040
2453.50427,0.71790
2451.46478,0.71506
2449.42529,0.71206
2447.38580,0.70882
2445.34631,0.70566
2443.30683,0.70279
2441.26734,0.69984
2439.22785,0.69691
2437.18836,0.69462
2435.14887,0.69262
2433.10939,0.69021
2431.06990,0.68757
2429.03041,0.68464
2426.99092,0.68137
2424.95143,0.67832
2422.91194,0.67574
2420.87246,0.67341
2418.83297,0.67102
2416.79348,0.66848
2414.75399,0.66600
2412.71450,0.66381
2410.67502,0.66177
2408.63553,0.65927
2406.59604,0.65639
2404.55655,0.65409
2402.51706,0.65272
2400.47757,0.65132
2398.43809,0.64892
2396.39860,0.64623
2394.35911,0.64411
2392.31962,0.64271
2390.28013,0.64161
2388.24065,0.64046
2386.20116,0.63956
2384.16167,0.63907
2382.12218,0.63856
2380.08269,0.63778
2378.04320,0.63704
2376.00372,0.63650
2373.96423,0.63598
2371.92474,0.63563
2369.88525,0.63546
2367.84576,0.63469
2365.80628,0.63287
2363.76679,0.63108
2361.72730,0.63048
2359.68781,0.63012
2357.64832,0.62797
2355.60884,0.62416
2353.56935,0.62087
2351.52986,0.61958
2349.49037,0.61970
2347.45088,0.61952
2345.41139,0.61819
2343.37191,0.61640
2341.33242,0.61479
2339.29293,0.61300
2337.25344,0.61110
2335.21395,0.60932
2333.17447,0.60714
2331.13498,0.60442
2329.09549,0.60186
2327.05600,0.60003
2325.01651,0.59864
2322.97702,0.59695
2320.93754,0.59491
2318.89805,0.59324
2316.85856,0.59194
2314.81907,0.59034
2312.77958,0.58857
2310.74010,0.58718
2308.70061,0.58584
2306.66112,0.58407
2304.62163,0.58243
2302.58214,0.58146
2300.54265,0.58081
2298.50317,0.57987
2296.46368,0.57851
2294.42419,0.57712
2292.38470,0.57616
2290.34521,0.57550
2288.30573,0.57468
2286.26624,0.57359
2284.22675,0.57248
2282.18726,0.57147
2280.14777,0.57069
2278.10828,0.57043
2276.06880,0.57063
2274.02931,0.57060
2271.98982,0.57014
2269.95033,0.56975
2267.91084,0.56963
2265.87136,0.56964
2263.83187,0.56964
2261.79238,0.56953
2259.75289,0.56927
2257.71340,0.56900
2255.67391,0.56887
2253.63443,0.56876
2251.59494,0.56840
2249.55545,0.56791
2247.51596,0.56784
2245.47647,0.56793
2243.43699,0.56799
2241.39750,0.56789
2239.35801,0.56805
2237.31852,0.56840
2235.27903,0.56821
2233.23954,0.56781
2231.20006,0.56794
2229.16057,0.56837
2227.12108,0.56853
2225.08159,0.56846
2223.04210,0.56870
2221.00262,0.56903
2218.96313,0.56913
2216.92364,0.56943
2214.88415,0.57007
2212.84466,0.57077
2210.80518,0.57145
2208.76569,0.57202
2206.72620,0.57266
2204.68671,0.57326
2202.64722,0.57375
2200.60773,0.57448
2198.56825,0.57536
2196.52876,0.57626
2194.48927,0.57722
2192.44978,0.57815
2190.41029,0.57884
2188.37081,0.57918
2186.33132,0.57929
2184.29183,0.57951
2182.25234,0.58017
2180.21285,0.58119
2178.17336,0.58214
2176.13388,0.58302
2174.09439,0.58405
2172.05490,0.58502
2170.01541,0.58573
2167.97592,0.58625
2165.93644,0.58672
2163.89695,0.58747
2161.85746,0.58829
2159.81797,0.58869
2157.77848,0.58874
2155.73899,0.58890
2153.69951,0.58941
2151.66002,0.58990
2149.62053,0.58984
2147.58104,0.58959
2145.54155,0.58968
2143.50207,0.58987
2141.46258,0.58993
2139.42309,0.58993
2137.38360,0.58985
2135.34411,0.58968
2133.30462,0.58925
2131.26514,0.58856
2129.22565,0.58807
2127.18616,0.58793
2125.14667,0.58796
2123.10718,0.58780
2121.06770,0.58737
2119.02821,0.58712
2116.98872,0.58690
2114.94923,0.58620
2112.90974,0.58525
2110.87025,0.58438
2108.83077,0.58366
2106.79128,0.58324
2104.75179,0.58303
2102.71230,0.58271
2100.67281,0.58217
2098.63333,0.58142
2096.59384,0.58056
2094.55435,0.57983
2092.51486,0.57934
2090.47537,0.57891
2088.43588,0.57815
2086.39640,0.57714
2084.35691,0.57622
2082.31742,0.57544
2080.27793,0.57476
2078.23844,0.57413
2076.19896,0.57366
2074.15947,0.57354
2072.11998,0.57346
2070.08049,0.57315
2068.04100,0.57286
2066.00152,0.57269
2063.96203,0.57250
2061.92254,0.57222
2059.88305,0.57199
2057.84356,0.57182
2055.80407,0.57140
2053.76459,0.57092
2051.72510,0.57065
2049.68561,0.57024
2047.64612,0.56960
2045.60663,0.56875
2043.56715,0.56764
2041.52766,0.56678
2039.48817,0.56620
2037.44868,0.56524
2035.40919,0.56392
2033.36970,0.56261
2031.33022,0.56128
2029.29073,0.55977
2027.25124,0.55808
2025.21175,0.55649
2023.17226,0.55515
2021.13278,0.55377
2019.09329,0.55245
2017.05380,0.55141
2015.01431,0.55020
2012.97482,0.54861
2010.93533,0.54693
2008.89585,0.54544
2006.85636,0.54446
2004.81687,0.54400
2002.77738,0.54363
2000.73789,0.54305
1998.69841,0.54232
1996.65892,0.54173
1994.61943,0.54158
1992.57994,0.54157
1990.54045,0.54130
1988.50096,0.54083
1986.46148,0.54040
1984.42199,0.54041
1982.38250,0.54083
1980.34301,0.54120
1978.30352,0.54139
1976.26404,0.54130
1974.22455,0.54109
1972.18506,0.54118
1970.14557,0.54160
1968.10608,0.54173
1966.06659,0.54112
1964.02711,0.54059
1961.98762,0.54078
1959.94813,0.54104
1957.90864,0.54085
1955.86915,0.54046
1953.82967,0.54029
1951.79018,0.54044
1949.75069,0.54075
1947.71120,0.54104
1945.67171,0.54128
1943.63222,0.54129
1941.59274,0.54071
1939.55325,0.53992
1937.51376,0.53938
1935.47427,0.53895
1933.43478,0.53869
1931.39530,0.53875
1929.35581,0.53902
1927.31632,0.53973
1925.27683,0.54095
1923.23734,0.54157
1921.19786,0.54147
1919.15837,0.54180
1917.11888,0.54205
1915.07939,0.54169
1913.03990,0.54167
1911.00041,0.54206
1908.96093,0.54206
1906.92144,0.54175
1904.88195,0.54169
1902.84246,0.54172
1900.80297,0.54179
1898.76349,0.54246
1896.72400,0.54357
1894.68451,0.54415
1892.64502,0.54447
1890.60553,0.54505
1888.56604,0.54525
1886.52656,0.54527
1884.48707,0.54565
1882.44758,0.54609
1880.40809,0.54647
1878.36860,0.54694
1876.32912,0.54749
1874.28963,0.54859
1872.25014,0.55090
1870.21065,0.55361
1868.17116,0.55450
1866.13167,0.55343
1864.09219,0.55271
1862.05270,0.55316
1860.01321,0.55396
1857.97372,0.55476
1855.93423,0.55586
1853.89475,0.55720
1851.85526,0.55846
1849.81577,0.56004
1847.77628,0.56270
1845.73679,0.56580
1843.69730,0.56716
1841.65782,0.56683
1839.61833,0.56710
1837.57884,0.56842
1835.53935,0.57012
1833.49986,0.57253
1831.46038,0.57567
1829.42089,0.57823
1827.38140,0.57982
1825.34191,0.58096
1823.30242,0.58184
1821.26293,0.58341
1819.22345,0.58615
1817.18396,0.58932
1815.14447,0.59250
1813.10498,0.59588
1811.06549,0.59937
1809.02601,0.60253
1806.98652,0.60577
1804.94703,0.61024
1802.90754,0.61636
1800.86805,0.62293
1798.82856,0.62886
1796.78908,0.63543
1794.74959,0.64436
1792.71010,0.65460
1790.67061,0.66334
1788.63112,0.67074
1786.59164,0.67914
1784.55215,0.68940
1782.51266,0.70102
1780.47317,0.71314
1778.43368,0.72552
1776.39420,0.73938
1774.35471,0.75653
1772.31522,0.77705
1770.27573,0.79872
1768.23624,0.82113
1766.19675,0.84557
1764.15727,0.87324
1762.11778,0.90594
1760.07829,0.94158
1758.03880,0.97684
1755.99931,1.01082
1753.95983,1.04153
1751.92034,1.07032
1749.88085,1.09850
1747.84136,1.12247
1745.80187,1.14147
1743.76238,1.15820
1741.72290,1.17335
1739.68341,1.18651
1737.64392,1.19790
1735.60443,1.20723
1733.56494,1.21156
1731.52546,1.21003
1729.48597,1.20659
1727.44648,1.20286
1725.40699,1.19819
1723.36750,1.19207
1721.32801,1.18628
1719.28853,1.17947
1717.24904,1.16537
1715.20955,1.14630
1713.17006,1.13120
1711.13057,1.12086
1709.09109,1.11253
1707.05160,1.10541
1705.01211,1.09998
1702.97262,1.09782
1700.93313,1.10038
1698.89364,1.10732
1696.85416,1.11718
1694.81467,1.12905
1692.77518,1.14246
1690.73569,1.15879
1688.69620,1.17819
1686.65672,1.19906
1684.61723,1.22100
1682.57774,1.24117
1680.53825,1.25829
1678.49876,1.27557
1676.45927,1.29393
1674.41979,1.31193
1672.38030,1.32891
1670.34081,1.34614
1668.30132,1.36286
1666.26183,1.37778
1664.22235,1.39306
1662.18286,1.40753
1660.14337,1.41769
1658.10388,1.42451
1656.06439,1.42981
1654.02490,1.43378
1651.98542,1.43702
1649.94593,1.44168
1647.90644,1.44937
1645.86695,1.45903
1643.82746,1.46783
1641.78798,1.47551
1639.74849,1.48320
1637.70900,1.48985
1635.66951,1.49228
1633.63002,1.49205
1631.59054,1.49344
1629.55105,1.49539
1627.51156,1.49619
1625.47207,1.49780
1623.43258,1.50045
1621.39309,1.50066
1619.35361,1.50046
1617.31412,1.50367
1615.27463,1.50792
1613.23514,1.50995
1611.19565,1.51009
1609.15617,1.50989
1607.11668,1.51060
1605.07719,1.51077
1603.03770,1.50814
1600.99821,1.50387
1598.95872,1.50059
1596.91924,1.49911
1594.87975,1.49830
1592.84026,1.49629
1590.80077,1.49109
1588.76128,1.48256
1586.72180,1.47389
1584.68231,1.46770
1582.64282,1.46371
1580.60333,1.46089
1578.56384,1.45840
1576.52435,1.45402
1574.48487,1.44669
1572.44538,1.43790
1570.40589,1.42753
1568.36640,1.41780
1566.32691,1.41195
1564.28743,1.40739
1562.24794,1.39998
1560.20845,1.38812
1558.16896,1.37612
1556.12947,1.36876
1554.08998,1.36069
1552.05050,1.35121
1550.01101,1.34353
1547.97152,1.33809
1545.93203,1.33286
1543.89254,1.32516
1541.85306,1.31532
1539.81357,1.30632
1537.77408,1.29956
1535.73459,1.29204
1533.69510,1.28149
1531.65561,1.27213
1529.61613,1.26718
1527.57664,1.26315
1525.53715,1.25847
1523.49766,1.25567
1521.45817,1.25354
1519.41869,1.24816
1517.37920,1.24155
1515.33971,1.23791
1513.30022,1.23721
1511.26073,1.23669
1509.22124,1.23409
1507.18176,1.22805
1505.14227,1.22082
1503.10278,1.21786
1501.06329,1.21908
1499.02380,1.22215
1496.98432,1.22767
1494.94483,1.23655
1492.90534,1.24667
1490.86585,1.25751
1488.82636,1.27080
1486.78688,1.28575
1484.74739,1.30027
1482.70790,1.31621
1480.66841,1.33674
1478.62892,1.36031
1476.58943,1.38456
1474.54995,1.41144
1472.51046,1.44146
1470.47097,1.46828
1468.43148,1.48872
1466.39199,1.50671
1464.35251,1.52482
1462.31302,1.54151
1460.27353,1.55537
1458.23404,1.56662
1456.19455,1.57467
1454.15506,1.57983
1452.11558,1.58294
1450.07609,1.58517
1448.03660,1.58907
1445.99711,1.59433
1443.95762,1.59697
1441.91814,1.59626
1439.87865,1.59637
1437.83916,1.60097
1435.79967,1.60987
1433.76018,1.61750
1431.72069,1.62010
1429.68121,1.62035
1427.64172,1.62068
1425.60223,1.62197
1423.56274,1.62732
1421.52325,1.63547
1419.48377,1.63937
1417.44428,1.63719
1415.40479,1.63355
1413.36530,1.63055
1411.32581,1.62844
1409.28632,1.62942
1407.24684,1.63272
1405.20735,1.63323
1403.16786,1.63098
1401.12837,1.62949
1399.08888,1.62903
1397.04940,1.62868
1395.00991,1.62714
1392.97042,1.62431
1390.93093,1.62128
1388.89144,1.61790
1386.85195,1.61552
1384.81247,1.61793
1382.77298,1.62408
1380.73349,1.62962
1378.69400,1.63432
1376.65451,1.63694
1374.61503,1.63351
1372.57554,1.62731
1370.53605,1.62498
1368.49656,1.62465
1366.45707,1.62185
1364.41758,1.61662
1362.37810,1.61045
1360.33861,1.60373
1358.29912,1.59468
1356.25963,1.58297
1354.22014,1.57479
1352.18066,1.57472
1350.14117,1.57903
1348.10168,1.58292
1346.06219,1.58400
1344.02270,1.58184
1341.98322,1.57983
1339.94373,1.57951
1337.90424,1.57616
1335.86475,1.56828
1333.82526,1.56029
1331.78577,1.55335
1329.74629,1.54690
1327.70680,1.54297
1325.66731,1.54272
1323.62782,1.54484
1321.58833,1.54752
1319.54885,1.54794
1317.50936,1.54440
1315.46987,1.53903
1313.43038,1.53384
1311.39089,1.52935
1309.35140,1.52522
1307.31192,1.52026
1305.27243,1.51444
1303.23294,1.50885
1301.19345,1.50555
1299.15396,1.50510
1297.11448,1.50428
1295.07499,1.50174
1293.03550,1.50009
1290.99601,1.50078
1288.95652,1.50206
1286.91703,1.50313
1284.87755,1.50772
1282.83806,1.51640
1280.79857,1.52440
1278.75908,1.52857
1276.71959,1.52893
1274.68011,1.52813
1272.64062,1.52819
1270.60113,1.52986
1268.56164,1.53496
1266.52215,1.54373
1264.48266,1.55384
1262.44318,1.56354
1260.40369,1.56952
1258.36420,1.56829
1256.32471,1.56509
1254.28522,1.56563
1252.24574,1.56893
1250.20625,1.57284
1248.16676,1.57348
1246.12727,1.56962
1244.08778,1.56706
1242.04829,1.56771
1240.00881,1.56671
1237.96932,1.56310
1235.92983,1.55852
1233.89034,1.55287
1231.85085,1.54567
1229.81137,1.53666
1227.77188,1.52951
1225.73239,1.52400
1223.69290,1.51503
1221.65341,1.50355
1219.61392,1.49412
1217.57444,1.48858
1215.53495,1.48542
1213.49546,1.48342
1211.45597,1.48227
1209.41648,1.48363
1207.37700,1.48876
1205.33751,1.49476
1203.29802,1.49944
1201.25853,1.50159
1199.21904,1.50057
1197.17956,1.49714
1195.14007,1.49459
1193.10058,1.49633
1191.06109,1.49984
1189.02160,1.50389
1186.98211,1.51238
1184.94263,1.52617
1182.90314,1.54408
1180.86365,1.56724
1178.82416,1.59797
1176.78467,1.63396
1174.74519,1.66472
1172.70570,1.69057
1170.66621,1.72508
1168.62672,1.76393
1166.58723,1.78744
1164.54774,1.79306
1162.50826,1.79969
1160.46877,1.81565
1158.42928,1.82852
1156.38979,1.82982
1154.35030,1.82338
1152.31082,1.81688
1150.27133,1.81683
1148.23184,1.81881
1146.19235,1.81761
1144.15286,1.82182
1142.11337,1.82903
1140.07389,1.82550
1138.03440,1.81342
1135.99491,1.80957
1133.95542,1.82000
1131.91593,1.82752
1129.87645,1.82230
1127.83696,1.81863
1125.79747,1.82666
1123.75798,1.83647
1121.71849,1.83819
1119.67900,1.83951
1117.63952,1.84324
1115.60003,1.84508
1113.56054,1.84727
1111.52105,1.84973
1109.48156,1.85181
1107.44208,1.85139
1105.40259,1.84381
1103.36310,1.84018
1101.32361,1.84762
1099.28412,1.85329
1097.24463,1.85182
1095.20515,1.85375
1093.16566,1.86640
1091.12617,1.87575
1089.08668,1.86724
1087.04719,1.85416
1085.00771,1.84748
1082.96822,1.84074
1080.92873,1.83897
1078.88924,1.84309
1076.84975,1.84046
1074.81027,1.82860
1072.77078,1.81139
1070.73129,1.79954
1068.69180,1.79914
1066.65231,1.79474
1064.61282,1.77567
1062.57334,1.75435
1060.53385,1.74656
1058.49436,1.75090
1056.45487,1.75188
1054.41538,1.74107
1052.37590,1.72633
1050.33641,1.71565
1048.29692,1.71000
1046.25743,1.70676
1044.21794,1.70161
1042.17845,1.69154
1040.13897,1.67846
1038.09948,1.66913
1036.05999,1.66834
1034.02050,1.67043
1031.98101,1.66520
1029.94153,1.65086
1027.90204,1.64024
1025.86255,1.64152
1023.82306,1.64618
1021.78357,1.64249
1019.74408,1.63033
1017.70460,1.61936
1015.66511,1.61178
1013.62562,1.60498
1011.58613,1.59949
1009.54664,1.59190
1007.50716,1.58281
1005.46767,1.57328
1003.42818,1.56123
1001.38869,1.55238
999.34920,1.54964
997.30971,1.54658
995.27023,1.53826
993.23074,1.52377
991.19125,1.50635
989.15176,1.48966
987.11227,1.46873
985.07279,1.43843
983.03330,1.40511
980.99381,1.37478
978.95432,1.34830
976.91483,1.32583
974.87534,1.30323
972.83586,1.27804
970.79637,1.25532
968.75688,1.23823
966.71739,1.22519
964.67790,1.21407
962.63842,1.20501
960.59893,1.19954
958.55944,1.19891
956.51995,1.20343
954.48046,1.20974
952.44097,1.21459
950.40149,1.22085
948.36200,1.23081
946.32251,1.24118
944.28302,1.25125
942.24353,1.26231
940.20405,1.27206
938.16456,1.27957
936.12507,1.28721
934.08558,1.29484
932.04609,1.30027
930.00661,1.30448
927.96712,1.30916
925.92763,1.31293
923.88814,1.31294
921.84865,1.30646
919.80916,1.29304
917.76968,1.27686
915.73019,1.26113
913.69070,1.24639
911.65121,1.23420
909.61172,1.22500
907.57224,1.21602
905.53275,1.20757
903.49326,1.20367
901.45377,1.20115
899.41428,1.19586
897.37479,1.19121
895.33531,1.19011
893.29582,1.18978
891.25633,1.18547
889.21684,1.18034
887.17735,1.18029
885.13787,1.18338
883.09838,1.18741
881.05889,1.19384
879.01940,1.20305
876.97991,1.21436
874.94042,1.22614
872.90094,1.23860
870.86145,1.25328
868.82196,1.26650
866.78247,1.27386
864.74298,1.27423
862.70350,1.26770
860.66401,1.25787
858.62452,1.25018
856.58503,1.24454
854.54554,1.23990
852.50605,1.23943
850.46657,1.24161
848.42708,1.24229
846.38759,1.24194
844.34810,1.24258
842.30861,1.24413
840.26913,1.24582
838.22964,1.24994
836.19015,1.25743
834.15066,1.26232
832.11117,1.25821
830.07168,1.25182
828.03220,1.25372
825.99271,1.25941
823.95322,1.26162
821.91373,1.26560
819.87424,1.27258
817.83476,1.27570
815.79527,1.27729
813.75578,1.28084
811.71629,1.28290
809.67680,1.28191
807.63731,1.27946
805.59783,1.27863
803.55834,1.28034
801.51885,1.28345
799.47936,1.28798
797.43987,1.29442
795.40039,1.30145
793.36090,1.30874
791.32141,1.31842
789.28192,1.33002
787.24243,1.34246
785.20295,1.35408
783.16346,1.36403
781.12397,1.37597
779.08448,1.38823
777.04499,1.39032
775.00550,1.38414
772.96602,1.38674
770.92653,1.39684
768.88704,1.40011
766.84755,1.39909
764.80806,1.39743
762.76858,1.38934
760.72909,1.37877
758.68960,1.37778
756.65011,1.38453
754.61062,1.38625
752.57113,1.38443
750.53165,1.38842
748.49216,1.39546
746.45267,1.39955
744.41318,1.40322
742.37369,1.40694
740.33421,1.40531
738.29472,1.40592
736.25523,1.41599
734.21574,1.42908
732.17625,1.44019
730.13676,1.44690
728.09728,1.44843
726.05779,1.44855
724.01830,1.45310
721.97881,1.47027
719.93932,1.49576
717.89984,1.51338
715.86035,1.51833
713.82086,1.52052
711.78137,1.52371
709.74188,1.52517
707.70239,1.52705
705.66291,1.52946
703.62342,1.52693
701.58393,1.51985
699.54444,1.51286
697.50495,1.50892
695.46547,1.50714
693.42598,1.50592
691.38649,1.50558
689.34700,1.50389
687.30751,1.50046
685.26802,1.50040
683.22854,1.50492
681.18905,1.50765
679.14956,1.50894
677.11007,1.51700
675.07058,1.52812
673.03110,1.53607
670.99161,1.54157
668.95212,1.54055
666.91263,1.53682
664.87314,1.54346
662.83365,1.55108
660.79417,1.54574
658.75468,1.53818
656.71519,1.54682
654.67570,1.56572
652.63621,1.57409
650.59673,1.56754
648.55724,1.55418
646.51775,1.53847
644.47826,1.52913
642.43877,1.53301
640.39929,1.54363
638.35980,1.56025
636.32031,1.58433
634.28082,1.59919
632.24133,1.58696
630.20184,1.55695
628.16236,1.54041
626.12287,1.55589
624.08338,1.56206
622.04389,1.54343
620.00440,1.55432
617.96492,1.58616
615.92543,1.58785
613.88594,1.57512
611.84645,1.57845
609.80696,1.59751
607.76747,1.60616
605.72799,1.58959
603.68850,1.57308
601.64901,1.57690
599.60952,1.56822
597.57003,1.53369
595.53055,1.51693
593.49106,1.52650
591.45157,1.54519
589.41208,1.56500
587.37259,1.56842
585.33310,1.56962
583.29362,1.61647
581.25413,1.71494
579.21464,1.75274
577.17515,1.67837
575.13566,1.58806
573.09618,1.55363
571.05669,1.55678
569.01720,1.57507
566.97771,1.61095
564.93822,1.63626
562.89873,1.60792
560.85925,1.56682
558.81976,1.55585
556.78027,1.57215
554.74078,1.56362
552.70129,1.53588
550.66181,1.53484
548.62232,1.53015
546.58283,1.48176
544.54334,1.46329
542.50385,1.51869
540.46436,1.61768
538.42488,1.66685
536.38539,1.61759
534.34590,1.54321
532.30641,1.52226
530.26692,1.54648
528.22744,1.60041
526.18795,1.62782
524.14846,1.56331
522.10897,1.52173
520.06948,1.52988
518.02999,1.56068
515.99051,1.49862
513.95102,1.43707
511.91153,1.52455
509.87204,1.52251
507.83255,1.65202
505.79307,1.68480
503.75358,1.78333
501.71409,1.38120
499.67460,1.30967
