3997.39681,0.35115
3995.35732,0.35048
3993.31783,0.34947
3991.27835,0.34838
3989.23886,0.34747
3987.19937,0.34670
3985.15988,0.34611
3983.12039,0.34564
3981.08091,0.34496
3979.04142,0.34416
3977.00193,0.34357
3974.96244,0.34275
3972.92295,0.34136
3970.88346,0.33990
3968.84398,0.33868
3966.80449,0.33743
3964.76500,0.33624
3962.72551,0.33544
3960.68602,0.33486
3958.64654,0.33416
3956.60705,0.33319
3954.56756,0.33209
3952.52807,0.33110
3950.48858,0.32999
3948.44909,0.32845
3946.40961,0.32686
3944.37012,0.32557
3942.33063,0.32401
3940.29114,0.32244
3938.25165,0.32168
3936.21217,0.32146
3934.17268,0.32080
3932.13319,0.31879
3930.09370,0.31641
3928.05421,0.31547
3926.01473,0.31537
3923.97524,0.31426
3921.93575,0.31240
3919.89626,0.31080
3917.85677,0.30883
3915.81728,0.30612
3913.77780,0.30391
3911.73831,0.30289
3909.69882,0.30230
3907.65933,0.30188
3905.61984,0.30149
3903.58036,0.29980
3901.54087,0.29677
3899.50138,0.29378
3897.46189,0.29168
3895.42240,0.29132
3893.38291,0.29192
3891.34343,0.29097
3889.30394,0.28886
3887.26445,0.28823
3885.22496,0.28813
3883.18547,0.28740
3881.14599,0.28658
3879.10650,0.28479
3877.06701,0.28337
3875.02752,0.28346
3872.98803,0.28348
3870.94854,0.28270
3868.90906,0.28118
3866.86957,0.28048
3864.83008,0.28076
3862.79059,0.28010
3860.75110,0.27907
3858.71162,0.27902
3856.67213,0.28022
3854.63264,0.28086
3852.59315,0.27825
3850.55366,0.27576
3848.51417,0.27647
3846.47469,0.27826
3844.43520,0.27919
3842.39571,0.27910
3840.35622,0.27841
3838.31673,0.27739
3836.27725,0.27631
3834.23776,0.27588
3832.19827,0.27599
3830.15878,0.27631
3828.11929,0.27704
3826.07980,0.27774
3824.04032,0.27857
3822.00083,0.27906
3819.96134,0.27761
3817.92185,0.27642
3815.88236,0.27637
3813.84288,0.27614
3811.80339,0.27698
3809.76390,0.27881
3807.72441,0.27971
3805.68492,0.27918
3803.64543,0.27954
3801.60595,0.28043
3799.56646,0.28006
3797.52697,0.28015
3795.48748,0.28077
3793.44799,0.28149
3791.40851,0.28281
3789.36902,0.28440
3787.32953,0.28603
3785.29004,0.28736
3783.25055,0.28823
3781.21107,0.28937
3779.17158,0.29036
3777.13209,0.29065
3775.09260,0.29148
3773.05311,0.29325
3771.01362,0.29472
3768.97414,0.29516
3766.93465,0.29579
3764.89516,0.29710
3762.85567,0.29896
3760.81618,0.30118
3758.77670,0.30228
3756.73721,0.30253
3754.69772,0.30385
3752.65823,0.30584
3750.61874,0.30655
3748.57925,0.30667
3746.53977,0.30890
3744.50028,0.31146
3742.46079,0.31235
3740.42130,0.31438
3738.38181,0.31798
3736.34233,0.32084
3734.30284,0.32215
3732.26335,0.32327
3730.22386,0.32573
3728.18437,0.32969
3726.14488,0.33337
3724.10540,0.33563
3722.06591,0.33780
3720.02642,0.34054
3717.98693,0.34352
3715.94744,0.34725
3713.90796,0.35233
3711.86847,0.35702
3709.82898,0.35966
3707.78949,0.36248
3705.75000,0.36737
3703.71051,0.37353
3701.67103,0.37957
3699.63154,0.38557
3697.59205,0.39241
3695.55256,0.39958
3693.51307,0.40665
3691.47359,0.41408
3689.43410,0.42131
3687.39461,0.42806
3685.35512,0.43640
3683.31563,0.44715
3681.27614,0.45890
3679.23666,0.47110
3677.19717,0.48469
3675.15768,0.49874
3673.11819,0.51240
3671.07870,0.52779
3669.03922,0.54360
3666.99973,0.55818
3664.96024,0.57341
3662.92075,0.58966
3660.88126,0.60638
3658.84177,0.62399
3656.80229,0.64211
3654.76280,0.65908
3652.72331,0.67631
3650.68382,0.69666
3648.64433,0.71858
3646.60485,0.73827
3644.56536,0.75568
3642.52587,0.77361
3640.48638,0.79249
3638.44689,0.81097
3636.40741,0.82922
3634.36792,0.84761
3632.32843,0.86606
3630.28894,0.88631
3628.24945,0.90723
3626.20996,0.92478
3624.17048,0.94082
3622.13099,0.95912
3620.09150,0.97991
3618.05201,1.00031
3616.01252,1.01948
3613.97304,1.03868
3611.93355,1.05799
3609.89406,1.07677
3607.85457,1.09269
3605.81508,1.10634
3603.77559,1.12342
3601.73611,1.14469
3599.69662,1.16471
3597.65713,1.18159
3595.61764,1.19835
3593.57815,1.21633
3591.53867,1.23295
3589.49918,1.24952
3587.45969,1.27135
3585.42020,1.29502
3583.38071,1.31240
3581.34122,1.32280
3579.30174,1.33170
3577.26225,1.34470
3575.22276,1.36145
3573.18327,1.37762
3571.14378,1.39340
3569.10430,1.41173
3567.06481,1.42989
3565.02532,1.44197
3562.98583,1.45044
3560.94634,1.46163
3558.90685,1.47415
3556.86737,1.48375
3554.82788,1.49089
3552.78839,1.49791
3550.74890,1.50779
3548.70941,1.52328
3546.66993,1.54202
3544.63044,1.55781
3542.59095,1.56730
3540.55146,1.57455
3538.51197,1.58393
3536.47248,1.59417
3534.43300,1.60497
3532.39351,1.61529
3530.35402,1.62083
3528.31453,1.62382
3526.27504,1.62958
3524.23556,1.63456
3522.19607,1.63632
3520.15658,1.64021
3518.11709,1.64834
3516.07760,1.65944
3514.03811,1.66984
3511.99863,1.67711
3509.95914,1.68727
3507.91965,1.70006
3505.88016,1.70634
3503.84067,1.70459
3501.80119,1.69921
3499.76170,1.69704
3497.72221,1.70210
3495.68272,1.70906
3493.64323,1.71181
3491.60375,1.71493
3489.56426,1.72618
3487.52477,1.74280
3485.48528,1.75187
3483.44579,1.74699
3481.40630,1.73983
3479.36682,1.74203
3477.32733,1.74894
3475.28784,1.75306
3473.24835,1.75737
3471.20886,1.76289
3469.16938,1.76491
3467.12989,1.76164
3465.09040,1.75966
3463.05091,1.76971
3461.01142,1.78544
3458.97193,1.78735
3456.93245,1.78099
3454.89296,1.78435
3452.85347,1.78938
3450.81398,1.78300
3448.77449,1.77491
3446.73501,1.77476
3444.69552,1.77798
3442.65603,1.77661
3440.61654,1.77244
3438.57705,1.77490
3436.53756,1.78184
3434.49808,1.78104
3432.45859,1.77469
3430.41910,1.77179
3428.37961,1.77308
3426.34012,1.77793
3424.30064,1.78259
3422.26115,1.78406
3420.22166,1.78180
3418.18217,1.77545
3416.14268,1.77489
3414.10319,1.78171
3412.06371,1.78602
3410.02422,1.78820
3407.98473,1.78447
3405.94524,1.77690
3403.90575,1.77883
3401.86627,1.78384
3399.82678,1.77859
3397.78729,1.77502
3395.74780,1.78046
3393.70831,1.78108
3391.66882,1.77307
3389.62934,1.76280
3387.58985,1.75696
3385.55036,1.76105
3383.51087,1.76678
3381.47138,1.76291
3379.43190,1.75753
3377.39241,1.75873
3375.35292,1.75904
3373.31343,1.75892
3371.27394,1.76238
3369.23446,1.75885
3367.19497,1.75064
3365.15548,1.75428
3363.11599,1.76909
3361.07650,1.77785
3359.03701,1.77114
3356.99753,1.76160
3354.95804,1.75761
3352.91855,1.75298
3350.87906,1.75039
3348.83957,1.75166
3346.80009,1.75146
3344.76060,1.75515
3342.72111,1.75894
3340.68162,1.75149
3338.64213,1.73768
3336.60264,1.72752
3334.56316,1.72406
3332.52367,1.72606
3330.48418,1.72960
3328.44469,1.73312
3326.40520,1.73976
3324.36572,1.74902
3322.32623,1.74899
3320.28674,1.73558
3318.24725,1.72568
3316.20776,1.73281
3314.16827,1.74338
3312.12879,1.73868
3310.08930,1.72960
3308.04981,1.72923
3306.01032,1.73015
3303.97083,1.72847
3301.93135,1.72721
3299.89186,1.72642
3297.85237,1.72664
3295.81288,1.72664
3293.77339,1.72355
3291.73390,1.72133
3289.69442,1.72164
3287.65493,1.71884
3285.61544,1.71202
3283.57595,1.70510
3281.53646,1.69867
3279.49698,1.69261
3277.45749,1.69067
3275.41800,1.69106
3273.37851,1.68729
3271.33902,1.68173
3269.29953,1.67922
3267.26005,1.67891
3265.22056,1.67938
3263.18107,1.68160
3261.14158,1.68512
3259.10209,1.68575
3257.06261,1.68052
3255.02312,1.67166
3252.98363,1.66253
3250.94414,1.65764
3248.90465,1.65947
3246.86516,1.66224
3244.82568,1.66027
3242.78619,1.65527
3240.74670,1.65213
3238.70721,1.65148
3236.66772,1.65004
3234.62824,1.64409
3232.58875,1.63153
3230.54926,1.62228
3228.50977,1.62755
3226.47028,1.63503
3224.43080,1.63122
3222.39131,1.62409
3220.35182,1.62211
3218.31233,1.62375
3216.27284,1.62138
3214.23335,1.61250
3212.19387,1.60559
3210.15438,1.60725
3208.11489,1.61533
3206.07540,1.62006
3204.03591,1.61387
3201.99643,1.60241
3199.95694,1.59416
3197.91745,1.59011
3195.87796,1.58767
3193.83847,1.58330
3191.79898,1.57678
3189.75950,1.57347
3187.72001,1.57315
3185.68052,1.57048
3183.64103,1.56677
3181.60154,1.56390
3179.56206,1.56027
3177.52257,1.55781
3175.48308,1.55785
3173.44359,1.55737
3171.40410,1.55332
3169.36461,1.54637
3167.32513,1.53849
3165.28564,1.53231
3163.24615,1.53067
3161.20666,1.52911
3159.16717,1.52251
3157.12769,1.51563
3155.08820,1.51233
3153.04871,1.50914
3151.00922,1.50474
3148.96973,1.50147
3146.93024,1.49653
3144.89076,1.48740
3142.85127,1.47991
3140.81178,1.47784
3138.77229,1.47554
3136.73280,1.46860
3134.69332,1.46107
3132.65383,1.45662
3130.61434,1.45454
3128.57485,1.45293
3126.53536,1.44828
3124.49587,1.43944
3122.45639,1.43148
3120.41690,1.42776
3118.37741,1.42505
3116.33792,1.42067
3114.29843,1.41468
3112.25895,1.40704
3110.21946,1.39976
3108.17997,1.39531
3106.14048,1.39234
3104.10099,1.38910
3102.06150,1.38498
3100.02202,1.38133
3097.98253,1.37997
3095.94304,1.37693
3093.90355,1.36864
3091.86406,1.35859
3089.82458,1.35032
3087.78509,1.34320
3085.74560,1.33758
3083.70611,1.33530
3081.66662,1.33507
3079.62714,1.33307
3077.58765,1.32731
3075.54816,1.31993
3073.50867,1.31359
3071.46918,1.30836
3069.42969,1.30336
3067.39021,1.29867
3065.35072,1.29356
3063.31123,1.28714
3061.27174,1.28158
3059.23225,1.27684
3057.19277,1.27067
3055.15328,1.26442
3053.11379,1.25942
3051.07430,1.25438
3049.03481,1.24881
3046.99532,1.24324
3044.95584,1.23758
3042.91635,1.23193
3040.87686,1.22703
3038.83737,1.22318
3036.79788,1.21987
3034.75840,1.21535
3032.71891,1.20867
3030.67942,1.20247
3028.63993,1.19881
3026.60044,1.19541
3024.56095,1.19101
3022.52147,1.18733
3020.48198,1.18405
3018.44249,1.17988
3016.40300,1.17687
3014.36351,1.17763
3012.32403,1.17981
3010.28454,1.17916
3008.24505,1.17754
3006.20556,1.17816
3004.16607,1.17916
3002.12658,1.18044
3000.08710,1.18361
2998.04761,1.18710
2996.00812,1.19087
2993.96863,1.19691
2991.92914,1.20451
2989.88966,1.21293
2987.85017,1.22163
2985.81068,1.23067
2983.77119,1.24102
2981.73170,1.25125
2979.69221,1.26028
2977.65273,1.26915
2975.61324,1.27976
2973.57375,1.29318
2971.53426,1.30620
2969.49477,1.31611
2967.45529,1.32427
2965.41580,1.33237
2963.37631,1.34029
2961.33682,1.34799
2959.29733,1.35839
2957.25784,1.37254
2955.21836,1.38788
2953.17887,1.40277
2951.13938,1.41655
2949.09989,1.42971
2947.06040,1.43996
2945.02092,1.44739
2942.98143,1.45805
2940.94194,1.47056
2938.90245,1.48047
2936.86296,1.48822
2934.82348,1.49349
2932.78399,1.49407
2930.74450,1.49017
2928.70501,1.48782
2926.66552,1.48752
2924.62603,1.48094
2922.58655,1.46855
2920.54706,1.45977
2918.50757,1.45411
2916.46808,1.44625
2914.42859,1.43915
2912.38911,1.43412
2910.34962,1.42774
2908.31013,1.42258
2906.27064,1.42299
2904.23115,1.42480
2902.19166,1.42228
2900.15218,1.41738
2898.11269,1.41228
2896.07320,1.40646
2894.03371,1.40119
2891.99422,1.39744
2889.95474,1.39348
2887.91525,1.38629
2885.87576,1.37504
2883.83627,1.36366
2881.79678,1.35565
2879.75729,1.34774
2877.71781,1.33744
2875.67832,1.32810
2873.63883,1.32028
2871.59934,1.31093
2869.55985,1.29927
2867.52037,1.28767
2865.48088,1.27851
2863.44139,1.27081
2861.40190,1.26274
2859.36241,1.25465
2857.32292,1.24725
2855.28344,1.23995
2853.24395,1.23160
2851.20446,1.22201
2849.16497,1.21106
2847.12548,1.19897
2845.08600,1.18832
2843.04651,1.18059
2841.00702,1.17310
2838.96753,1.16401
2836.92804,1.15535
2834.88855,1.14864
2832.84907,1.14254
2830.80958,1.13472
2828.77009,1.12531
2826.73060,1.11732
2824.69111,1.11130
2822.65163,1.10462
2820.61214,1.09667
2818.57265,1.08957
2816.53316,1.08430
2814.49367,1.07983
2812.45418,1.07512
2810.41470,1.06939
2808.37521,1.06361
2806.33572,1.05905
2804.29623,1.05404
2802.25674,1.04804
2800.21726,1.04388
2798.17777,1.04142
2796.13828,1.03841
2794.09879,1.03547
2792.05930,1.03226
2790.01982,1.02829
2787.98033,1.02448
2785.94084,1.02100
2783.90135,1.01837
2781.86186,1.01659
2779.82237,1.01438
2777.78289,1.01154
2775.74340,1.00976
2773.70391,1.00914
2771.66442,1.00784
2769.62493,1.00542
2767.58545,1.00289
2765.54596,1.00114
2763.50647,1.00036
2761.46698,1.00020
2759.42749,0.99982
2757.38800,0.99824
2755.34852,0.99542
2753.30903,0.99243
2751.26954,0.99054
2749.23005,0.98961
2747.19056,0.98803
2745.15108,0.98581
2743.11159,0.98426
2741.07210,0.98276
2739.03261,0.98006
2736.99312,0.97713
2734.95363,0.97571
2732.91415,0.97478
2730.87466,0.97213
2728.83517,0.96861
2726.79568,0.96637
2724.75619,0.96480
2722.71671,0.96305
2720.67722,0.96089
2718.63773,0.95720
2716.59824,0.95251
2714.55875,0.94914
2712.51926,0.94742
2710.47978,0.94446
2708.44029,0.94013
2706.40080,0.93682
2704.36131,0.93392
2702.32182,0.93050
2700.28234,0.92737
2698.24285,0.92458
2696.20336,0.92128
2694.16387,0.91765
2692.12438,0.91470
2690.08489,0.91270
2688.04541,0.91095
2686.00592,0.90867
2683.96643,0.90567
2681.92694,0.90211
2679.88745,0.89842
2677.84797,0.89469
2675.80848,0.89117
2673.76899,0.88836
2671.72950,0.88552
2669.69001,0.88195
2667.65052,0.87861
2665.61104,0.87600
2663.57155,0.87286
2661.53206,0.86836
2659.49257,0.86337
2657.45308,0.85904
2655.41360,0.85570
2653.37411,0.85265
2651.33462,0.84849
2649.29513,0.84343
2647.25564,0.83889
2645.21616,0.83460
2643.17667,0.83015
2641.13718,0.82649
2639.09769,0.82321
2637.05820,0.81908
2635.01871,0.81470
2632.97923,0.81096
2630.93974,0.80754
2628.90025,0.80369
2626.86076,0.79916
2624.82127,0.79432
2622.78179,0.78999
2620.74230,0.78691
2618.70281,0.78470
2616.66332,0.78205
2614.62383,0.77881
2612.58434,0.77606
2610.54486,0.77368
2608.50537,0.77087
2606.46588,0.76810
2604.42639,0.76577
2602.38690,0.76354
2600.34742,0.76168
2598.30793,0.76016
2596.26844,0.75820
2594.22895,0.75591
2592.18946,0.75403
2590.14997,0.75279
2588.11049,0.75190
2586.07100,0.75045
2584.03151,0.74790
2581.99202,0.74488
2579.95253,0.74231
2577.91305,0.74048
2575.87356,0.73862
2573.83407,0.73614
2571.79458,0.73361
2569.75509,0.73091
2567.71560,0.72777
2565.67612,0.72508
2563.63663,0.72295
2561.59714,0.72089
2559.55765,0.71877
2557.51816,0.71664
2555.47868,0.71445
2553.43919,0.71168
2551.39970,0.70845
2549.36021,0.70582
2547.32072,0.70400
2545.28123,0.70184
2543.24175,0.69866
2541.20226,0.69551
2539.16277,0.69327
2537.12328,0.69117
2535.08379,0.68862
2533.04431,0.68574
2531.00482,0.68254
2528.96533,0.67975
2526.92584,0.67775
2524.88635,0.67605
2522.84686,0.67437
2520.80738,0.67241
2518.76789,0.67021
2516.72840,0.66820
2514.68891,0.66616
2512.64942,0.66405
2510.60994,0.66239
2508.57045,0.66104
2506.53096,0.65944
2504.49147,0.65738
2502.45198,0.65517
2500.41250,0.65351
2498.37301,0.65230
2496.33352,0.65084
2494.29403,0.64884
2492.25454,0.64646
2490.21505,0.64414
2488.17557,0.64208
2486.13608,0.64011
2484.09659,0.63789
2482.05710,0.63529
2480.01761,0.63292
2477.97813,0.63097
2475.93864,0.62857
2473.89915,0.62549
2471.85966,0.62257
2469.82017,0.62022
2467.78068,0.61803
2465.74120,0.61524
2463.70171,0.61189
2461.66222,0.60898
2459.62273,0.60655
2457.58324,0.60380
2455.54376,0.60067
2453.50427,0.59755
2451.46478,0.59462
2449.42529,0.59183
2447.38580,0.58898
2445.34631,0.58577
2443.30683,0.58229
2441.26734,0.57891
2439.22785,0.57562
2437.18836,0.57239
2435.14887,0.56907
2433.10939,0.56570
2431.06990,0.56248
2429.03041,0.55943
2426.99092,0.55647
2424.95143,0.55348
2422.91194,0.55036
2420.87246,0.54739
2418.83297,0.54474
2416.79348,0.54217
2414.75399,0.53958
2412.71450,0.53720
2410.67502,0.53514
2408.63553,0.53300
2406.59604,0.53057
2404.55655,0.52829
2402.51706,0.52639
2400.47757,0.52442
2398.43809,0.52209
2396.39860,0.51998
2394.35911,0.51834
2392.31962,0.51681
2390.28013,0.51522
2388.24065,0.51394
2386.20116,0.51326
2384.16167,0.51305
2382.12218,0.51317
2380.08269,0.51360
2378.04320,0.51425
2376.00372,0.51465
2373.96423,0.51456
2371.92474,0.51435
2369.88525,0.51413
2367.84576,0.51392
2365.80628,0.51394
2363.76679,0.51407
2361.72730,0.51383
2359.68781,0.51239
2357.64832,0.50896
2355.60884,0.50475
2353.56935,0.50222
2351.52986,0.50198
2349.49037,0.50198
2347.45088,0.50040
2345.41139,0.49806
2343.37191,0.49657
2341.33242,0.49566
2339.29293,0.49443
2337.25344,0.49293
2335.21395,0.49111
2333.17447,0.48873
2331.13498,0.48624
2329.09549,0.48444
2327.05600,0.48310
2325.01651,0.48111
2322.97702,0.47843
2320.93754,0.47605
2318.89805,0.47438
2316.85856,0.47301
2314.81907,0.47160
2312.77958,0.47014
2310.74010,0.46872
2308.70061,0.46738
2306.66112,0.46630
2304.62163,0.46554
2302.58214,0.46473
2300.54265,0.46361
2298.50317,0.46240
2296.46368,0.46139
2294.42419,0.46068
2292.38470,0.46012
2290.34521,0.45965
2288.30573,0.45933
2286.26624,0.45928
2284.22675,0.45939
2282.18726,0.45938
2280.14777,0.45924
2278.10828,0.45922
2276.06880,0.45946
2274.02931,0.45983
2271.98982,0.46024
2269.95033,0.46072
2267.91084,0.46113
2265.87136,0.46145
2263.83187,0.46200
2261.79238,0.46267
2259.75289,0.46312
2257.71340,0.46329
2255.67391,0.46328
2253.63443,0.46326
2251.59494,0.46330
2249.55545,0.46348
2247.51596,0.46429
2245.47647,0.46520
2243.43699,0.46574
2241.39750,0.46593
2239.35801,0.46608
2237.31852,0.46647
2235.27903,0.46710
2233.23954,0.46779
2231.20006,0.46832
2229.16057,0.46884
2227.12108,0.46959
2225.08159,0.47050
2223.04210,0.47141
2221.00262,0.47240
2218.96313,0.47336
2216.92364,0.47415
2214.88415,0.47509
2212.84466,0.47634
2210.80518,0.47777
2208.76569,0.47937
2206.72620,0.48099
2204.68671,0.48238
2202.64722,0.48365
2200.60773,0.48512
2198.56825,0.48682
2196.52876,0.48846
2194.48927,0.48999
2192.44978,0.49158
2190.41029,0.49301
2188.37081,0.49432
2186.33132,0.49574
2184.29183,0.49732
2182.25234,0.49909
2180.21285,0.50100
2178.17336,0.50279
2176.13388,0.50442
2174.09439,0.50611
2172.05490,0.50790
2170.01541,0.50970
2167.97592,0.51144
2165.93644,0.51311
2163.89695,0.51472
2161.85746,0.51601
2159.81797,0.51679
2157.77848,0.51721
2155.73899,0.51738
2153.69951,0.51743
2151.66002,0.51775
2149.62053,0.51804
2147.58104,0.51796
2145.54155,0.51781
2143.50207,0.51754
2141.46258,0.51693
2139.42309,0.51635
2137.38360,0.51615
2135.34411,0.51624
2133.30462,0.51621
2131.26514,0.51571
2129.22565,0.51509
2127.18616,0.51490
2125.14667,0.51476
2123.10718,0.51414
2121.06770,0.51338
2119.02821,0.51290
2116.98872,0.51246
2114.94923,0.51168
2112.90974,0.51092
2110.87025,0.51063
2108.83077,0.51058
2106.79128,0.51055
2104.75179,0.51057
2102.71230,0.51075
2100.67281,0.51085
2098.63333,0.51057
2096.59384,0.51019
2094.55435,0.50975
2092.51486,0.50924
2090.47537,0.50906
2088.43588,0.50911
2086.39640,0.50913
2084.35691,0.50914
2082.31742,0.50911
2080.27793,0.50897
2078.23844,0.50843
2076.19896,0.50751
2074.15947,0.50687
2072.11998,0.50677
2070.08049,0.50688
2068.04100,0.50718
2066.00152,0.50757
2063.96203,0.50756
2061.92254,0.50738
2059.88305,0.50752
2057.84356,0.50761
2055.80407,0.50721
2053.76459,0.50660
2051.72510,0.50592
2049.68561,0.50487
2047.64612,0.50364
2045.60663,0.50255
2043.56715,0.50130
2041.52766,0.49964
2039.48817,0.49770
2037.44868,0.49561
2035.40919,0.49348
2033.36970,0.49136
2031.33022,0.48908
2029.29073,0.48670
2027.25124,0.48425
2025.21175,0.48156
2023.17226,0.47886
2021.13278,0.47666
2019.09329,0.47485
2017.05380,0.47270
2015.01431,0.47019
2012.97482,0.46787
2010.93533,0.46578
2008.89585,0.46375
2006.85636,0.46191
2004.81687,0.46030
2002.77738,0.45877
2000.73789,0.45732
1998.69841,0.45625
1996.65892,0.45581
1994.61943,0.45603
1992.57994,0.45613
1990.54045,0.45530
1988.50096,0.45426
1986.46148,0.45381
1984.42199,0.45364
1982.38250,0.45341
1980.34301,0.45319
1978.30352,0.45324
1976.26404,0.45336
1974.22455,0.45319
1972.18506,0.45290
1970.14557,0.45304
1968.10608,0.45356
1966.06659,0.45370
1964.02711,0.45354
1961.98762,0.45354
1959.94813,0.45348
1957.90864,0.45349
1955.86915,0.45376
1953.82967,0.45406
1951.79018,0.45425
1949.75069,0.45443
1947.71120,0.45477
1945.67171,0.45556
1943.63222,0.45626
1941.59274,0.45556
1939.55325,0.45423
1937.51376,0.45377
1935.47427,0.45380
1933.43478,0.45377
1931.39530,0.45369
1929.35581,0.45334
1927.31632,0.45288
1925.27683,0.45302
1923.23734,0.45339
1921.19786,0.45331
1919.15837,0.45346
1917.11888,0.45321
1915.07939,0.45229
1913.03990,0.45206
1911.00041,0.45238
1908.96093,0.45226
1906.92144,0.45147
1904.88195,0.45071
1902.84246,0.45031
1900.80297,0.45005
1898.76349,0.44988
1896.72400,0.44991
1894.68451,0.44991
1892.64502,0.45025
1890.60553,0.45121
1888.56604,0.45154
1886.52656,0.45139
1884.48707,0.45194
1882.44758,0.45295
1880.40809,0.45391
1878.36860,0.45462
1876.32912,0.45507
1874.28963,0.45563
1872.25014,0.45711
1870.21065,0.45926
1868.17116,0.45957
1866.13167,0.45762
1864.09219,0.45625
1862.05270,0.45632
1860.01321,0.45669
1857.97372,0.45654
1855.93423,0.45601
1853.89475,0.45566
1851.85526,0.45582
1849.81577,0.45653
1847.77628,0.45795
1845.73679,0.45986
1843.69730,0.46028
1841.65782,0.45894
1839.61833,0.45848
1837.57884,0.45910
1835.53935,0.45959
1833.49986,0.46074
1831.46038,0.46318
1829.42089,0.46521
1827.38140,0.46631
1825.34191,0.46751
1823.30242,0.46833
1821.26293,0.46921
1819.22345,0.47102
1817.18396,0.47312
1815.14447,0.47542
1813.10498,0.47857
1811.06549,0.48203
1809.02601,0.48477
1806.98652,0.48740
1804.94703,0.49104
1802.90754,0.49587
1800.86805,0.50086
1798.82856,0.50510
1796.78908,0.50981
1794.74959,0.51651
1792.71010,0.52398
1790.67061,0.52961
1788.63112,0.53452
1786.59164,0.54129
1784.55215,0.54947
1782.51266,0.55790
1780.47317,0.56634
1778.43368,0.57497
1776.39420,0.58511
1774.35471,0.59837
1772.31522,0.61378
1770.27573,0.62907
1768.23624,0.64512
1766.19675,0.66344
1764.15727,0.68537
1762.11778,0.71193
1760.07829,0.74023
1758.03880,0.76822
1755.99931,0.79544
1753.95983,0.82058
1751.92034,0.84586
1749.88085,0.87170
1747.84136,0.89403
1745.80187,0.91195
1743.76238,0.92756
1741.72290,0.94196
1739.68341,0.95472
1737.64392,0.96581
1735.60443,0.97703
1733.56494,0.98566
1731.52546,0.98732
1729.48597,0.98535
1727.44648,0.98234
1725.40699,0.97827
1723.36750,0.97280
1721.32801,0.96690
1719.28853,0.96100
1717.24904,0.95155
1715.20955,0.93786
1713.17006,0.92496
1711.13057,0.91549
1709.09109,0.90891
1707.05160,0.90416
1705.01211,0.90132
1702.97262,0.90281
1700.93313,0.90981
1698.89364,0.91937
1696.85416,0.93154
1694.81467,0.94623
1692.77518,0.96094
1690.73569,0.97749
1688.69620,0.99639
1686.65672,1.01781
1684.61723,1.04321
1682.57774,1.06688
1680.53825,1.08536
1678.49876,1.10364
1676.45927,1.12396
1674.41979,1.14355
1672.38030,1.16124
1670.34081,1.17912
1668.30132,1.19531
1666.26183,1.20923
1664.22235,1.22502
1662.18286,1.24159
1660.14337,1.25483
1658.10388,1.26526
1656.06439,1.27429
1654.02490,1.28048
1651.98542,1.28104
1649.94593,1.28090
1647.90644,1.28454
1645.86695,1.28873
1643.82746,1.29096
1641.78798,1.29353
1639.74849,1.29695
1637.70900,1.29913
1635.66951,1.29763
1633.63002,1.29329
1631.59054,1.28977
1629.55105,1.28682
1627.51156,1.28276
1625.47207,1.27884
1623.43258,1.27665
1621.39309,1.27548
1619.35361,1.27538
1617.31412,1.27569
1615.27463,1.27407
1613.23514,1.27223
1611.19565,1.27284
1609.15617,1.27467
1607.11668,1.27543
1605.07719,1.27468
1603.03770,1.27327
1600.99821,1.27134
1598.95872,1.26802
1596.91924,1.26346
1594.87975,1.25885
1592.84026,1.25432
1590.80077,1.24837
1588.76128,1.24034
1586.72180,1.23144
1584.68231,1.22300
1582.64282,1.21549
1580.60333,1.20882
1578.56384,1.20298
1576.52435,1.19631
1574.48487,1.18821
1572.44538,1.18241
1570.40589,1.17824
1568.36640,1.17256
1566.32691,1.16715
1564.28743,1.16310
1562.24794,1.15986
1560.20845,1.15565
1558.16896,1.14709
1556.12947,1.13926
1554.08998,1.13540
1552.05050,1.13233
1550.01101,1.12800
1547.97152,1.12285
1545.93203,1.11865
1543.89254,1.11514
1541.85306,1.10952
1539.81357,1.09897
1537.77408,1.08800
1535.73459,1.08268
1533.69510,1.07952
1531.65561,1.07503
1529.61613,1.07132
1527.57664,1.06800
1525.53715,1.06362
1523.49766,1.05989
1521.45817,1.05729
1519.41869,1.05546
1517.37920,1.05491
1515.33971,1.05413
1513.30022,1.05313
1511.26073,1.05344
1509.22124,1.05413
1507.18176,1.05145
1505.14227,1.04567
1503.10278,1.04427
1501.06329,1.04833
1499.02380,1.05451
1496.98432,1.06041
1494.94483,1.06503
1492.90534,1.07048
1490.86585,1.08104
1488.82636,1.09759
1486.78688,1.11569
1484.74739,1.13376
1482.70790,1.15472
1480.66841,1.17870
1478.62892,1.20421
1476.58943,1.23368
1474.54995,1.27028
1472.51046,1.31178
1470.47097,1.34970
1468.43148,1.38114
1466.39199,1.41161
1464.35251,1.44049
1462.31302,1.46038
1460.27353,1.47054
1458.23404,1.47577
1456.19455,1.48038
1454.15506,1.48553
1452.11558,1.48845
1450.07609,1.48978
1448.03660,1.49260
1445.99711,1.49658
1443.95762,1.50037
1441.91814,1.50455
1439.87865,1.51036
1437.83916,1.51847
1435.79967,1.52723
1433.76018,1.53512
1431.72069,1.54114
1429.68121,1.54319
1427.64172,1.54455
1425.60223,1.55014
1423.56274,1.55828
1421.52325,1.56563
1419.48377,1.57061
1417.44428,1.57114
1415.40479,1.56816
1413.36530,1.56350
1411.32581,1.55777
1409.28632,1.55351
1407.24684,1.55228
1405.20735,1.55160
1403.16786,1.54925
1401.12837,1.54631
1399.08888,1.54285
1397.04940,1.53963
1395.00991,1.53838
1392.97042,1.53856
1390.93093,1.54089
1388.89144,1.54607
1386.85195,1.55326
1384.81247,1.56203
1382.77298,1.57164
1380.73349,1.58324
1378.69400,1.59699
1376.65451,1.60746
1374.61503,1.61173
1372.57554,1.61249
1370.53605,1.61146
1368.49656,1.60860
1366.45707,1.60504
1364.41758,1.59972
1362.37810,1.59078
1360.33861,1.58309
1358.29912,1.57991
1356.25963,1.57886
1354.22014,1.57848
1352.18066,1.57738
1350.14117,1.57482
1348.10168,1.57234
1346.06219,1.57061
1344.02270,1.56936
1341.98322,1.56843
1339.94373,1.56629
1337.90424,1.56400
1335.86475,1.56309
1333.82526,1.55927
1331.78577,1.55012
1329.74629,1.54108
1327.70680,1.53634
1325.66731,1.53225
1323.62782,1.52485
1321.58833,1.51566
1319.54885,1.50779
1317.50936,1.50243
1315.46987,1.49852
1313.43038,1.49367
1311.39089,1.48757
1309.35140,1.48129
1307.31192,1.47588
1305.27243,1.47398
1303.23294,1.47515
1301.19345,1.47513
1299.15396,1.47187
1297.11448,1.46541
1295.07499,1.45740
1293.03550,1.45220
1290.99601,1.45023
1288.95652,1.44785
1286.91703,1.44680
1284.87755,1.44851
1282.83806,1.44733
1280.79857,1.44280
1278.75908,1.44099
1276.71959,1.44319
1274.68011,1.44790
1272.64062,1.45317
1270.60113,1.45556
1268.56164,1.45724
1266.52215,1.46306
1264.48266,1.47221
1262.44318,1.48091
1260.40369,1.48508
1258.36420,1.48494
1256.32471,1.48726
1254.28522,1.49327
1252.24574,1.49797
1250.20625,1.50201
1248.16676,1.50849
1246.12727,1.51405
1244.08778,1.51433
1242.04829,1.51105
1240.00881,1.50656
1237.96932,1.49990
1235.92983,1.49044
1233.89034,1.47979
1231.85085,1.46991
1229.81137,1.46062
1227.77188,1.45030
1225.73239,1.43804
1223.69290,1.42453
1221.65341,1.41294
1219.61392,1.40645
1217.57444,1.40408
1215.53495,1.40421
1213.49546,1.40620
1211.45597,1.40859
1209.41648,1.41318
1207.37700,1.42118
1205.33751,1.42832
1203.29802,1.43146
1201.25853,1.43076
1199.21904,1.42606
1197.17956,1.41918
1195.14007,1.41448
1193.10058,1.41206
1191.06109,1.41227
1189.02160,1.41942
1186.98211,1.43491
1184.94263,1.45974
1182.90314,1.49437
1180.86365,1.53529
1178.82416,1.58273
1176.78467,1.63763
1174.74519,1.69328
1172.70570,1.74429
1170.66621,1.79476
1168.62672,1.84677
1166.58723,1.88774
1164.54774,1.90405
1162.50826,1.90387
1160.46877,1.89933
1158.42928,1.89306
1156.38979,1.88826
1154.35030,1.87595
1152.31082,1.84947
1150.27133,1.82418
1148.23184,1.81079
1146.19235,1.80191
1144.15286,1.79379
1142.11337,1.79803
1140.07389,1.80954
1138.03440,1.80837
1135.99491,1.80025
1133.95542,1.79742
1131.91593,1.79977
1129.87645,1.80425
1127.83696,1.80685
1125.79747,1.81045
1123.75798,1.82043
1121.71849,1.83424
1119.67900,1.84462
1117.63952,1.85134
1115.60003,1.85510
1113.56054,1.84939
1111.52105,1.84299
1109.48156,1.84710
1107.44208,1.85353
1105.40259,1.85211
1103.36310,1.84524
1101.32361,1.84607
1099.28412,1.85793
1097.24463,1.86441
1095.20515,1.86046
1093.16566,1.86630
1091.12617,1.88864
1089.08668,1.90167
1087.04719,1.89546
1085.00771,1.88334
1082.96822,1.86900
1080.92873,1.85512
1078.88924,1.84654
1076.84975,1.84236
1074.81027,1.83413
1072.77078,1.82193
1070.73129,1.81823
1068.69180,1.82270
1066.65231,1.82240
1064.61282,1.82028
1062.57334,1.82016
1060.53385,1.81543
1058.49436,1.80353
1056.45487,1.78195
1054.41538,1.75542
1052.37590,1.73358
1050.33641,1.71363
1048.29692,1.69231
1046.25743,1.68155
1044.21794,1.68697
1042.17845,1.68877
1040.13897,1.67722
1038.09948,1.66747
1036.05999,1.66331
1034.02050,1.65699
1031.98101,1.65113
1029.94153,1.64897
1027.90204,1.64481
1025.86255,1.63560
1023.82306,1.62252
1021.78357,1.61366
1019.74408,1.61288
1017.70460,1.61014
1015.66511,1.60263
1013.62562,1.59675
1011.58613,1.59079
1009.54664,1.58304
1007.50716,1.57391
1005.46767,1.55969
1003.42818,1.54346
1001.38869,1.53610
999.34920,1.53626
997.30971,1.53095
995.27023,1.51970
993.23074,1.50857
991.19125,1.49088
989.15176,1.46396
987.11227,1.43472
985.07279,1.40081
983.03330,1.35958
980.99381,1.31618
978.95432,1.27448
976.91483,1.23556
974.87534,1.19811
972.83586,1.16343
970.79637,1.13607
968.75688,1.11628
966.71739,1.10048
964.67790,1.08602
962.63842,1.07423
960.59893,1.06646
958.55944,1.06121
956.51995,1.05809
954.48046,1.05964
952.44097,1.06784
950.40149,1.08125
948.36200,1.09964
946.32251,1.12403
944.28302,1.15217
942.24353,1.17937
940.20405,1.20214
938.16456,1.22135
936.12507,1.23618
934.08558,1.24492
932.04609,1.24913
930.00661,1.24827
927.96712,1.24267
925.92763,1.23441
923.88814,1.22353
921.84865,1.21017
919.80916,1.19324
917.76968,1.17111
915.73019,1.14695
913.69070,1.12609
911.65121,1.11062
909.61172,1.10004
907.57224,1.09335
905.53275,1.08966
903.49326,1.08878
901.45377,1.08943
899.41428,1.08713
897.37479,1.08073
895.33531,1.07545
893.29582,1.07254
891.25633,1.06841
889.21684,1.06268
887.17735,1.05747
885.13787,1.05410
883.09838,1.05342
881.05889,1.05786
879.01940,1.06932
876.97991,1.08653
874.94042,1.10834
872.90094,1.13586
870.86145,1.16820
868.82196,1.20039
866.78247,1.22747
864.74298,1.24422
862.70350,1.24749
860.66401,1.24270
858.62452,1.23483
856.58503,1.22201
854.54554,1.20592
852.50605,1.19177
850.46657,1.18015
848.42708,1.17096
846.38759,1.16543
844.34810,1.16181
842.30861,1.15819
840.26913,1.15433
838.22964,1.14912
836.19015,1.14213
834.15066,1.13525
832.11117,1.12961
830.07168,1.12465
828.03220,1.12200
825.99271,1.12426
823.95322,1.13067
821.91373,1.13849
819.87424,1.14595
817.83476,1.15298
815.79527,1.15923
813.75578,1.16349
811.71629,1.16648
809.67680,1.17017
807.63731,1.17532
805.59783,1.18278
803.55834,1.19277
801.51885,1.20299
799.47936,1.21377
797.43987,1.22611
795.40039,1.23863
793.36090,1.25408
791.32141,1.27285
789.28192,1.28826
787.24243,1.29875
785.20295,1.30942
783.16346,1.32404
781.12397,1.34153
779.08448,1.35703
777.04499,1.36980
775.00550,1.38316
772.96602,1.39725
770.92653,1.40921
768.88704,1.41626
766.84755,1.42019
764.80806,1.42288
762.76858,1.41823
760.72909,1.40706
758.68960,1.39667
756.65011,1.38468
754.61062,1.37010
752.57113,1.35721
750.53165,1.35022
748.49216,1.35177
746.45267,1.35822
744.41318,1.36296
742.37369,1.36373
740.33421,1.36883
738.29472,1.38048
736.25523,1.38522
734.21574,1.38177
732.17625,1.38333
730.13676,1.39580
728.09728,1.41541
726.05779,1.43404
724.01830,1.44412
721.97881,1.44958
719.93932,1.46236
717.89984,1.48347
715.86035,1.50001
713.82086,1.50504
711.78137,1.50314
709.74188,1.49843
707.70239,1.48759
705.66291,1.47119
703.62342,1.46099
701.58393,1.45836
699.54444,1.45304
697.50495,1.44843
695.46547,1.45494
693.42598,1.46996
691.38649,1.48128
689.34700,1.48295
687.30751,1.48619
685.26802,1.50037
683.22854,1.51473
681.18905,1.51689
679.14956,1.50858
677.11007,1.49813
675.07058,1.49446
673.03110,1.50234
670.99161,1.51487
668.95212,1.52338
666.91263,1.52199
664.87314,1.51253
662.83365,1.50550
660.79417,1.50391
658.75468,1.50189
656.71519,1.49917
654.67570,1.49983
652.63621,1.50259
650.59673,1.50194
648.55724,1.49424
646.51775,1.48387
644.47826,1.48301
642.43877,1.49681
640.39929,1.51951
638.35980,1.53950
636.32031,1.54601
634.28082,1.54410
632.24133,1.54176
630.20184,1.53178
628.16236,1.52118
626.12287,1.53048
624.08338,1.54093
622.04389,1.53228
620.00440,1.52111
617.96492,1.51916
615.92543,1.53747
613.88594,1.56570
611.84645,1.56651
609.80696,1.55113
607.76747,1.53116
605.72799,1.50052
603.68850,1.48778
601.64901,1.48427
599.60952,1.47581
597.57003,1.48693
595.53055,1.50295
593.49106,1.48789
591.45157,1.47541
589.41208,1.50951
587.37259,1.54161
585.33310,1.55406
583.29362,1.58388
581.25413,1.60840
579.21464,1.60291
577.17515,1.55455
575.13566,1.51414
573.09618,1.52065
571.05669,1.52502
569.01720,1.50458
566.97771,1.48640
564.93822,1.48594
562.89873,1.48928
560.85925,1.49517
558.81976,1.48550
556.78027,1.45766
554.74078,1.43821
552.70129,1.44727
550.66181,1.48827
548.62232,1.52383
546.58283,1.52375
544.54334,1.50031
542.50385,1.49073
540.46436,1.49957
538.42488,1.51292
536.38539,1.51257
534.34590,1.50364
532.30641,1.48075
530.26692,1.47746
528.22744,1.49182
526.18795,1.48222
524.14846,1.40625
522.10897,1.31877
520.06948,1.28538
518.02999,1.29140
515.99051,1.25817
513.95102,1.21046
511.91153,1.27558
509.87204,1.41513
507.83255,1.32649
505.79307,1.08916
503.75358,0.99829
501.71409,0.97193
499.67460,0.99766
