3997.39681,0.43378
3995.35732,0.43344
3993.31783,0.43265
3991.27835,0.43130
3989.23886,0.43013
3987.19937,0.42995
3985.15988,0.43003
3983.12039,0.42914
3981.08091,0.42757
3979.04142,0.42620
3977.00193,0.42545
3974.96244,0.42541
3972.92295,0.42501
3970.88346,0.42348
3968.84398,0.42198
3966.80449,0.42118
3964.76500,0.41985
3962.72551,0.41767
3960.68602,0.41585
3958.64654,0.41445
3956.60705,0.41293
3954.56756,0.41174
3952.52807,0.41109
3950.48858,0.41072
3948.44909,0.41035
3946.40961,0.40949
3944.37012,0.40792
3942.33063,0.40629
3940.29114,0.40511
3938.25165,0.40410
3936.21217,0.40302
3934.17268,0.40141
3932.13319,0.39966
3930.09370,0.39841
3928.05421,0.39696
3926.01473,0.39494
3923.97524,0.39319
3921.93575,0.39152
3919.89626,0.38878
3917.85677,0.38526
3915.81728,0.38240
3913.77780,0.38048
3911.73831,0.37906
3909.69882,0.37852
3907.65933,0.37847
3905.61984,0.37785
3903.58036,0.37610
3901.54087,0.37287
3899.50138,0.36914
3897.46189,0.36686
3895.42240,0.36543
3893.38291,0.36365
3891.34343,0.36258
3889.30394,0.36281
3887.26445,0.36230
3885.22496,0.36122
3883.18547,0.36002
3881.14599,0.35813
3879.10650,0.35826
3877.06701,0.35966
3875.02752,0.35924
3872.98803,0.35767
3870.94854,0.35598
3868.90906,0.35598
3866.86957,0.35634
3864.83008,0.35471
3862.79059,0.35317
3860.75110,0.35296
3858.71162,0.35352
3856.67213,0.35275
3854.63264,0.35025
3852.59315,0.35072
3850.55366,0.35371
3848.51417,0.35458
3846.47469,0.35355
3844.43520,0.35269
3842.39571,0.35308
3840.35622,0.35354
3838.31673,0.35330
3836.27725,0.35349
3834.23776,0.35312
3832.19827,0.35162
3830.15878,0.35086
3828.11929,0.35120
3826.07980,0.35246
3824.04032,0.35331
3822.00083,0.35296
3819.96134,0.35368
3817.92185,0.35278
3815.88236,0.35007
3813.84288,0.35081
3811.80339,0.35343
3809.76390,0.35449
3807.72441,0.35465
3805.68492,0.35633
3803.64543,0.35732
3801.60595,0.35691
3799.56646,0.35824
3797.52697,0.35930
3795.48748,0.35962
3793.44799,0.36066
3791.40851,0.36194
3789.36902,0.36333
3787.32953,0.36444
3785.29004,0.36546
3783.25055,0.36716
3781.21107,0.36872
3779.17158,0.37010
3777.13209,0.37196
3775.09260,0.37346
3773.05311,0.37466
3771.01362,0.37619
3768.97414,0.37850
3766.93465,0.38063
3764.89516,0.38241
3762.85567,0.38437
3760.81618,0.38600
3758.77670,0.38888
3756.73721,0.39334
3754.69772,0.39634
3752.65823,0.39710
3750.61874,0.39928
3748.57925,0.40414
3746.53977,0.40607
3744.50028,0.40592
3742.46079,0.40961
3740.42130,0.41423
3738.38181,0.41705
3736.34233,0.41970
3734.30284,0.42256
3732.26335,0.42490
3730.22386,0.42744
3728.18437,0.43040
3726.14488,0.43420
3724.10540,0.43855
3722.06591,0.44208
3720.02642,0.44566
3717.98693,0.45046
3715.94744,0.45584
3713.90796,0.46047
3711.86847,0.46507
3709.82898,0.47159
3707.78949,0.47937
3705.75000,0.48649
3703.71051,0.49273
3701.67103,0.49998
3699.63154,0.50888
3697.59205,0.51791
3695.55256,0.52757
3693.51307,0.53869
3691.47359,0.55059
3689.43410,0.56285
3687.39461,0.57562
3685.35512,0.58830
3683.31563,0.60135
3681.27614,0.61638
3679.23666,0.63293
3677.19717,0.64992
3675.15768,0.67047
3673.11819,0.69315
3671.07870,0.71364
3669.03922,0.73604
3666.99973,0.75929
3664.96024,0.77978
3662.92075,0.80058
3660.88126,0.82330
3658.84177,0.84669
3656.80229,0.87158
3654.76280,0.89770
3652.72331,0.92069
3650.68382,0.94263
3648.64433,0.97035
3646.60485,1.00107
3644.56536,1.02709
3642.52587,1.04828
3640.48638,1.06931
3638.44689,1.09190
3636.40741,1.11411
3634.36792,1.13505
3632.32843,1.15550
3630.28894,1.17723
3628.24945,1.20358
3626.20996,1.22891
3624.17048,1.24609
3622.13099,1.26102
3620.09150,1.28354
3618.05201,1.31223
3616.01252,1.33480
3613.97304,1.34939
3611.93355,1.36342
3609.89406,1.37972
3607.85457,1.39931
3605.81508,1.42055
3603.77559,1.43676
3601.73611,1.44799
3599.69662,1.46169
3597.65713,1.47774
3595.61764,1.49294
3593.57815,1.51336
3591.53867,1.53743
3589.49918,1.55075
3587.45969,1.54823
3585.42020,1.54340
3583.38071,1.55161
3581.34122,1.57206
3579.30174,1.59442
3577.26225,1.61118
3575.22276,1.61779
3573.18327,1.61543
3571.14378,1.61629
3569.10430,1.63090
3567.06481,1.65373
3565.02532,1.66948
3562.98583,1.67197
3560.94634,1.66626
3558.90685,1.65897
3556.86737,1.65574
3554.82788,1.66096
3552.78839,1.67448
3550.74890,1.68892
3548.70941,1.69670
3546.66993,1.69754
3544.63044,1.69597
3542.59095,1.69286
3540.55146,1.68914
3538.51197,1.69236
3536.47248,1.70466
3534.43300,1.71552
3532.39351,1.71698
3530.35402,1.71321
3528.31453,1.71113
3526.27504,1.71304
3524.23556,1.71618
3522.19607,1.72219
3520.15658,1.73212
3518.11709,1.73573
3516.07760,1.72869
3514.03811,1.72362
3511.99863,1.72711
3509.95914,1.73159
3507.91965,1.73985
3505.88016,1.75375
3503.84067,1.75913
3501.80119,1.75456
3499.76170,1.74755
3497.72221,1.73446
3495.68272,1.72045
3493.64323,1.72170
3491.60375,1.73661
3489.56426,1.74348
3487.52477,1.73213
3485.48528,1.72271
3483.44579,1.73219
3481.40630,1.74399
3479.36682,1.74160
3477.32733,1.73601
3475.28784,1.73336
3473.24835,1.72869
3471.20886,1.72462
3469.16938,1.72380
3467.12989,1.72781
3465.09040,1.74197
3463.05091,1.75657
3461.01142,1.75455
3458.97193,1.73968
3456.93245,1.73165
3454.89296,1.73812
3452.85347,1.73946
3450.81398,1.73065
3448.77449,1.72994
3446.73501,1.73752
3444.69552,1.73856
3442.65603,1.73271
3440.61654,1.73109
3438.57705,1.73941
3436.53756,1.75030
3434.49808,1.75127
3432.45859,1.74292
3430.41910,1.73816
3428.37961,1.74172
3426.34012,1.74012
3424.30064,1.73357
3422.26115,1.72868
3420.22166,1.71752
3418.18217,1.70633
3416.14268,1.70454
3414.10319,1.70953
3412.06371,1.72229
3410.02422,1.73456
3407.98473,1.73057
3405.94524,1.71940
3403.90575,1.71704
3401.86627,1.72191
3399.82678,1.72817
3397.78729,1.73058
3395.74780,1.72754
3393.70831,1.72069
3391.66882,1.70944
3389.62934,1.70254
3387.58985,1.70982
3385.55036,1.72280
3383.51087,1.72685
3381.47138,1.72071
3379.43190,1.71588
3377.39241,1.71762
3375.35292,1.71643
3373.31343,1.71025
3371.27394,1.70749
3369.23446,1.70610
3367.19497,1.70152
3365.15548,1.69363
3363.11599,1.68813
3361.07650,1.69194
3359.03701,1.69669
3356.99753,1.69937
3354.95804,1.70832
3352.91855,1.71408
3350.87906,1.70865
3348.83957,1.70099
3346.80009,1.69389
3344.76060,1.68728
3342.72111,1.68553
3340.68162,1.68876
3338.64213,1.69169
3336.60264,1.69266
3334.56316,1.69025
3332.52367,1.68054
3330.48418,1.66918
3328.44469,1.66646
3326.40520,1.67182
3324.36572,1.67831
3322.32623,1.68251
3320.28674,1.68157
3318.24725,1.67812
3316.20776,1.67877
3314.16827,1.67808
3312.12879,1.67187
3310.08930,1.66884
3308.04981,1.67164
3306.01032,1.67395
3303.97083,1.66946
3301.93135,1.65871
3299.89186,1.65187
3297.85237,1.65434
3295.81288,1.65975
3293.77339,1.66073
3291.73390,1.65813
3289.69442,1.65999
3287.65493,1.66590
3285.61544,1.66726
3283.57595,1.66448
3281.53646,1.65910
3279.49698,1.65132
3277.45749,1.64955
3275.41800,1.65229
3273.37851,1.64617
3271.33902,1.63314
3269.29953,1.62539
3267.26005,1.62186
3265.22056,1.62063
3263.18107,1.62597
3261.14158,1.63013
3259.10209,1.62748
3257.06261,1.62386
3255.02312,1.62156
3252.98363,1.62215
3250.94414,1.62650
3248.90465,1.63050
3246.86516,1.63115
3244.82568,1.62709
3242.78619,1.62101
3240.74670,1.61861
3238.70721,1.61859
3236.66772,1.61701
3234.62824,1.61327
3232.58875,1.61078
3230.54926,1.61094
3228.50977,1.61017
3226.47028,1.60910
3224.43080,1.60776
3222.39131,1.60705
3220.35182,1.61044
3218.31233,1.61532
3216.27284,1.61558
3214.23335,1.61170
3212.19387,1.61355
3210.15438,1.62210
3208.11489,1.62518
3206.07540,1.62015
3204.03591,1.61452
3201.99643,1.61146
3199.95694,1.61007
3197.91745,1.60848
3195.87796,1.60703
3193.83847,1.60712
3191.79898,1.60557
3189.75950,1.60276
3187.72001,1.60295
3185.68052,1.60213
3183.64103,1.59751
3181.60154,1.59444
3179.56206,1.59655
3177.52257,1.60081
3175.48308,1.60081
3173.44359,1.59557
3171.40410,1.58880
3169.36461,1.58299
3167.32513,1.58005
3165.28564,1.57982
3163.24615,1.58091
3161.20666,1.58282
3159.16717,1.58316
3157.12769,1.58002
3155.08820,1.57667
3153.04871,1.57715
3151.00922,1.57913
3148.96973,1.57664
3146.93024,1.57288
3144.89076,1.57438
3142.85127,1.57308
3140.81178,1.56311
3138.77229,1.55722
3136.73280,1.56247
3134.69332,1.56816
3132.65383,1.56694
3130.61434,1.56459
3128.57485,1.56366
3126.53536,1.56242
3124.49587,1.56192
3122.45639,1.55916
3120.41690,1.55405
3118.37741,1.55105
3116.33792,1.54871
3114.29843,1.54420
3112.25895,1.53904
3110.21946,1.53571
3108.17997,1.53418
3106.14048,1.53386
3104.10099,1.53575
3102.06150,1.53819
3100.02202,1.53807
3097.98253,1.53537
3095.94304,1.53154
3093.90355,1.52690
3091.86406,1.52113
3089.82458,1.51544
3087.78509,1.51113
3085.74560,1.50727
3083.70611,1.50539
3081.66662,1.50629
3079.62714,1.50470
3077.58765,1.50063
3075.54816,1.49765
3073.50867,1.49277
3071.46918,1.48758
3069.42969,1.48746
3067.39021,1.48819
3065.35072,1.48441
3063.31123,1.47855
3061.27174,1.47309
3059.23225,1.46774
3057.19277,1.46275
3055.15328,1.45859
3053.11379,1.45498
3051.07430,1.45119
3049.03481,1.44658
3046.99532,1.44268
3044.95584,1.44012
3042.91635,1.43703
3040.87686,1.43447
3038.83737,1.43294
3036.79788,1.42849
3034.75840,1.42082
3032.71891,1.41411
3030.67942,1.40922
3028.63993,1.40463
3026.60044,1.40010
3024.56095,1.39640
3022.52147,1.39369
3020.48198,1.39141
3018.44249,1.38869
3016.40300,1.38558
3014.36351,1.38446
3012.32403,1.38574
3010.28454,1.38700
3008.24505,1.38696
3006.20556,1.38581
3004.16607,1.38507
3002.12658,1.38660
3000.08710,1.39053
2998.04761,1.39586
2996.00812,1.40126
2993.96863,1.40529
2991.92914,1.40968
2989.88966,1.41563
2987.85017,1.42016
2985.81068,1.42341
2983.77119,1.42834
2981.73170,1.43488
2979.69221,1.44136
2977.65273,1.44783
2975.61324,1.45538
2973.57375,1.46400
2971.53426,1.47226
2969.49477,1.47890
2967.45529,1.48594
2965.41580,1.49645
2963.37631,1.51011
2961.33682,1.52144
2959.29733,1.52742
2957.25784,1.53336
2955.21836,1.54258
2953.17887,1.55238
2951.13938,1.56035
2949.09989,1.56581
2947.06040,1.56953
2945.02092,1.57466
2942.98143,1.58232
2940.94194,1.58927
2938.90245,1.59258
2936.86296,1.59112
2934.82348,1.59009
2932.78399,1.59200
2930.74450,1.59050
2928.70501,1.58557
2926.66552,1.58266
2924.62603,1.58215
2922.58655,1.57899
2920.54706,1.57330
2918.50757,1.57098
2916.46808,1.57021
2914.42859,1.56543
2912.38911,1.55619
2910.34962,1.54700
2908.31013,1.54378
2906.27064,1.54582
2904.23115,1.54701
2902.19166,1.54675
2900.15218,1.54771
2898.11269,1.54739
2896.07320,1.54486
2894.03371,1.54127
2891.99422,1.53534
2889.95474,1.53077
2887.91525,1.53058
2885.87576,1.52864
2883.83627,1.52170
2881.79678,1.51212
2879.75729,1.50096
2877.71781,1.48986
2875.67832,1.48069
2873.63883,1.47341
2871.59934,1.46720
2869.55985,1.46161
2867.52037,1.45383
2865.48088,1.44170
2863.44139,1.42865
2861.40190,1.42079
2859.36241,1.41888
2857.32292,1.41647
2855.28344,1.41050
2853.24395,1.40438
2851.20446,1.40046
2849.16497,1.39639
2847.12548,1.39024
2845.08600,1.38262
2843.04651,1.37401
2841.00702,1.36571
2838.96753,1.35831
2836.92804,1.34989
2834.88855,1.33916
2832.84907,1.32890
2830.80958,1.32246
2828.77009,1.31804
2826.73060,1.31208
2824.69111,1.30560
2822.65163,1.30147
2820.61214,1.29867
2818.57265,1.29328
2816.53316,1.28568
2814.49367,1.27947
2812.45418,1.27456
2810.41470,1.26977
2808.37521,1.26574
2806.33572,1.26250
2804.29623,1.25807
2802.25674,1.25282
2800.21726,1.24946
2798.17777,1.24689
2796.13828,1.24339
2794.09879,1.23969
2792.05930,1.23635
2790.01982,1.23330
2787.98033,1.23060
2785.94084,1.22836
2783.90135,1.22688
2781.86186,1.22423
2779.82237,1.21876
2777.78289,1.21409
2775.74340,1.21304
2773.70391,1.21387
2771.66442,1.21422
2769.62493,1.21300
2767.58545,1.21006
2765.54596,1.20724
2763.50647,1.20672
2761.46698,1.20764
2759.42749,1.20715
2757.38800,1.20388
2755.34852,1.20022
2753.30903,1.19819
2751.26954,1.19758
2749.23005,1.19725
2747.19056,1.19558
2745.15108,1.19301
2743.11159,1.19014
2741.07210,1.18695
2739.03261,1.18468
2736.99312,1.18334
2734.95363,1.18175
2732.91415,1.17911
2730.87466,1.17576
2728.83517,1.17351
2726.79568,1.17175
2724.75619,1.16873
2722.71671,1.16557
2720.67722,1.16263
2718.63773,1.15881
2716.59824,1.15380
2714.55875,1.14839
2712.51926,1.14464
2710.47978,1.14175
2708.44029,1.13685
2706.40080,1.13200
2704.36131,1.12925
2702.32182,1.12552
2700.28234,1.12039
2698.24285,1.11612
2696.20336,1.11317
2694.16387,1.11078
2692.12438,1.10712
2690.08489,1.10301
2688.04541,1.10010
2686.00592,1.09745
2683.96643,1.09418
2681.92694,1.09038
2679.88745,1.08684
2677.84797,1.08347
2675.80848,1.07953
2673.76899,1.07559
2671.72950,1.07194
2669.69001,1.06767
2667.65052,1.06309
2665.61104,1.05907
2663.57155,1.05475
2661.53206,1.04972
2659.49257,1.04508
2657.45308,1.04028
2655.41360,1.03476
2653.37411,1.03042
2651.33462,1.02697
2649.29513,1.02288
2647.25564,1.01833
2645.21616,1.01289
2643.17667,1.00657
2641.13718,1.00044
2639.09769,0.99519
2637.05820,0.99101
2635.01871,0.98702
2632.97923,0.98178
2630.93974,0.97566
2628.90025,0.97014
2626.86076,0.96542
2624.82127,0.96129
2622.78179,0.95789
2620.74230,0.95438
2618.70281,0.95028
2616.66332,0.94614
2614.62383,0.94220
2612.58434,0.93888
2610.54486,0.93630
2608.50537,0.93367
2606.46588,0.93045
2604.42639,0.92771
2602.38690,0.92642
2600.34742,0.92486
2598.30793,0.92216
2596.26844,0.91966
2594.22895,0.91746
2592.18946,0.91544
2590.14997,0.91414
2588.11049,0.91275
2586.07100,0.91127
2584.03151,0.90988
2581.99202,0.90715
2579.95253,0.90342
2577.91305,0.90041
2575.87356,0.89826
2573.83407,0.89540
2571.79458,0.89121
2569.75509,0.88659
2567.71560,0.88247
2565.67612,0.87920
2563.63663,0.87631
2561.59714,0.87285
2559.55765,0.86881
2557.51816,0.86550
2555.47868,0.86310
2553.43919,0.86009
2551.39970,0.85584
2549.36021,0.85164
2547.32072,0.84809
2545.28123,0.84428
2543.24175,0.84070
2541.20226,0.83788
2539.16277,0.83449
2537.12328,0.83035
2535.08379,0.82674
2533.04431,0.82407
2531.00482,0.82154
2528.96533,0.81842
2526.92584,0.81511
2524.88635,0.81191
2522.84686,0.80872
2520.80738,0.80595
2518.76789,0.80393
2516.72840,0.80193
2514.68891,0.79927
2512.64942,0.79645
2510.60994,0.79442
2508.57045,0.79283
2506.53096,0.79067
2504.49147,0.78837
2502.45198,0.78631
2500.41250,0.78420
2498.37301,0.78211
2496.33352,0.78010
2494.29403,0.77802
2492.25454,0.77546
2490.21505,0.77242
2488.17557,0.76991
2486.13608,0.76867
2484.09659,0.76733
2482.05710,0.76442
2480.01761,0.76066
2477.97813,0.75721
2475.93864,0.75435
2473.89915,0.75145
2471.85966,0.74805
2469.82017,0.74450
2467.78068,0.74111
2465.74120,0.73780
2463.70171,0.73428
2461.66222,0.73051
2459.62273,0.72674
2457.58324,0.72294
2455.54376,0.71896
2453.50427,0.71502
2451.46478,0.71118
2449.42529,0.70716
2447.38580,0.70291
2445.34631,0.69870
2443.30683,0.69447
2441.26734,0.68998
2439.22785,0.68560
2437.18836,0.68153
2435.14887,0.67741
2433.10939,0.67301
2431.06990,0.66850
2429.03041,0.66451
2426.99092,0.66122
2424.95143,0.65765
2422.91194,0.65347
2420.87246,0.64958
2418.83297,0.64619
2416.79348,0.64298
2414.75399,0.63975
2412.71450,0.63643
2410.67502,0.63332
2408.63553,0.63073
2406.59604,0.62830
2404.55655,0.62561
2402.51706,0.62290
2400.47757,0.62039
2398.43809,0.61802
2396.39860,0.61564
2394.35911,0.61325
2392.31962,0.61119
2390.28013,0.60970
2388.24065,0.60887
2386.20116,0.60861
2384.16167,0.60855
2382.12218,0.60842
2380.08269,0.60824
2378.04320,0.60814
2376.00372,0.60818
2373.96423,0.60852
2371.92474,0.60921
2369.88525,0.60997
2367.84576,0.61101
2365.80628,0.61201
2363.76679,0.61166
2361.72730,0.60987
2359.68781,0.60753
2357.64832,0.60444
2355.60884,0.60047
2353.56935,0.59780
2351.52986,0.59779
2349.49037,0.59730
2347.45088,0.59362
2345.41139,0.58881
2343.37191,0.58584
2341.33242,0.58477
2339.29293,0.58395
2337.25344,0.58244
2335.21395,0.58017
2333.17447,0.57777
2331.13498,0.57574
2329.09549,0.57417
2327.05600,0.57261
2325.01651,0.57022
2322.97702,0.56717
2320.93754,0.56445
2318.89805,0.56251
2316.85856,0.56092
2314.81907,0.55925
2312.77958,0.55756
2310.74010,0.55593
2308.70061,0.55443
2306.66112,0.55321
2304.62163,0.55198
2302.58214,0.55062
2300.54265,0.54947
2298.50317,0.54851
2296.46368,0.54756
2294.42419,0.54682
2292.38470,0.54658
2290.34521,0.54674
2288.30573,0.54698
2286.26624,0.54707
2284.22675,0.54690
2282.18726,0.54659
2280.14777,0.54654
2278.10828,0.54700
2276.06880,0.54786
2274.02931,0.54893
2271.98982,0.55007
2269.95033,0.55107
2267.91084,0.55197
2265.87136,0.55286
2263.83187,0.55362
2261.79238,0.55420
2259.75289,0.55487
2257.71340,0.55571
2255.67391,0.55638
2253.63443,0.55675
2251.59494,0.55694
2249.55545,0.55713
2247.51596,0.55791
2245.47647,0.55872
2243.43699,0.55962
2241.39750,0.56069
2239.35801,0.56161
2237.31852,0.56240
2235.27903,0.56333
2233.23954,0.56433
2231.20006,0.56518
2229.16057,0.56621
2227.12108,0.56776
2225.08159,0.56934
2223.04210,0.57064
2221.00262,0.57207
2218.96313,0.57398
2216.92364,0.57615
2214.88415,0.57842
2212.84466,0.58070
2210.80518,0.58270
2208.76569,0.58451
2206.72620,0.58666
2204.68671,0.58901
2202.64722,0.59100
2200.60773,0.59257
2198.56825,0.59409
2196.52876,0.59590
2194.48927,0.59817
2192.44978,0.60052
2190.41029,0.60250
2188.37081,0.60460
2186.33132,0.60733
2184.29183,0.61011
2182.25234,0.61246
2180.21285,0.61489
2178.17336,0.61783
2176.13388,0.62098
2174.09439,0.62377
2172.05490,0.62617
2170.01541,0.62857
2167.97592,0.63085
2165.93644,0.63294
2163.89695,0.63493
2161.85746,0.63650
2159.81797,0.63791
2157.77848,0.63945
2155.73899,0.64048
2153.69951,0.64112
2151.66002,0.64171
2149.62053,0.64168
2147.58104,0.64110
2145.54155,0.64048
2143.50207,0.63996
2141.46258,0.63948
2139.42309,0.63902
2137.38360,0.63871
2135.34411,0.63853
2133.30462,0.63816
2131.26514,0.63756
2129.22565,0.63686
2127.18616,0.63602
2125.14667,0.63530
2123.10718,0.63477
2121.06770,0.63439
2119.02821,0.63434
2116.98872,0.63449
2114.94923,0.63415
2112.90974,0.63322
2110.87025,0.63259
2108.83077,0.63276
2106.79128,0.63344
2104.75179,0.63414
2102.71230,0.63451
2100.67281,0.63451
2098.63333,0.63440
2096.59384,0.63424
2094.55435,0.63428
2092.51486,0.63474
2090.47537,0.63521
2088.43588,0.63533
2086.39640,0.63505
2084.35691,0.63457
2082.31742,0.63421
2080.27793,0.63384
2078.23844,0.63311
2076.19896,0.63237
2074.15947,0.63214
2072.11998,0.63227
2070.08049,0.63242
2068.04100,0.63265
2066.00152,0.63290
2063.96203,0.63300
2061.92254,0.63281
2059.88305,0.63244
2057.84356,0.63229
2055.80407,0.63216
2053.76459,0.63168
2051.72510,0.63077
2049.68561,0.62942
2047.64612,0.62764
2045.60663,0.62531
2043.56715,0.62243
2041.52766,0.61954
2039.48817,0.61699
2037.44868,0.61423
2035.40919,0.61093
2033.36970,0.60746
2031.33022,0.60390
2029.29073,0.60016
2027.25124,0.59657
2025.21175,0.59318
2023.17226,0.58958
2021.13278,0.58603
2019.09329,0.58283
2017.05380,0.57954
2015.01431,0.57586
2012.97482,0.57209
2010.93533,0.56881
2008.89585,0.56601
2006.85636,0.56336
2004.81687,0.56095
2002.77738,0.55904
2000.73789,0.55759
1998.69841,0.55645
1996.65892,0.55555
1994.61943,0.55470
1992.57994,0.55380
1990.54045,0.55313
1988.50096,0.55228
1986.46148,0.55110
1984.42199,0.55016
1982.38250,0.54937
1980.34301,0.54845
1978.30352,0.54762
1976.26404,0.54723
1974.22455,0.54709
1972.18506,0.54717
1970.14557,0.54765
1968.10608,0.54802
1966.06659,0.54777
1964.02711,0.54722
1961.98762,0.54694
1959.94813,0.54709
1957.90864,0.54727
1955.86915,0.54735
1953.82967,0.54744
1951.79018,0.54748
1949.75069,0.54752
1947.71120,0.54812
1945.67171,0.54952
1943.63222,0.55052
1941.59274,0.55015
1939.55325,0.54877
1937.51376,0.54721
1935.47427,0.54613
1933.43478,0.54547
1931.39530,0.54508
1929.35581,0.54487
1927.31632,0.54473
1925.27683,0.54471
1923.23734,0.54502
1921.19786,0.54541
1919.15837,0.54482
1917.11888,0.54368
1915.07939,0.54272
1913.03990,0.54187
1911.00041,0.54117
1908.96093,0.54011
1906.92144,0.53860
1904.88195,0.53717
1902.84246,0.53605
1900.80297,0.53506
1898.76349,0.53445
1896.72400,0.53442
1894.68451,0.53478
1892.64502,0.53525
1890.60553,0.53560
1888.56604,0.53606
1886.52656,0.53661
1884.48707,0.53710
1882.44758,0.53779
1880.40809,0.53853
1878.36860,0.53925
1876.32912,0.54007
1874.28963,0.54128
1872.25014,0.54312
1870.21065,0.54471
1868.17116,0.54474
1866.13167,0.54302
1864.09219,0.54078
1862.05270,0.53919
1860.01321,0.53810
1857.97372,0.53709
1855.93423,0.53614
1853.89475,0.53542
1851.85526,0.53500
1849.81577,0.53514
1847.77628,0.53609
1845.73679,0.53653
1843.69730,0.53539
1841.65782,0.53342
1839.61833,0.53131
1837.57884,0.52982
1835.53935,0.52977
1833.49986,0.53128
1831.46038,0.53341
1829.42089,0.53540
1827.38140,0.53665
1825.34191,0.53677
1823.30242,0.53677
1821.26293,0.53711
1819.22345,0.53772
1817.18396,0.53897
1815.14447,0.54122
1813.10498,0.54422
1811.06549,0.54738
1809.02601,0.55022
1806.98652,0.55289
1804.94703,0.55634
1802.90754,0.56100
1800.86805,0.56652
1798.82856,0.57238
1796.78908,0.57846
1794.74959,0.58519
1792.71010,0.59280
1790.67061,0.60049
1788.63112,0.60685
1786.59164,0.61276
1784.55215,0.62020
1782.51266,0.62846
1780.47317,0.63608
1778.43368,0.64324
1776.39420,0.65058
1774.35471,0.65842
1772.31522,0.66643
1770.27573,0.67303
1768.23624,0.67746
1766.19675,0.68229
1764.15727,0.68884
1762.11778,0.69747
1760.07829,0.70803
1758.03880,0.71876
1755.99931,0.73041
1753.95983,0.74333
1751.92034,0.75779
1749.88085,0.77546
1747.84136,0.79410
1745.80187,0.81106
1743.76238,0.82840
1741.72290,0.84878
1739.68341,0.87214
1737.64392,0.89514
1735.60443,0.91584
1733.56494,0.93668
1731.52546,0.95287
1729.48597,0.95963
1727.44648,0.96177
1725.40699,0.96252
1723.36750,0.96228
1721.32801,0.96136
1719.28853,0.95829
1717.24904,0.95245
1715.20955,0.94560
1713.17006,0.94018
1711.13057,0.93829
1709.09109,0.94032
1707.05160,0.94566
1705.01211,0.95470
1702.97262,0.96698
1700.93313,0.98375
1698.89364,1.00670
1696.85416,1.02968
1694.81467,1.05192
1692.77518,1.07359
1690.73569,1.09530
1688.69620,1.11997
1686.65672,1.14610
1684.61723,1.17587
1682.57774,1.20806
1680.53825,1.23258
1678.49876,1.25190
1676.45927,1.27309
1674.41979,1.29774
1672.38030,1.32123
1670.34081,1.34100
1668.30132,1.36043
1666.26183,1.37827
1664.22235,1.39296
1662.18286,1.40623
1660.14337,1.41763
1658.10388,1.42816
1656.06439,1.43976
1654.02490,1.45282
1651.98542,1.46645
1649.94593,1.47358
1647.90644,1.47546
1645.86695,1.48103
1643.82746,1.48840
1641.78798,1.49014
1639.74849,1.48714
1637.70900,1.48283
1635.66951,1.48002
1633.63002,1.47981
1631.59054,1.47808
1629.55105,1.47364
1627.51156,1.46879
1625.47207,1.46350
1623.43258,1.45896
1621.39309,1.45829
1619.35361,1.45842
1617.31412,1.45513
1615.27463,1.44911
1613.23514,1.44192
1611.19565,1.43658
1609.15617,1.43559
1607.11668,1.43686
1605.07719,1.43786
1603.03770,1.43687
1600.99821,1.43382
1598.95872,1.43017
1596.91924,1.42600
1594.87975,1.42147
1592.84026,1.41787
1590.80077,1.41557
1588.76128,1.41477
1586.72180,1.41415
1584.68231,1.41065
1582.64282,1.40517
1580.60333,1.40094
1578.56384,1.39680
1576.52435,1.39167
1574.48487,1.38845
1572.44538,1.38396
1570.40589,1.37429
1568.36640,1.36334
1566.32691,1.35301
1564.28743,1.34252
1562.24794,1.33297
1560.20845,1.32083
1558.16896,1.30528
1556.12947,1.29230
1554.08998,1.28141
1552.05050,1.27096
1550.01101,1.26009
1547.97152,1.25084
1545.93203,1.24473
1543.89254,1.23892
1541.85306,1.22915
1539.81357,1.21775
1537.77408,1.21347
1535.73459,1.21240
1533.69510,1.20932
1531.65561,1.20657
1529.61613,1.20504
1527.57664,1.20311
1525.53715,1.20007
1523.49766,1.19522
1521.45817,1.19155
1519.41869,1.19274
1517.37920,1.19448
1515.33971,1.19412
1513.30022,1.19315
1511.26073,1.19267
1509.22124,1.19118
1507.18176,1.18793
1505.14227,1.18861
1503.10278,1.19256
1501.06329,1.19590
1499.02380,1.19961
1496.98432,1.20619
1494.94483,1.21557
1492.90534,1.22499
1490.86585,1.23596
1488.82636,1.25160
1486.78688,1.26969
1484.74739,1.28910
1482.70790,1.31185
1480.66841,1.33824
1478.62892,1.36620
1476.58943,1.39575
1474.54995,1.43091
1472.51046,1.47658
1470.47097,1.52566
1468.43148,1.56297
1466.39199,1.58821
1464.35251,1.60972
1462.31302,1.62888
1460.27353,1.63891
1458.23404,1.63850
1456.19455,1.63865
1454.15506,1.64297
1452.11558,1.64164
1450.07609,1.63307
1448.03660,1.62496
1445.99711,1.62521
1443.95762,1.63382
1441.91814,1.64408
1439.87865,1.65077
1437.83916,1.65549
1435.79967,1.66372
1433.76018,1.67203
1431.72069,1.67643
1429.68121,1.68278
1427.64172,1.69042
1425.60223,1.69261
1423.56274,1.69448
1421.52325,1.69992
1419.48377,1.70338
1417.44428,1.70351
1415.40479,1.70103
1413.36530,1.69805
1411.32581,1.69874
1409.28632,1.70024
1407.24684,1.69530
1405.20735,1.68640
1403.16786,1.68253
1401.12837,1.68457
1399.08888,1.68585
1397.04940,1.68198
1395.00991,1.67733
1392.97042,1.67870
1390.93093,1.68471
1388.89144,1.69029
1386.85195,1.69286
1384.81247,1.69260
1382.77298,1.69336
1380.73349,1.69900
1378.69400,1.70690
1376.65451,1.71045
1374.61503,1.71083
1372.57554,1.71277
1370.53605,1.71300
1368.49656,1.71022
1366.45707,1.70808
1364.41758,1.70576
1362.37810,1.70124
1360.33861,1.69727
1358.29912,1.69672
1356.25963,1.69879
1354.22014,1.70140
1352.18066,1.70212
1350.14117,1.69947
1348.10168,1.69692
1346.06219,1.69872
1344.02270,1.70044
1341.98322,1.69645
1339.94373,1.69105
1337.90424,1.68955
1335.86475,1.68957
1333.82526,1.68759
1331.78577,1.67959
1329.74629,1.66517
1327.70680,1.65160
1325.66731,1.64554
1323.62782,1.64763
1321.58833,1.64933
1319.54885,1.64296
1317.50936,1.63483
1315.46987,1.63273
1313.43038,1.63273
1311.39089,1.62816
1309.35140,1.62115
1307.31192,1.61554
1305.27243,1.61054
1303.23294,1.60688
1301.19345,1.60544
1299.15396,1.60253
1297.11448,1.59596
1295.07499,1.58888
1293.03550,1.58446
1290.99601,1.58199
1288.95652,1.57918
1286.91703,1.57551
1284.87755,1.57125
1282.83806,1.56782
1280.79857,1.56601
1278.75908,1.56181
1276.71959,1.55293
1274.68011,1.54561
1272.64062,1.54853
1270.60113,1.56011
1268.56164,1.56891
1266.52215,1.56998
1264.48266,1.56828
1262.44318,1.56706
1260.40369,1.56766
1258.36420,1.57107
1256.32471,1.57487
1254.28522,1.57809
1252.24574,1.57942
1250.20625,1.57654
1248.16676,1.57249
1246.12727,1.57242
1244.08778,1.57825
1242.04829,1.58603
1240.00881,1.58933
1237.96932,1.58616
1235.92983,1.57947
1233.89034,1.57241
1231.85085,1.56462
1229.81137,1.55254
1227.77188,1.53742
1225.73239,1.52479
1223.69290,1.51506
1221.65341,1.50857
1219.61392,1.50575
1217.57444,1.50556
1215.53495,1.51360
1213.49546,1.53046
1211.45597,1.54455
1209.41648,1.55264
1207.37700,1.56065
1205.33751,1.56532
1203.29802,1.56194
1201.25853,1.55668
1199.21904,1.55500
1197.17956,1.55232
1195.14007,1.54613
1193.10058,1.54334
1191.06109,1.54532
1189.02160,1.55134
1186.98211,1.56580
1184.94263,1.58952
1182.90314,1.62381
1180.86365,1.66810
1178.82416,1.71885
1176.78467,1.78019
1174.74519,1.85180
1172.70570,1.92185
1170.66621,1.97753
1168.62672,2.00445
1166.58723,2.00157
1164.54774,1.98861
1162.50826,1.97840
1160.46877,1.96454
1158.42928,1.93982
1156.38979,1.90551
1154.35030,1.87001
1152.31082,1.83972
1150.27133,1.81396
1148.23184,1.79412
1146.19235,1.78021
1144.15286,1.77180
1142.11337,1.77463
1140.07389,1.78353
1138.03440,1.79015
1135.99491,1.79525
1133.95542,1.79865
1131.91593,1.80470
1129.87645,1.81422
1127.83696,1.81872
1125.79747,1.81949
1123.75798,1.82450
1121.71849,1.83099
1119.67900,1.83206
1117.63952,1.82768
1115.60003,1.81963
1113.56054,1.81243
1111.52105,1.81655
1109.48156,1.82723
1107.44208,1.82732
1105.40259,1.81693
1103.36310,1.80707
1101.32361,1.80632
1099.28412,1.81672
1097.24463,1.82442
1095.20515,1.82179
1093.16566,1.81910
1091.12617,1.81977
1089.08668,1.81348
1087.04719,1.80211
1085.00771,1.79832
1082.96822,1.79981
1080.92873,1.79277
1078.88924,1.78077
1076.84975,1.76719
1074.81027,1.75363
1072.77078,1.75640
1070.73129,1.77863
1068.69180,1.80832
1066.65231,1.83710
1064.61282,1.85255
1062.57334,1.84325
1060.53385,1.81631
1058.49436,1.78714
1056.45487,1.75718
1054.41538,1.71788
1052.37590,1.67283
1050.33641,1.63534
1048.29692,1.61324
1046.25743,1.60484
1044.21794,1.60278
1042.17845,1.59894
1040.13897,1.59246
1038.09948,1.58585
1036.05999,1.57929
1034.02050,1.57676
1031.98101,1.57811
1029.94153,1.57343
1027.90204,1.56115
1025.86255,1.55003
1023.82306,1.54014
1021.78357,1.53019
1019.74408,1.52634
1017.70460,1.52710
1015.66511,1.52648
1013.62562,1.52583
1011.58613,1.52319
1009.54664,1.51792
1007.50716,1.51573
1005.46767,1.51630
1003.42818,1.51388
1001.38869,1.50429
999.34920,1.49145
997.30971,1.48308
995.27023,1.48133
993.23074,1.48350
991.19125,1.48301
989.15176,1.47713
987.11227,1.46926
985.07279,1.45873
983.03330,1.44134
980.99381,1.41884
978.95432,1.39458
976.91483,1.36780
974.87534,1.33764
972.83586,1.30600
970.79637,1.27467
968.75688,1.24578
966.71739,1.22529
964.67790,1.21401
962.63842,1.20493
960.59893,1.19605
958.55944,1.19152
956.51995,1.19329
954.48046,1.20006
952.44097,1.21155
950.40149,1.23004
948.36200,1.25633
946.32251,1.28875
944.28302,1.32577
942.24353,1.36292
940.20405,1.39083
938.16456,1.40468
936.12507,1.41216
934.08558,1.42029
932.04609,1.42600
930.00661,1.42843
927.96712,1.42992
925.92763,1.42768
923.88814,1.41765
921.84865,1.39634
919.80916,1.36857
917.76968,1.34413
915.73019,1.32189
913.69070,1.29873
911.65121,1.27732
909.61172,1.26027
907.57224,1.24788
905.53275,1.23847
903.49326,1.23127
901.45377,1.22553
899.41428,1.21898
897.37479,1.21117
895.33531,1.20450
893.29582,1.19853
891.25633,1.19018
889.21684,1.17998
887.17735,1.17178
885.13787,1.16865
883.09838,1.17256
881.05889,1.18547
879.01940,1.20626
876.97991,1.23283
874.94042,1.26558
872.90094,1.30226
870.86145,1.33987
868.82196,1.37736
866.78247,1.41013
864.74298,1.43322
862.70350,1.44085
860.66401,1.43057
858.62452,1.41621
856.58503,1.40694
854.54554,1.39797
852.50605,1.38653
850.46657,1.37241
848.42708,1.35826
846.38759,1.34909
844.34810,1.34214
842.30861,1.32980
840.26913,1.31461
838.22964,1.30490
836.19015,1.29843
834.15066,1.29108
832.11117,1.28462
830.07168,1.27698
828.03220,1.26783
825.99271,1.26083
823.95322,1.25600
821.91373,1.25521
819.87424,1.26006
817.83476,1.26713
815.79527,1.27428
813.75578,1.28248
811.71629,1.29337
809.67680,1.30523
807.63731,1.31519
805.59783,1.32433
803.55834,1.33496
801.51885,1.35051
799.47936,1.36867
797.43987,1.38045
795.40039,1.38766
793.36090,1.39860
791.32141,1.41253
789.28192,1.42176
787.24243,1.43126
785.20295,1.45161
783.16346,1.47232
781.12397,1.48467
779.08448,1.49875
777.04499,1.52023
775.00550,1.53837
772.96602,1.54556
770.92653,1.55322
768.88704,1.56472
766.84755,1.56804
764.80806,1.55985
762.76858,1.54958
760.72909,1.54115
758.68960,1.53459
756.65011,1.53155
754.61062,1.52835
752.57113,1.51804
750.53165,1.50104
748.49216,1.49220
746.45267,1.49850
744.41318,1.51300
742.37369,1.52559
740.33421,1.52523
738.29472,1.51719
736.25523,1.51805
734.21574,1.52986
732.17625,1.54345
730.13676,1.55078
728.09728,1.55566
726.05779,1.56679
724.01830,1.57586
721.97881,1.58690
719.93932,1.60495
717.89984,1.61881
715.86035,1.61984
713.82086,1.61402
711.78137,1.60936
709.74188,1.60634
707.70239,1.60660
705.66291,1.61195
703.62342,1.61580
701.58393,1.61212
699.54444,1.59874
697.50495,1.58034
695.46547,1.56962
693.42598,1.57015
691.38649,1.57524
689.34700,1.58382
687.30751,1.59177
685.26802,1.59292
683.22854,1.59374
681.18905,1.59546
679.14956,1.59333
677.11007,1.59317
675.07058,1.59922
673.03110,1.60702
670.99161,1.60922
668.95212,1.60617
666.91263,1.60978
664.87314,1.61772
662.83365,1.62293
660.79417,1.62939
658.75468,1.63198
656.71519,1.62430
654.67570,1.62009
652.63621,1.62801
650.59673,1.62902
648.55724,1.61429
646.51775,1.60348
644.47826,1.60169
642.43877,1.59710
640.39929,1.59234
638.35980,1.59865
636.32031,1.61375
634.28082,1.61995
632.24133,1.61081
630.20184,1.60061
628.16236,1.60077
626.12287,1.61358
624.08338,1.62775
622.04389,1.62593
620.00440,1.62680
617.96492,1.62373
615.92543,1.59343
613.88594,1.58103
611.84645,1.60278
609.80696,1.61614
607.76747,1.61859
605.72799,1.61547
603.68850,1.60037
601.64901,1.58538
599.60952,1.56666
597.57003,1.55698
595.53055,1.57958
593.49106,1.63073
591.45157,1.66677
589.41208,1.63183
587.37259,1.59753
585.33310,1.63769
583.29362,1.69169
581.25413,1.65780
579.21464,1.64263
577.17515,1.67227
575.13566,1.65312
573.09618,1.61290
571.05669,1.61467
569.01720,1.62416
566.97771,1.61644
564.93822,1.63137
562.89873,1.63993
560.85925,1.62026
558.81976,1.56596
556.78027,1.51950
554.74078,1.48155
552.70129,1.44241
550.66181,1.44681
548.62232,1.50415
546.58283,1.52216
544.54334,1.52247
542.50385,1.56205
540.46436,1.60732
538.42488,1.64179
536.38539,1.65704
534.34590,1.63319
532.30641,1.56848
530.26692,1.52327
528.22744,1.56712
526.18795,1.69192
524.14846,1.70254
522.10897,1.56390
520.06948,1.44817
518.02999,1.38990
515.99051,1.41624
513.95102,1.51320
511.91153,1.51125
509.87204,1.32936
507.83255,1.13270
505.79307,1.00617
503.75358,0.99224
501.71409,1.10455
499.67460,1.51188
