3997.39681,0.45922
3995.35732,0.45909
3993.31783,0.45927
3991.27835,0.45916
3989.23886,0.45885
3987.19937,0.45818
3985.15988,0.45714
3983.12039,0.45584
3981.08091,0.45417
3979.04142,0.45261
3977.00193,0.45196
3974.96244,0.45188
3972.92295,0.45101
3970.88346,0.44913
3968.84398,0.44757
3966.80449,0.44681
3964.76500,0.44600
3962.72551,0.44481
3960.68602,0.44328
3958.64654,0.44124
3956.60705,0.43914
3954.56756,0.43761
3952.52807,0.43681
3950.48858,0.43619
3948.44909,0.43484
3946.40961,0.43324
3944.37012,0.43232
3942.33063,0.43141
3940.29114,0.42972
3938.25165,0.42803
3936.21217,0.42724
3934.17268,0.42678
3932.13319,0.42548
3930.09370,0.42298
3928.05421,0.42014
3926.01473,0.41796
3923.97524,0.41624
3921.93575,0.41412
3919.89626,0.41157
3917.85677,0.40920
3915.81728,0.40702
3913.77780,0.40465
3911.73831,0.40212
3909.69882,0.40023
3907.65933,0.39966
3905.61984,0.39966
3903.58036,0.39857
3901.54087,0.39571
3899.50138,0.39216
3897.46189,0.38957
3895.42240,0.38822
3893.38291,0.38704
3891.34343,0.38561
3889.30394,0.38474
3887.26445,0.38434
3885.22496,0.38344
3883.18547,0.38207
3881.14599,0.38035
3879.10650,0.37858
3877.06701,0.37802
3875.02752,0.37853
3872.98803,0.37895
3870.94854,0.37880
3868.90906,0.37824
3866.86957,0.37773
3864.83008,0.37726
3862.79059,0.37670
3860.75110,0.37659
3858.71162,0.37687
3856.67213,0.37629
3854.63264,0.37434
3852.59315,0.37280
3850.55366,0.37317
3848.51417,0.37409
3846.47469,0.37471
3844.43520,0.37503
3842.39571,0.37489
3840.35622,0.37452
3838.31673,0.37428
3836.27725,0.37411
3834.23776,0.37380
3832.19827,0.37327
3830.15878,0.37249
3828.11929,0.37184
3826.07980,0.37239
3824.04032,0.37402
3822.00083,0.37498
3819.96134,0.37456
3817.92185,0.37375
3815.88236,0.37330
3813.84288,0.37369
3811.80339,0.37468
3809.76390,0.37555
3807.72441,0.37602
3805.68492,0.37601
3803.64543,0.37562
3801.60595,0.37567
3799.56646,0.37721
3797.52697,0.37945
3795.48748,0.38109
3793.44799,0.38239
3791.40851,0.38403
3789.36902,0.38587
3787.32953,0.38753
3785.29004,0.38903
3783.25055,0.39017
3781.21107,0.39120
3779.17158,0.39300
3777.13209,0.39520
3775.09260,0.39665
3773.05311,0.39753
3771.01362,0.39897
3768.97414,0.40133
3766.93465,0.40397
3764.89516,0.40665
3762.85567,0.40982
3760.81618,0.41280
3758.77670,0.41450
3756.73721,0.41545
3754.69772,0.41708
3752.65823,0.41995
3750.61874,0.42318
3748.57925,0.42512
3746.53977,0.42584
3744.50028,0.42734
3742.46079,0.43100
3740.42130,0.43528
3738.38181,0.43882
3736.34233,0.44261
3734.30284,0.44687
3732.26335,0.44988
3730.22386,0.45159
3728.18437,0.45359
3726.14488,0.45662
3724.10540,0.46042
3722.06591,0.46534
3720.02642,0.47114
3717.98693,0.47625
3715.94744,0.48056
3713.90796,0.48569
3711.86847,0.49213
3709.82898,0.49871
3707.78949,0.50485
3705.75000,0.51142
3703.71051,0.51957
3701.67103,0.52875
3699.63154,0.53729
3697.59205,0.54559
3695.55256,0.55518
3693.51307,0.56624
3691.47359,0.57841
3689.43410,0.59124
3687.39461,0.60407
3685.35512,0.61757
3683.31563,0.63318
3681.27614,0.65043
3679.23666,0.66771
3677.19717,0.68594
3675.15768,0.70730
3673.11819,0.72909
3671.07870,0.74964
3669.03922,0.77205
3666.99973,0.79527
3664.96024,0.81665
3662.92075,0.83835
3660.88126,0.86317
3658.84177,0.89002
3656.80229,0.91710
3654.76280,0.94339
3652.72331,0.96722
3650.68382,0.99031
3648.64433,1.01672
3646.60485,1.04521
3644.56536,1.07163
3642.52587,1.09531
3640.48638,1.11774
3638.44689,1.14101
3636.40741,1.16506
3634.36792,1.18863
3632.32843,1.21426
3630.28894,1.24490
3628.24945,1.27289
3626.20996,1.28888
3624.17048,1.30279
3622.13099,1.32527
3620.09150,1.35135
3618.05201,1.37233
3616.01252,1.39476
3613.97304,1.42480
3611.93355,1.45246
3609.89406,1.46690
3607.85457,1.47063
3605.81508,1.48021
3603.77559,1.50433
3601.73611,1.53202
3599.69662,1.55181
3597.65713,1.56315
3595.61764,1.56794
3593.57815,1.57362
3591.53867,1.58980
3589.49918,1.61280
3587.45969,1.63046
3585.42020,1.63710
3583.38071,1.63843
3581.34122,1.63951
3579.30174,1.64532
3577.26225,1.65766
3575.22276,1.67079
3573.18327,1.68417
3571.14378,1.70322
3569.10430,1.72231
3567.06481,1.72632
3565.02532,1.71646
3562.98583,1.71094
3560.94634,1.71666
3558.90685,1.72196
3556.86737,1.72131
3554.82788,1.72497
3552.78839,1.73249
3550.74890,1.73377
3548.70941,1.73328
3546.66993,1.73809
3544.63044,1.74539
3542.59095,1.75217
3540.55146,1.75602
3538.51197,1.75654
3536.47248,1.75603
3534.43300,1.75579
3532.39351,1.75860
3530.35402,1.76154
3528.31453,1.75772
3526.27504,1.75667
3524.23556,1.76369
3522.19607,1.76378
3520.15658,1.76051
3518.11709,1.76880
3516.07760,1.77535
3514.03811,1.77082
3511.99863,1.76956
3509.95914,1.77249
3507.91965,1.77127
3505.88016,1.76451
3503.84067,1.75396
3501.80119,1.74707
3499.76170,1.74692
3497.72221,1.75091
3495.68272,1.75915
3493.64323,1.76997
3491.60375,1.77787
3489.56426,1.77870
3487.52477,1.77182
3485.48528,1.76209
3483.44579,1.76203
3481.40630,1.77234
3479.36682,1.78306
3477.32733,1.79036
3475.28784,1.79507
3473.24835,1.80059
3471.20886,1.79780
3469.16938,1.77974
3467.12989,1.76521
3465.09040,1.76911
3463.05091,1.77662
3461.01142,1.76736
3458.97193,1.75472
3456.93245,1.75848
3454.89296,1.76920
3452.85347,1.77230
3450.81398,1.77175
3448.77449,1.77257
3446.73501,1.76982
3444.69552,1.76126
3442.65603,1.75349
3440.61654,1.75493
3438.57705,1.77055
3436.53756,1.79204
3434.49808,1.79959
3432.45859,1.78600
3430.41910,1.76488
3428.37961,1.75305
3426.34012,1.75984
3424.30064,1.77877
3422.26115,1.78443
3420.22166,1.76255
3418.18217,1.73465
3416.14268,1.72532
3414.10319,1.73426
3412.06371,1.74621
3410.02422,1.75216
3407.98473,1.75863
3405.94524,1.76938
3403.90575,1.77785
3401.86627,1.77854
3399.82678,1.77077
3397.78729,1.75978
3395.74780,1.75314
3393.70831,1.75086
3391.66882,1.74891
3389.62934,1.74690
3387.58985,1.74418
3385.55036,1.74369
3383.51087,1.74882
3381.47138,1.75322
3379.43190,1.75091
3377.39241,1.74747
3375.35292,1.74855
3373.31343,1.74550
3371.27394,1.73571
3369.23446,1.73318
3367.19497,1.73965
3365.15548,1.74189
3363.11599,1.73586
3361.07650,1.72875
3359.03701,1.72750
3356.99753,1.73124
3354.95804,1.72763
3352.91855,1.71642
3350.87906,1.71269
3348.83957,1.71663
3346.80009,1.71806
3344.76060,1.71372
3342.72111,1.70977
3340.68162,1.71253
3338.64213,1.71848
3336.60264,1.72221
3334.56316,1.72246
3332.52367,1.71772
3330.48418,1.71305
3328.44469,1.71726
3326.40520,1.72419
3324.36572,1.71990
3322.32623,1.70838
3320.28674,1.70125
3318.24725,1.69934
3316.20776,1.70032
3314.16827,1.70285
3312.12879,1.70647
3310.08930,1.71149
3308.04981,1.71068
3306.01032,1.70000
3303.97083,1.69022
3301.93135,1.69006
3299.89186,1.69537
3297.85237,1.69802
3295.81288,1.69439
3293.77339,1.69137
3291.73390,1.69476
3289.69442,1.69778
3287.65493,1.69429
3285.61544,1.68990
3283.57595,1.68758
3281.53646,1.68316
3279.49698,1.67943
3277.45749,1.68067
3275.41800,1.68037
3273.37851,1.67145
3271.33902,1.66162
3269.29953,1.66229
3267.26005,1.67154
3265.22056,1.67987
3263.18107,1.68154
3261.14158,1.67730
3259.10209,1.67203
3257.06261,1.67081
3255.02312,1.67416
3252.98363,1.67925
3250.94414,1.67949
3248.90465,1.67112
3246.86516,1.66238
3244.82568,1.65584
3242.78619,1.64782
3240.74670,1.64913
3238.70721,1.66156
3236.66772,1.66472
3234.62824,1.65567
3232.58875,1.64989
3230.54926,1.65214
3228.50977,1.65472
3226.47028,1.64930
3224.43080,1.64323
3222.39131,1.64478
3220.35182,1.64762
3218.31233,1.64500
3216.27284,1.63986
3214.23335,1.63983
3212.19387,1.64333
3210.15438,1.64351
3208.11489,1.64236
3206.07540,1.64379
3204.03591,1.64644
3201.99643,1.64671
3199.95694,1.64297
3197.91745,1.63683
3195.87796,1.63205
3193.83847,1.63226
3191.79898,1.63635
3189.75950,1.64088
3187.72001,1.64283
3185.68052,1.64179
3183.64103,1.63876
3181.60154,1.63504
3179.56206,1.63423
3177.52257,1.63444
3175.48308,1.63297
3173.44359,1.63164
3171.40410,1.63105
3169.36461,1.63168
3167.32513,1.63164
3165.28564,1.62874
3163.24615,1.62581
3161.20666,1.62624
3159.16717,1.62796
3157.12769,1.62841
3155.08820,1.62920
3153.04871,1.62979
3151.00922,1.62669
3148.96973,1.62026
3146.93024,1.61507
3144.89076,1.61363
3142.85127,1.61346
3140.81178,1.61175
3138.77229,1.60932
3136.73280,1.60716
3134.69332,1.60372
3132.65383,1.59946
3130.61434,1.59644
3128.57485,1.59442
3126.53536,1.59334
3124.49587,1.59360
3122.45639,1.59327
3120.41690,1.59130
3118.37741,1.58890
3116.33792,1.58584
3114.29843,1.58564
3112.25895,1.58900
3110.21946,1.58861
3108.17997,1.58525
3106.14048,1.58436
3104.10099,1.58247
3102.06150,1.57777
3100.02202,1.57473
3097.98253,1.57135
3095.94304,1.56430
3093.90355,1.55825
3091.86406,1.55513
3089.82458,1.55202
3087.78509,1.54940
3085.74560,1.54768
3083.70611,1.54514
3081.66662,1.54482
3079.62714,1.54841
3077.58765,1.54946
3075.54816,1.54319
3073.50867,1.53498
3071.46918,1.53129
3069.42969,1.52989
3067.39021,1.52564
3065.35072,1.51834
3063.31123,1.51240
3061.27174,1.51033
3059.23225,1.51061
3057.19277,1.51087
3055.15328,1.50679
3053.11379,1.49688
3051.07430,1.48811
3049.03481,1.48442
3046.99532,1.48357
3044.95584,1.48446
3042.91635,1.48331
3040.87686,1.47838
3038.83737,1.47322
3036.79788,1.46756
3034.75840,1.46122
3032.71891,1.45622
3030.67942,1.45179
3028.63993,1.44861
3026.60044,1.44687
3024.56095,1.44118
3022.52147,1.43147
3020.48198,1.42584
3018.44249,1.42582
3016.40300,1.42703
3014.36351,1.42740
3012.32403,1.42488
3010.28454,1.42116
3008.24505,1.42156
3006.20556,1.42593
3004.16607,1.43098
3002.12658,1.43408
3000.08710,1.43423
2998.04761,1.43396
2996.00812,1.43626
2993.96863,1.44106
2991.92914,1.44693
2989.88966,1.45506
2987.85017,1.46458
2985.81068,1.46998
2983.77119,1.47305
2981.73170,1.48016
2979.69221,1.48978
2977.65273,1.49792
2975.61324,1.50655
2973.57375,1.51727
2971.53426,1.52506
2969.49477,1.53059
2967.45529,1.54110
2965.41580,1.55322
2963.37631,1.56019
2961.33682,1.56665
2959.29733,1.57835
2957.25784,1.59131
2955.21836,1.59882
2953.17887,1.60290
2951.13938,1.60974
2949.09989,1.61955
2947.06040,1.62925
2945.02092,1.63603
2942.98143,1.63915
2940.94194,1.64154
2938.90245,1.64333
2936.86296,1.64241
2934.82348,1.64106
2932.78399,1.64142
2930.74450,1.64218
2928.70501,1.64125
2926.66552,1.63626
2924.62603,1.62772
2922.58655,1.61866
2920.54706,1.61148
2918.50757,1.60668
2916.46808,1.60374
2914.42859,1.60318
2912.38911,1.60456
2910.34962,1.60510
2908.31013,1.60136
2906.27064,1.59474
2904.23115,1.59109
2902.19166,1.59335
2900.15218,1.59885
2898.11269,1.60090
2896.07320,1.59489
2894.03371,1.58507
2891.99422,1.58009
2889.95474,1.57782
2887.91525,1.57014
2885.87576,1.56044
2883.83627,1.55601
2881.79678,1.55344
2879.75729,1.54647
2877.71781,1.53703
2875.67832,1.52668
2873.63883,1.51400
2871.59934,1.50217
2869.55985,1.49491
2867.52037,1.48880
2865.48088,1.47957
2863.44139,1.46979
2861.40190,1.46432
2859.36241,1.46384
2857.32292,1.46281
2855.28344,1.45570
2853.24395,1.44365
2851.20446,1.43350
2849.16497,1.42808
2847.12548,1.41978
2845.08600,1.40830
2843.04651,1.40033
2841.00702,1.39515
2838.96753,1.39135
2836.92804,1.38831
2834.88855,1.38326
2832.84907,1.37519
2830.80958,1.36631
2828.77009,1.35775
2826.73060,1.34942
2824.69111,1.34275
2822.65163,1.33755
2820.61214,1.33200
2818.57265,1.32619
2816.53316,1.32098
2814.49367,1.31579
2812.45418,1.31090
2810.41470,1.30683
2808.37521,1.30314
2806.33572,1.29850
2804.29623,1.29069
2802.25674,1.28176
2800.21726,1.27629
2798.17777,1.27471
2796.13828,1.27330
2794.09879,1.26902
2792.05930,1.26312
2790.01982,1.25820
2787.98033,1.25491
2785.94084,1.25253
2783.90135,1.25106
2781.86186,1.25121
2779.82237,1.25171
2777.78289,1.25086
2775.74340,1.24803
2773.70391,1.24381
2771.66442,1.24152
2769.62493,1.24140
2767.58545,1.23975
2765.54596,1.23718
2763.50647,1.23723
2761.46698,1.23970
2759.42749,1.24116
2757.38800,1.24034
2755.34852,1.23754
2753.30903,1.23238
2751.26954,1.22708
2749.23005,1.22425
2747.19056,1.22231
2745.15108,1.21952
2743.11159,1.21727
2741.07210,1.21626
2739.03261,1.21473
2736.99312,1.21191
2734.95363,1.20906
2732.91415,1.20732
2730.87466,1.20602
2728.83517,1.20346
2726.79568,1.19990
2724.75619,1.19649
2722.71671,1.19268
2720.67722,1.18758
2718.63773,1.18290
2716.59824,1.18037
2714.55875,1.17680
2712.51926,1.17086
2710.47978,1.16677
2708.44029,1.16395
2706.40080,1.15923
2704.36131,1.15476
2702.32182,1.15134
2700.28234,1.14722
2698.24285,1.14277
2696.20336,1.13820
2694.16387,1.13397
2692.12438,1.13109
2690.08489,1.12862
2688.04541,1.12543
2686.00592,1.12204
2683.96643,1.11821
2681.92694,1.11311
2679.88745,1.10722
2677.84797,1.10210
2675.80848,1.09960
2673.76899,1.09785
2671.72950,1.09413
2669.69001,1.08974
2667.65052,1.08545
2665.61104,1.08096
2663.57155,1.07643
2661.53206,1.07204
2659.49257,1.06835
2657.45308,1.06427
2655.41360,1.05881
2653.37411,1.05307
2651.33462,1.04733
2649.29513,1.04040
2647.25564,1.03279
2645.21616,1.02660
2643.17667,1.02210
2641.13718,1.01812
2639.09769,1.01373
2637.05820,1.00854
2635.01871,1.00285
2632.97923,0.99705
2630.93974,0.99171
2628.90025,0.98733
2626.86076,0.98284
2624.82127,0.97746
2622.78179,0.97280
2620.74230,0.96950
2618.70281,0.96665
2616.66332,0.96364
2614.62383,0.95971
2612.58434,0.95588
2610.54486,0.95326
2608.50537,0.95029
2606.46588,0.94608
2604.42639,0.94210
2602.38690,0.93990
2600.34742,0.93869
2598.30793,0.93649
2596.26844,0.93384
2594.22895,0.93260
2592.18946,0.93193
2590.14997,0.93003
2588.11049,0.92691
2586.07100,0.92361
2584.03151,0.92092
2581.99202,0.91826
2579.95253,0.91490
2577.91305,0.91166
2575.87356,0.90928
2573.83407,0.90748
2571.79458,0.90513
2569.75509,0.90108
2567.71560,0.89651
2565.67612,0.89334
2563.63663,0.89061
2561.59714,0.88660
2559.55765,0.88243
2557.51816,0.87967
2555.47868,0.87715
2553.43919,0.87340
2551.39970,0.86894
2549.36021,0.86460
2547.32072,0.86160
2545.28123,0.86012
2543.24175,0.85763
2541.20226,0.85316
2539.16277,0.84811
2537.12328,0.84314
2535.08379,0.83867
2533.04431,0.83507
2531.00482,0.83195
2528.96533,0.82908
2526.92584,0.82632
2524.88635,0.82378
2522.84686,0.82153
2520.80738,0.81885
2518.76789,0.81565
2516.72840,0.81317
2514.68891,0.81163
2512.64942,0.80994
2510.60994,0.80764
2508.57045,0.80473
2506.53096,0.80195
2504.49147,0.80028
2502.45198,0.79858
2500.41250,0.79610
2498.37301,0.79393
2496.33352,0.79233
2494.29403,0.79072
2492.25454,0.78879
2490.21505,0.78664
2488.17557,0.78439
2486.13608,0.78185
2484.09659,0.77853
2482.05710,0.77472
2480.01761,0.77144
2477.97813,0.76884
2475.93864,0.76634
2473.89915,0.76369
2471.85966,0.76074
2469.82017,0.75737
2467.78068,0.75360
2465.74120,0.74942
2463.70171,0.74539
2461.66222,0.74183
2459.62273,0.73824
2457.58324,0.73448
2455.54376,0.73053
2453.50427,0.72638
2451.46478,0.72260
2449.42529,0.71888
2447.38580,0.71460
2445.34631,0.71013
2443.30683,0.70576
2441.26734,0.70177
2439.22785,0.69795
2437.18836,0.69360
2435.14887,0.68892
2433.10939,0.68435
2431.06990,0.68018
2429.03041,0.67620
2426.99092,0.67183
2424.95143,0.66734
2422.91194,0.66354
2420.87246,0.66059
2418.83297,0.65782
2416.79348,0.65462
2414.75399,0.65116
2412.71450,0.64781
2410.67502,0.64458
2408.63553,0.64122
2406.59604,0.63785
2404.55655,0.63505
2402.51706,0.63292
2400.47757,0.63083
2398.43809,0.62835
2396.39860,0.62577
2394.35911,0.62333
2392.31962,0.62132
2390.28013,0.61991
2388.24065,0.61889
2386.20116,0.61813
2384.16167,0.61792
2382.12218,0.61822
2380.08269,0.61830
2378.04320,0.61783
2376.00372,0.61739
2373.96423,0.61770
2371.92474,0.61876
2369.88525,0.61993
2367.84576,0.62098
2365.80628,0.62161
2363.76679,0.62117
2361.72730,0.62024
2359.68781,0.61908
2357.64832,0.61593
2355.60884,0.61091
2353.56935,0.60747
2351.52986,0.60756
2349.49037,0.60806
2347.45088,0.60508
2345.41139,0.59989
2343.37191,0.59643
2341.33242,0.59561
2339.29293,0.59554
2337.25344,0.59454
2335.21395,0.59208
2333.17447,0.58917
2331.13498,0.58694
2329.09549,0.58513
2327.05600,0.58328
2325.01651,0.58130
2322.97702,0.57882
2320.93754,0.57584
2318.89805,0.57316
2316.85856,0.57114
2314.81907,0.56949
2312.77958,0.56805
2310.74010,0.56684
2308.70061,0.56568
2306.66112,0.56438
2304.62163,0.56301
2302.58214,0.56170
2300.54265,0.56050
2298.50317,0.55943
2296.46368,0.55865
2294.42419,0.55831
2292.38470,0.55812
2290.34521,0.55785
2288.30573,0.55770
2286.26624,0.55782
2284.22675,0.55796
2282.18726,0.55791
2280.14777,0.55786
2278.10828,0.55823
2276.06880,0.55916
2274.02931,0.56043
2271.98982,0.56178
2269.95033,0.56303
2267.91084,0.56420
2265.87136,0.56513
2263.83187,0.56569
2261.79238,0.56600
2259.75289,0.56631
2257.71340,0.56697
2255.67391,0.56818
2253.63443,0.56938
2251.59494,0.56993
2249.55545,0.57009
2247.51596,0.57069
2245.47647,0.57114
2243.43699,0.57151
2241.39750,0.57232
2239.35801,0.57363
2237.31852,0.57512
2235.27903,0.57635
2233.23954,0.57725
2231.20006,0.57799
2229.16057,0.57895
2227.12108,0.58042
2225.08159,0.58218
2223.04210,0.58377
2221.00262,0.58491
2218.96313,0.58623
2216.92364,0.58846
2214.88415,0.59105
2212.84466,0.59337
2210.80518,0.59552
2208.76569,0.59773
2206.72620,0.59992
2204.68671,0.60193
2202.64722,0.60406
2200.60773,0.60645
2198.56825,0.60879
2196.52876,0.61099
2194.48927,0.61309
2192.44978,0.61523
2190.41029,0.61739
2188.37081,0.61949
2186.33132,0.62176
2184.29183,0.62422
2182.25234,0.62672
2180.21285,0.62955
2178.17336,0.63273
2176.13388,0.63568
2174.09439,0.63815
2172.05490,0.64067
2170.01541,0.64354
2167.97592,0.64633
2165.93644,0.64869
2163.89695,0.65062
2161.85746,0.65219
2159.81797,0.65340
2157.77848,0.65429
2155.73899,0.65510
2153.69951,0.65601
2151.66002,0.65658
2149.62053,0.65640
2147.58104,0.65609
2145.54155,0.65617
2143.50207,0.65607
2141.46258,0.65561
2139.42309,0.65513
2137.38360,0.65427
2135.34411,0.65306
2133.30462,0.65242
2131.26514,0.65245
2129.22565,0.65226
2127.18616,0.65158
2125.14667,0.65073
2123.10718,0.65003
2121.06770,0.64948
2119.02821,0.64897
2116.98872,0.64861
2114.94923,0.64833
2112.90974,0.64801
2110.87025,0.64768
2108.83077,0.64752
2106.79128,0.64785
2104.75179,0.64857
2102.71230,0.64913
2100.67281,0.64931
2098.63333,0.64946
2096.59384,0.64967
2094.55435,0.64986
2092.51486,0.65027
2090.47537,0.65077
2088.43588,0.65067
2086.39640,0.65013
2084.35691,0.64985
2082.31742,0.64960
2080.27793,0.64916
2078.23844,0.64877
2076.19896,0.64828
2074.15947,0.64774
2072.11998,0.64751
2070.08049,0.64737
2068.04100,0.64720
2066.00152,0.64742
2063.96203,0.64772
2061.92254,0.64761
2059.88305,0.64748
2057.84356,0.64749
2055.80407,0.64700
2053.76459,0.64577
2051.72510,0.64428
2049.68561,0.64257
2047.64612,0.64050
2045.60663,0.63853
2043.56715,0.63669
2041.52766,0.63416
2039.48817,0.63087
2037.44868,0.62744
2035.40919,0.62398
2033.36970,0.62028
2031.33022,0.61637
2029.29073,0.61244
2027.25124,0.60845
2025.21175,0.60437
2023.17226,0.60037
2021.13278,0.59683
2019.09329,0.59394
2017.05380,0.59090
2015.01431,0.58711
2012.97482,0.58317
2010.93533,0.57965
2008.89585,0.57649
2006.85636,0.57371
2004.81687,0.57118
2002.77738,0.56881
2000.73789,0.56683
1998.69841,0.56509
1996.65892,0.56362
1994.61943,0.56305
1992.57994,0.56304
1990.54045,0.56237
1988.50096,0.56097
1986.46148,0.55945
1984.42199,0.55835
1982.38250,0.55787
1980.34301,0.55760
1978.30352,0.55697
1976.26404,0.55614
1974.22455,0.55568
1972.18506,0.55568
1970.14557,0.55593
1968.10608,0.55617
1966.06659,0.55603
1964.02711,0.55566
1961.98762,0.55545
1959.94813,0.55562
1957.90864,0.55618
1955.86915,0.55689
1953.82967,0.55740
1951.79018,0.55763
1949.75069,0.55790
1947.71120,0.55855
1945.67171,0.55959
1943.63222,0.56032
1941.59274,0.55956
1939.55325,0.55764
1937.51376,0.55605
1935.47427,0.55529
1933.43478,0.55508
1931.39530,0.55475
1929.35581,0.55396
1927.31632,0.55340
1925.27683,0.55363
1923.23734,0.55383
1921.19786,0.55341
1919.15837,0.55284
1917.11888,0.55180
1915.07939,0.55021
1913.03990,0.54913
1911.00041,0.54882
1908.96093,0.54834
1906.92144,0.54710
1904.88195,0.54554
1902.84246,0.54421
1900.80297,0.54316
1898.76349,0.54244
1896.72400,0.54230
1894.68451,0.54256
1892.64502,0.54291
1890.60553,0.54331
1888.56604,0.54355
1886.52656,0.54386
1884.48707,0.54455
1882.44758,0.54543
1880.40809,0.54628
1878.36860,0.54704
1876.32912,0.54769
1874.28963,0.54839
1872.25014,0.54992
1870.21065,0.55214
1868.17116,0.55254
1866.13167,0.55000
1864.09219,0.54707
1862.05270,0.54552
1860.01321,0.54475
1857.97372,0.54403
1855.93423,0.54315
1853.89475,0.54211
1851.85526,0.54105
1849.81577,0.54046
1847.77628,0.54083
1845.73679,0.54143
1843.69730,0.54040
1841.65782,0.53798
1839.61833,0.53620
1837.57884,0.53535
1835.53935,0.53501
1833.49986,0.53603
1831.46038,0.53842
1829.42089,0.54027
1827.38140,0.54071
1825.34191,0.54052
1823.30242,0.54011
1821.26293,0.54015
1819.22345,0.54125
1817.18396,0.54294
1815.14447,0.54483
1813.10498,0.54720
1811.06549,0.54980
1809.02601,0.55183
1806.98652,0.55359
1804.94703,0.55632
1802.90754,0.56044
1800.86805,0.56491
1798.82856,0.56868
1796.78908,0.57263
1794.74959,0.57798
1792.71010,0.58358
1790.67061,0.58699
1788.63112,0.58904
1786.59164,0.59259
1784.55215,0.59805
1782.51266,0.60389
1780.47317,0.60911
1778.43368,0.61407
1776.39420,0.61999
1774.35471,0.62729
1772.31522,0.63379
1770.27573,0.63727
1768.23624,0.63939
1766.19675,0.64267
1764.15727,0.64797
1762.11778,0.65491
1760.07829,0.66240
1758.03880,0.67053
1755.99931,0.67999
1753.95983,0.69102
1751.92034,0.70491
1749.88085,0.72158
1747.84136,0.73816
1745.80187,0.75426
1743.76238,0.77190
1741.72290,0.79155
1739.68341,0.81206
1737.64392,0.83195
1735.60443,0.85249
1733.56494,0.87416
1731.52546,0.89076
1729.48597,0.90035
1727.44648,0.90663
1725.40699,0.91179
1723.36750,0.91614
1721.32801,0.92120
1719.28853,0.92868
1717.24904,0.93523
1715.20955,0.93653
1713.17006,0.93599
1711.13057,0.93757
1709.09109,0.94189
1707.05160,0.94936
1705.01211,0.95949
1702.97262,0.97214
1700.93313,0.99044
1698.89364,1.01297
1696.85416,1.03357
1694.81467,1.05239
1692.77518,1.07132
1690.73569,1.09255
1688.69620,1.11641
1686.65672,1.14306
1684.61723,1.17671
1682.57774,1.21137
1680.53825,1.23606
1678.49876,1.25588
1676.45927,1.27855
1674.41979,1.30457
1672.38030,1.32994
1670.34081,1.35275
1668.30132,1.37223
1666.26183,1.38758
1664.22235,1.40149
1662.18286,1.41592
1660.14337,1.42883
1658.10388,1.43805
1656.06439,1.44417
1654.02490,1.45079
1651.98542,1.46044
1649.94593,1.47039
1647.90644,1.47709
1645.86695,1.47852
1643.82746,1.47746
1641.78798,1.47700
1639.74849,1.47622
1637.70900,1.47350
1635.66951,1.46825
1633.63002,1.46216
1631.59054,1.45626
1629.55105,1.44886
1627.51156,1.44019
1625.47207,1.43202
1623.43258,1.42308
1621.39309,1.41325
1619.35361,1.40548
1617.31412,1.39773
1615.27463,1.38735
1613.23514,1.37828
1611.19565,1.37177
1609.15617,1.36476
1607.11668,1.35662
1605.07719,1.34997
1603.03770,1.34551
1600.99821,1.34168
1598.95872,1.33834
1596.91924,1.33659
1594.87975,1.33567
1592.84026,1.33342
1590.80077,1.33006
1588.76128,1.32857
1586.72180,1.33020
1584.68231,1.33296
1582.64282,1.33544
1580.60333,1.33752
1578.56384,1.33843
1576.52435,1.33856
1574.48487,1.33994
1572.44538,1.34211
1570.40589,1.34286
1568.36640,1.34131
1566.32691,1.33770
1564.28743,1.33297
1562.24794,1.32936
1560.20845,1.32604
1558.16896,1.31897
1556.12947,1.31083
1554.08998,1.30504
1552.05050,1.29833
1550.01101,1.28792
1547.97152,1.27732
1545.93203,1.27080
1543.89254,1.26688
1541.85306,1.25987
1539.81357,1.24589
1537.77408,1.23131
1535.73459,1.22248
1533.69510,1.21641
1531.65561,1.21022
1529.61613,1.20518
1527.57664,1.20162
1525.53715,1.19891
1523.49766,1.19634
1521.45817,1.19200
1519.41869,1.18610
1517.37920,1.18145
1515.33971,1.17887
1513.30022,1.17744
1511.26073,1.17725
1509.22124,1.17841
1507.18176,1.17864
1505.14227,1.17729
1503.10278,1.17753
1501.06329,1.18059
1499.02380,1.18669
1496.98432,1.19560
1494.94483,1.20634
1492.90534,1.21933
1490.86585,1.23529
1488.82636,1.25214
1486.78688,1.26861
1484.74739,1.28683
1482.70790,1.30916
1480.66841,1.33628
1478.62892,1.36687
1476.58943,1.40229
1474.54995,1.44562
1472.51046,1.49417
1470.47097,1.53795
1468.43148,1.57416
1466.39199,1.60751
1464.35251,1.63337
1462.31302,1.64643
1460.27353,1.65302
1458.23404,1.65594
1456.19455,1.65285
1454.15506,1.64887
1452.11558,1.64681
1450.07609,1.64616
1448.03660,1.64881
1445.99711,1.65374
1443.95762,1.65730
1441.91814,1.66312
1439.87865,1.67575
1437.83916,1.68995
1435.79967,1.69748
1433.76018,1.69902
1431.72069,1.70137
1429.68121,1.70636
1427.64172,1.70990
1425.60223,1.70974
1423.56274,1.70850
1421.52325,1.70716
1419.48377,1.70726
1417.44428,1.71429
1415.40479,1.72347
1413.36530,1.72721
1411.32581,1.72787
1409.28632,1.72575
1407.24684,1.71822
1405.20735,1.70892
1403.16786,1.70289
1401.12837,1.70051
1399.08888,1.70040
1397.04940,1.70004
1395.00991,1.69820
1392.97042,1.69936
1390.93093,1.70352
1388.89144,1.70367
1386.85195,1.69987
1384.81247,1.70065
1382.77298,1.70815
1380.73349,1.71667
1378.69400,1.72330
1376.65451,1.72909
1374.61503,1.73375
1372.57554,1.73624
1370.53605,1.73873
1368.49656,1.74136
1366.45707,1.73949
1364.41758,1.73419
1362.37810,1.73151
1360.33861,1.73179
1358.29912,1.73268
1356.25963,1.73432
1354.22014,1.73704
1352.18066,1.73790
1350.14117,1.73307
1348.10168,1.72784
1346.06219,1.72713
1344.02270,1.72587
1341.98322,1.72337
1339.94373,1.72458
1337.90424,1.72749
1335.86475,1.72457
1333.82526,1.71626
1331.78577,1.70962
1329.74629,1.70405
1327.70680,1.69637
1325.66731,1.68941
1323.62782,1.68418
1321.58833,1.67807
1319.54885,1.66969
1317.50936,1.66249
1315.46987,1.65953
1313.43038,1.65652
1311.39089,1.65081
1309.35140,1.64604
1307.31192,1.64372
1305.27243,1.64134
1303.23294,1.63867
1301.19345,1.63539
1299.15396,1.62830
1297.11448,1.61953
1295.07499,1.61402
1293.03550,1.61058
1290.99601,1.60723
1288.95652,1.60403
1286.91703,1.59848
1284.87755,1.59246
1282.83806,1.58952
1280.79857,1.58437
1278.75908,1.57428
1276.71959,1.56530
1274.68011,1.56130
1272.64062,1.56333
1270.60113,1.57107
1268.56164,1.57864
1266.52215,1.57974
1264.48266,1.57716
1262.44318,1.57782
1260.40369,1.58134
1258.36420,1.58477
1256.32471,1.58964
1254.28522,1.59677
1252.24574,1.60415
1250.20625,1.60982
1248.16676,1.61085
1246.12727,1.60818
1244.08778,1.60784
1242.04829,1.60948
1240.00881,1.60651
1237.96932,1.59894
1235.92983,1.59242
1233.89034,1.58716
1231.85085,1.57850
1229.81137,1.56552
1227.77188,1.55257
1225.73239,1.54263
1223.69290,1.53558
1221.65341,1.52962
1219.61392,1.52552
1217.57444,1.52774
1215.53495,1.53730
1213.49546,1.55024
1211.45597,1.56137
1209.41648,1.56962
1207.37700,1.57803
1205.33751,1.58693
1203.29802,1.59282
1201.25853,1.59239
1199.21904,1.58626
1197.17956,1.57550
1195.14007,1.56506
1193.10058,1.56179
1191.06109,1.56346
1189.02160,1.56804
1186.98211,1.58126
1184.94263,1.60561
1182.90314,1.63931
1180.86365,1.68338
1178.82416,1.73856
1176.78467,1.80155
1174.74519,1.87084
1172.70570,1.93903
1170.66621,1.99036
1168.62672,2.02087
1166.58723,2.03195
1164.54774,2.02869
1162.50826,2.01353
1160.46877,1.97533
1158.42928,1.92360
1156.38979,1.88230
1154.35030,1.85588
1152.31082,1.83407
1150.27133,1.81339
1148.23184,1.80016
1146.19235,1.79232
1144.15286,1.78790
1142.11337,1.79035
1140.07389,1.79778
1138.03440,1.80927
1135.99491,1.82642
1133.95542,1.84203
1131.91593,1.84678
1129.87645,1.84407
1127.83696,1.84266
1125.79747,1.84231
1123.75798,1.83298
1121.71849,1.81590
1119.67900,1.80699
1117.63952,1.81189
1115.60003,1.82380
1113.56054,1.83204
1111.52105,1.83121
1109.48156,1.83042
1107.44208,1.83818
1105.40259,1.84558
1103.36310,1.83718
1101.32361,1.82317
1099.28412,1.82483
1097.24463,1.83784
1095.20515,1.84469
1093.16566,1.84349
1091.12617,1.84161
1089.08668,1.83924
1087.04719,1.83110
1085.00771,1.82060
1082.96822,1.81467
1080.92873,1.80265
1078.88924,1.77577
1076.84975,1.75219
1074.81027,1.74953
1072.77078,1.76748
1070.73129,1.79106
1068.69180,1.80673
1066.65231,1.81812
1064.61282,1.82429
1062.57334,1.82349
1060.53385,1.81173
1058.49436,1.78332
1056.45487,1.74654
1054.41538,1.70519
1052.37590,1.66498
1050.33641,1.63815
1048.29692,1.62221
1046.25743,1.60660
1044.21794,1.59462
1042.17845,1.59288
1040.13897,1.59167
1038.09948,1.58151
1036.05999,1.57060
1034.02050,1.56711
1031.98101,1.56410
1029.94153,1.55469
1027.90204,1.54424
1025.86255,1.53396
1023.82306,1.52295
1021.78357,1.51466
1019.74408,1.50595
1017.70460,1.49640
1015.66511,1.49389
1013.62562,1.49801
1011.58613,1.49993
1009.54664,1.49731
1007.50716,1.49707
1005.46767,1.49904
1003.42818,1.49509
1001.38869,1.48484
999.34920,1.47593
997.30971,1.47230
995.27023,1.47099
993.23074,1.47048
991.19125,1.47268
989.15176,1.47688
987.11227,1.47480
985.07279,1.46160
983.03330,1.44450
980.99381,1.42888
978.95432,1.41011
976.91483,1.38249
974.87534,1.35015
972.83586,1.31909
970.79637,1.29143
968.75688,1.26720
966.71739,1.24454
964.67790,1.22466
962.63842,1.21094
960.59893,1.20522
958.55944,1.20455
956.51995,1.20455
954.48046,1.20672
952.44097,1.21602
950.40149,1.23693
948.36200,1.26992
946.32251,1.31087
944.28302,1.35316
942.24353,1.38908
940.20405,1.41592
938.16456,1.43586
936.12507,1.45084
934.08558,1.45887
932.04609,1.45703
930.00661,1.45183
927.96712,1.45249
925.92763,1.45412
923.88814,1.44485
921.84865,1.42554
919.80916,1.40224
917.76968,1.37539
915.73019,1.34857
913.69070,1.32601
911.65121,1.30705
909.61172,1.28942
907.57224,1.27261
905.53275,1.25985
903.49326,1.25312
901.45377,1.25093
899.41428,1.25049
897.37479,1.24798
895.33531,1.24138
893.29582,1.23326
891.25633,1.22545
889.21684,1.21671
887.17735,1.20978
885.13787,1.20888
883.09838,1.21247
881.05889,1.21875
879.01940,1.23137
876.97991,1.25364
874.94042,1.28604
872.90094,1.32849
870.86145,1.37572
868.82196,1.42061
866.78247,1.45881
864.74298,1.47952
862.70350,1.48051
860.66401,1.47572
858.62452,1.46778
856.58503,1.45198
854.54554,1.43310
852.50605,1.41744
850.46657,1.40523
848.42708,1.39401
846.38759,1.38391
844.34810,1.37654
842.30861,1.37001
840.26913,1.36150
838.22964,1.35180
836.19015,1.33986
834.15066,1.32360
832.11117,1.30645
830.07168,1.29314
828.03220,1.28677
825.99271,1.28975
823.95322,1.29817
821.91373,1.30291
819.87424,1.30230
817.83476,1.30266
815.79527,1.30719
813.75578,1.31372
811.71629,1.32100
809.67680,1.33203
807.63731,1.34744
805.59783,1.35935
803.55834,1.36537
801.51885,1.37647
799.47936,1.39647
797.43987,1.41659
795.40039,1.42904
793.36090,1.43561
791.32141,1.44568
789.28192,1.46185
787.24243,1.47897
785.20295,1.49429
783.16346,1.50599
781.12397,1.51511
779.08448,1.52868
777.04499,1.54982
775.00550,1.56888
772.96602,1.58272
770.92653,1.60169
768.88704,1.61903
766.84755,1.61687
764.80806,1.59993
762.76858,1.58558
760.72909,1.58085
758.68960,1.57966
756.65011,1.56951
754.61062,1.55518
752.57113,1.54559
750.53165,1.53387
748.49216,1.52405
746.45267,1.52032
744.41318,1.52006
742.37369,1.52876
740.33421,1.54599
738.29472,1.55944
736.25523,1.56343
734.21574,1.56717
732.17625,1.57514
730.13676,1.58284
728.09728,1.58463
726.05779,1.58675
724.01830,1.60529
721.97881,1.62691
719.93932,1.63620
717.89984,1.63832
715.86035,1.63584
713.82086,1.62848
711.78137,1.62589
709.74188,1.62808
707.70239,1.62317
705.66291,1.61325
703.62342,1.60980
701.58393,1.61086
699.54444,1.60761
697.50495,1.60150
695.46547,1.60058
693.42598,1.60363
691.38649,1.60372
689.34700,1.60099
687.30751,1.59950
685.26802,1.60065
683.22854,1.60182
681.18905,1.60040
679.14956,1.59867
677.11007,1.59932
675.07058,1.60721
673.03110,1.63679
670.99161,1.68331
668.95212,1.70617
666.91263,1.67543
664.87314,1.62651
662.83365,1.59288
660.79417,1.58705
658.75468,1.60913
656.71519,1.64415
654.67570,1.67694
652.63621,1.69100
650.59673,1.67592
648.55724,1.65013
646.51775,1.63193
644.47826,1.61979
642.43877,1.61810
640.39929,1.63120
638.35980,1.64741
636.32031,1.65359
634.28082,1.64481
632.24133,1.62535
630.20184,1.61901
628.16236,1.65188
626.12287,1.70273
624.08338,1.70485
622.04389,1.68510
620.00440,1.69052
617.96492,1.70057
615.92543,1.69292
613.88594,1.69278
611.84645,1.68231
609.80696,1.63330
607.76747,1.59655
605.72799,1.59843
603.68850,1.61833
601.64901,1.64317
599.60952,1.66592
597.57003,1.65698
595.53055,1.61381
593.49106,1.59014
591.45157,1.61369
589.41208,1.62218
587.37259,1.60291
585.33310,1.60220
583.29362,1.59940
581.25413,1.58706
579.21464,1.60685
577.17515,1.64032
575.13566,1.61400
573.09618,1.55975
571.05669,1.55994
569.01720,1.60503
566.97771,1.64664
564.93822,1.61398
562.89873,1.53801
560.85925,1.52073
558.81976,1.56684
556.78027,1.58093
554.74078,1.51975
552.70129,1.51109
550.66181,1.62592
548.62232,1.74334
546.58283,1.78707
544.54334,1.72991
542.50385,1.68357
540.46436,1.68708
538.42488,1.61708
536.38539,1.51221
534.34590,1.48386
532.30641,1.55512
530.26692,1.64044
528.22744,1.58595
526.18795,1.45967
524.14846,1.46879
522.10897,1.63097
520.06948,1.73441
518.02999,1.52106
515.99051,1.33707
513.95102,1.32853
511.91153,1.49887
509.87204,1.73581
507.83255,1.65354
505.79307,1.51162
503.75358,1.45665
501.71409,1.35265
499.67460,1.19213
