3997.39681,0.36780
3995.35732,0.36719
3993.31783,0.36632
3991.27835,0.36550
3989.23886,0.36519
3987.19937,0.36505
3985.15988,0.36486
3983.12039,0.36453
3981.08091,0.36375
3979.04142,0.36269
3977.00193,0.36180
3974.96244,0.36088
3972.92295,0.35953
3970.88346,0.35805
3968.84398,0.35697
3966.80449,0.35613
3964.76500,0.35514
3962.72551,0.35412
3960.68602,0.35310
3958.64654,0.35171
3956.60705,0.35015
3954.56756,0.34922
3952.52807,0.34892
3950.48858,0.34855
3948.44909,0.34782
3946.40961,0.34691
3944.37012,0.34577
3942.33063,0.34391
3940.29114,0.34160
3938.25165,0.34003
3936.21217,0.33937
3934.17268,0.33860
3932.13319,0.33719
3930.09370,0.33545
3928.05421,0.33381
3926.01473,0.33229
3923.97524,0.33052
3921.93575,0.32861
3919.89626,0.32701
3917.85677,0.32535
3915.81728,0.32296
3913.77780,0.32028
3911.73831,0.31823
3909.69882,0.31736
3907.65933,0.31737
3905.61984,0.31734
3903.58036,0.31664
3901.54087,0.31514
3899.50138,0.31282
3897.46189,0.31018
3895.42240,0.30823
3893.38291,0.30707
3891.34343,0.30589
3889.30394,0.30466
3887.26445,0.30390
3885.22496,0.30356
3883.18547,0.30302
3881.14599,0.30151
3879.10650,0.29954
3877.06701,0.29891
3875.02752,0.29993
3872.98803,0.30097
3870.94854,0.30071
3868.90906,0.29950
3866.86957,0.29856
3864.83008,0.29797
3862.79059,0.29705
3860.75110,0.29603
3858.71162,0.29565
3856.67213,0.29578
3854.63264,0.29546
3852.59315,0.29415
3850.55366,0.29313
3848.51417,0.29319
3846.47469,0.29396
3844.43520,0.29474
3842.39571,0.29508
3840.35622,0.29508
3838.31673,0.29473
3836.27725,0.29400
3834.23776,0.29331
3832.19827,0.29299
3830.15878,0.29314
3828.11929,0.29366
3826.07980,0.29443
3824.04032,0.29530
3822.00083,0.29575
3819.96134,0.29531
3817.92185,0.29438
3815.88236,0.29374
3813.84288,0.29394
3811.80339,0.29478
3809.76390,0.29552
3807.72441,0.29628
3805.68492,0.29774
3803.64543,0.29946
3801.60595,0.30032
3799.56646,0.30053
3797.52697,0.30084
3795.48748,0.30133
3793.44799,0.30220
3791.40851,0.30359
3789.36902,0.30509
3787.32953,0.30640
3785.29004,0.30779
3783.25055,0.30924
3781.21107,0.31034
3779.17158,0.31109
3777.13209,0.31197
3775.09260,0.31329
3773.05311,0.31516
3771.01362,0.31755
3768.97414,0.32007
3766.93465,0.32208
3764.89516,0.32366
3762.85567,0.32565
3760.81618,0.32832
3758.77670,0.33096
3756.73721,0.33299
3754.69772,0.33459
3752.65823,0.33614
3750.61874,0.33770
3748.57925,0.33900
3746.53977,0.34063
3744.50028,0.34381
3742.46079,0.34809
3740.42130,0.35198
3738.38181,0.35527
3736.34233,0.35809
3734.30284,0.36008
3732.26335,0.36181
3730.22386,0.36418
3728.18437,0.36734
3726.14488,0.37126
3724.10540,0.37565
3722.06591,0.37983
3720.02642,0.38361
3717.98693,0.38752
3715.94744,0.39207
3713.90796,0.39736
3711.86847,0.40315
3709.82898,0.40896
3707.78949,0.41475
3705.75000,0.42068
3703.71051,0.42692
3701.67103,0.43407
3699.63154,0.44245
3697.59205,0.45165
3695.55256,0.46161
3693.51307,0.47256
3691.47359,0.48433
3689.43410,0.49647
3687.39461,0.50887
3685.35512,0.52161
3683.31563,0.53452
3681.27614,0.54774
3679.23666,0.56218
3677.19717,0.57976
3675.15768,0.60102
3673.11819,0.62241
3671.07870,0.64356
3669.03922,0.66639
3666.99973,0.68810
3664.96024,0.70786
3662.92075,0.72786
3660.88126,0.74893
3658.84177,0.77163
3656.80229,0.79644
3654.76280,0.82109
3652.72331,0.84392
3650.68382,0.86855
3648.64433,0.89716
3646.60485,0.92511
3644.56536,0.94862
3642.52587,0.96973
3640.48638,0.99087
3638.44689,1.01272
3636.40741,1.03530
3634.36792,1.05858
3632.32843,1.08270
3630.28894,1.10681
3628.24945,1.12863
3626.20996,1.14713
3624.17048,1.16439
3622.13099,1.18367
3620.09150,1.20820
3618.05201,1.23498
3616.01252,1.25589
3613.97304,1.26999
3611.93355,1.28306
3609.89406,1.30129
3607.85457,1.32433
3605.81508,1.34701
3603.77559,1.36880
3601.73611,1.38932
3599.69662,1.40568
3597.65713,1.42101
3595.61764,1.43850
3593.57815,1.45348
3591.53867,1.46222
3589.49918,1.47187
3587.45969,1.49053
3585.42020,1.51023
3583.38071,1.52189
3581.34122,1.53160
3579.30174,1.54577
3577.26225,1.56222
3575.22276,1.57715
3573.18327,1.58976
3571.14378,1.59936
3569.10430,1.60494
3567.06481,1.61037
3565.02532,1.62001
3562.98583,1.62809
3560.94634,1.63056
3558.90685,1.63204
3556.86737,1.63669
3554.82788,1.64675
3552.78839,1.65963
3550.74890,1.66646
3548.70941,1.66431
3546.66993,1.66200
3544.63044,1.66770
3542.59095,1.67688
3540.55146,1.68052
3538.51197,1.68295
3536.47248,1.69683
3534.43300,1.72105
3532.39351,1.73699
3530.35402,1.73385
3528.31453,1.72559
3526.27504,1.73307
3524.23556,1.75330
3522.19607,1.75879
3520.15658,1.73926
3518.11709,1.71972
3516.07760,1.72127
3514.03811,1.73512
3511.99863,1.74549
3509.95914,1.75491
3507.91965,1.76550
3505.88016,1.76138
3503.84067,1.74411
3501.80119,1.73602
3499.76170,1.74178
3497.72221,1.75180
3495.68272,1.76240
3493.64323,1.77384
3491.60375,1.78436
3489.56426,1.78876
3487.52477,1.78335
3485.48528,1.76855
3483.44579,1.75160
3481.40630,1.74386
3479.36682,1.74743
3477.32733,1.75543
3475.28784,1.75991
3473.24835,1.75772
3471.20886,1.75193
3469.16938,1.74751
3467.12989,1.75461
3465.09040,1.77510
3463.05091,1.78966
3461.01142,1.78834
3458.97193,1.78957
3456.93245,1.80268
3454.89296,1.80861
3452.85347,1.79838
3450.81398,1.78361
3448.77449,1.77300
3446.73501,1.77026
3444.69552,1.76798
3442.65603,1.76320
3440.61654,1.76183
3438.57705,1.76013
3436.53756,1.76077
3434.49808,1.77089
3432.45859,1.77871
3430.41910,1.77005
3428.37961,1.75538
3426.34012,1.74635
3424.30064,1.74315
3422.26115,1.74707
3420.22166,1.74764
3418.18217,1.74168
3416.14268,1.74607
3414.10319,1.75675
3412.06371,1.75767
3410.02422,1.75379
3407.98473,1.75063
3405.94524,1.74199
3403.90575,1.73576
3401.86627,1.74196
3399.82678,1.74772
3397.78729,1.75009
3395.74780,1.75516
3393.70831,1.75357
3391.66882,1.74235
3389.62934,1.73397
3387.58985,1.73184
3385.55036,1.72871
3383.51087,1.72075
3381.47138,1.71222
3379.43190,1.70932
3377.39241,1.71507
3375.35292,1.72785
3373.31343,1.73818
3371.27394,1.73565
3369.23446,1.72406
3367.19497,1.71625
3365.15548,1.71621
3363.11599,1.72166
3361.07650,1.73090
3359.03701,1.73109
3356.99753,1.72234
3354.95804,1.72255
3352.91855,1.73147
3350.87906,1.73581
3348.83957,1.73167
3346.80009,1.72314
3344.76060,1.71634
3342.72111,1.71108
3340.68162,1.70840
3338.64213,1.71179
3336.60264,1.71720
3334.56316,1.71439
3332.52367,1.70355
3330.48418,1.70051
3328.44469,1.70632
3326.40520,1.70732
3324.36572,1.70309
3322.32623,1.69986
3320.28674,1.69865
3318.24725,1.69956
3316.20776,1.70175
3314.16827,1.70451
3312.12879,1.70868
3310.08930,1.71011
3308.04981,1.70397
3306.01032,1.69172
3303.97083,1.68246
3301.93135,1.68333
3299.89186,1.68523
3297.85237,1.68564
3295.81288,1.69369
3293.77339,1.70079
3291.73390,1.69764
3289.69442,1.69027
3287.65493,1.68518
3285.61544,1.68236
3283.57595,1.67761
3281.53646,1.67419
3279.49698,1.67340
3277.45749,1.67022
3275.41800,1.67122
3273.37851,1.67364
3271.33902,1.66751
3269.29953,1.66476
3267.26005,1.67204
3265.22056,1.67581
3263.18107,1.67056
3261.14158,1.66371
3259.10209,1.66073
3257.06261,1.65880
3255.02312,1.65518
3252.98363,1.65085
3250.94414,1.64710
3248.90465,1.64535
3246.86516,1.64344
3244.82568,1.64003
3242.78619,1.63965
3240.74670,1.64031
3238.70721,1.63850
3236.66772,1.63896
3234.62824,1.64387
3232.58875,1.64749
3230.54926,1.64391
3228.50977,1.63554
3226.47028,1.63033
3224.43080,1.63141
3222.39131,1.63464
3220.35182,1.63599
3218.31233,1.63682
3216.27284,1.63772
3214.23335,1.63672
3212.19387,1.63589
3210.15438,1.63666
3208.11489,1.63259
3206.07540,1.62286
3204.03591,1.61969
3201.99643,1.62469
3199.95694,1.62820
3197.91745,1.62645
3195.87796,1.62025
3193.83847,1.61524
3191.79898,1.61650
3189.75950,1.61956
3187.72001,1.61771
3185.68052,1.61097
3183.64103,1.60358
3181.60154,1.60073
3179.56206,1.60247
3177.52257,1.60272
3175.48308,1.60213
3173.44359,1.60450
3171.40410,1.60739
3169.36461,1.60688
3167.32513,1.60109
3165.28564,1.59268
3163.24615,1.58784
3161.20666,1.58953
3159.16717,1.59364
3157.12769,1.59310
3155.08820,1.58488
3153.04871,1.57616
3151.00922,1.57279
3148.96973,1.56881
3146.93024,1.56396
3144.89076,1.56448
3142.85127,1.56718
3140.81178,1.56507
3138.77229,1.55828
3136.73280,1.55215
3134.69332,1.54847
3132.65383,1.54586
3130.61434,1.54238
3128.57485,1.53720
3126.53536,1.53539
3124.49587,1.53801
3122.45639,1.54085
3120.41690,1.54185
3118.37741,1.53833
3116.33792,1.53331
3114.29843,1.53255
3112.25895,1.53235
3110.21946,1.52836
3108.17997,1.52165
3106.14048,1.51423
3104.10099,1.50930
3102.06150,1.50632
3100.02202,1.50059
3097.98253,1.49198
3095.94304,1.48508
3093.90355,1.48357
3091.86406,1.48533
3089.82458,1.48484
3087.78509,1.48136
3085.74560,1.47848
3083.70611,1.47664
3081.66662,1.47461
3079.62714,1.47329
3077.58765,1.47055
3075.54816,1.46477
3073.50867,1.45921
3071.46918,1.45470
3069.42969,1.44909
3067.39021,1.44303
3065.35072,1.43768
3063.31123,1.43075
3061.27174,1.42310
3059.23225,1.41846
3057.19277,1.41464
3055.15328,1.40908
3053.11379,1.40378
3051.07430,1.39828
3049.03481,1.39204
3046.99532,1.38874
3044.95584,1.38792
3042.91635,1.38489
3040.87686,1.37989
3038.83737,1.37511
3036.79788,1.37078
3034.75840,1.36650
3032.71891,1.36149
3030.67942,1.35516
3028.63993,1.34797
3026.60044,1.34192
3024.56095,1.33771
3022.52147,1.33483
3020.48198,1.33334
3018.44249,1.33148
3016.40300,1.32767
3014.36351,1.32303
3012.32403,1.31984
3010.28454,1.31862
3008.24505,1.31753
3006.20556,1.31688
3004.16607,1.31855
3002.12658,1.31989
3000.08710,1.31825
2998.04761,1.31789
2996.00812,1.32135
2993.96863,1.32595
2991.92914,1.33185
2989.88966,1.33847
2987.85017,1.34428
2985.81068,1.34936
2983.77119,1.35390
2981.73170,1.35897
2979.69221,1.36517
2977.65273,1.37179
2975.61324,1.37935
2973.57375,1.38924
2971.53426,1.40205
2969.49477,1.41696
2967.45529,1.43128
2965.41580,1.44221
2963.37631,1.45054
2961.33682,1.46021
2959.29733,1.47251
2957.25784,1.48503
2955.21836,1.49692
2953.17887,1.50707
2951.13938,1.51623
2949.09989,1.52910
2947.06040,1.54157
2945.02092,1.54691
2942.98143,1.54915
2940.94194,1.55379
2938.90245,1.56204
2936.86296,1.56667
2934.82348,1.56242
2932.78399,1.55926
2930.74450,1.56474
2928.70501,1.57176
2926.66552,1.57110
2924.62603,1.56215
2922.58655,1.54980
2920.54706,1.53803
2918.50757,1.52854
2916.46808,1.52379
2914.42859,1.52301
2912.38911,1.52155
2910.34962,1.51867
2908.31013,1.51391
2906.27064,1.50832
2904.23115,1.50574
2902.19166,1.50488
2900.15218,1.50426
2898.11269,1.50208
2896.07320,1.49678
2894.03371,1.49144
2891.99422,1.48734
2889.95474,1.48472
2887.91525,1.48293
2885.87576,1.47667
2883.83627,1.46381
2881.79678,1.45276
2879.75729,1.44827
2877.71781,1.44104
2875.67832,1.42625
2873.63883,1.41187
2871.59934,1.40300
2869.55985,1.39523
2867.52037,1.38297
2865.48088,1.36934
2863.44139,1.35974
2861.40190,1.35437
2859.36241,1.35054
2857.32292,1.34377
2855.28344,1.33373
2853.24395,1.32537
2851.20446,1.32038
2849.16497,1.31381
2847.12548,1.30199
2845.08600,1.28956
2843.04651,1.28212
2841.00702,1.27715
2838.96753,1.26841
2836.92804,1.25749
2834.88855,1.24801
2832.84907,1.23969
2830.80958,1.23348
2828.77009,1.23014
2826.73060,1.22730
2824.69111,1.21984
2822.65163,1.20883
2820.61214,1.20011
2818.57265,1.19377
2816.53316,1.18849
2814.49367,1.18306
2812.45418,1.17688
2810.41470,1.17157
2808.37521,1.16626
2806.33572,1.16090
2804.29623,1.15757
2802.25674,1.15488
2800.21726,1.15052
2798.17777,1.14469
2796.13828,1.13933
2794.09879,1.13591
2792.05930,1.13365
2790.01982,1.13114
2787.98033,1.12778
2785.94084,1.12431
2783.90135,1.12150
2781.86186,1.11908
2779.82237,1.11641
2777.78289,1.11315
2775.74340,1.11133
2773.70391,1.11186
2771.66442,1.11182
2769.62493,1.11092
2767.58545,1.11086
2765.54596,1.11013
2763.50647,1.10745
2761.46698,1.10360
2759.42749,1.10000
2757.38800,1.09797
2755.34852,1.09717
2753.30903,1.09623
2751.26954,1.09389
2749.23005,1.09132
2747.19056,1.08988
2745.15108,1.08760
2743.11159,1.08438
2741.07210,1.08276
2739.03261,1.08182
2736.99312,1.07901
2734.95363,1.07563
2732.91415,1.07382
2730.87466,1.07230
2728.83517,1.06965
2726.79568,1.06637
2724.75619,1.06342
2722.71671,1.06117
2720.67722,1.05804
2718.63773,1.05346
2716.59824,1.04924
2714.55875,1.04538
2712.51926,1.04078
2710.47978,1.03576
2708.44029,1.03057
2706.40080,1.02568
2704.36131,1.02203
2702.32182,1.01928
2700.28234,1.01678
2698.24285,1.01346
2696.20336,1.00857
2694.16387,1.00366
2692.12438,1.00045
2690.08489,0.99776
2688.04541,0.99382
2686.00592,0.98952
2683.96643,0.98596
2681.92694,0.98339
2679.88745,0.98106
2677.84797,0.97727
2675.80848,0.97226
2673.76899,0.96749
2671.72950,0.96308
2669.69001,0.95860
2667.65052,0.95448
2665.61104,0.95065
2663.57155,0.94605
2661.53206,0.94131
2659.49257,0.93771
2657.45308,0.93443
2655.41360,0.93036
2653.37411,0.92544
2651.33462,0.92013
2649.29513,0.91527
2647.25564,0.91081
2645.21616,0.90589
2643.17667,0.90027
2641.13718,0.89421
2639.09769,0.88846
2637.05820,0.88354
2635.01871,0.87854
2632.97923,0.87316
2630.93974,0.86814
2628.90025,0.86344
2626.86076,0.85866
2624.82127,0.85421
2622.78179,0.85055
2620.74230,0.84684
2618.70281,0.84295
2616.66332,0.83963
2614.62383,0.83649
2612.58434,0.83332
2610.54486,0.83044
2608.50537,0.82779
2606.46588,0.82544
2604.42639,0.82285
2602.38690,0.81968
2600.34742,0.81700
2598.30793,0.81529
2596.26844,0.81442
2594.22895,0.81377
2592.18946,0.81183
2590.14997,0.80926
2588.11049,0.80757
2586.07100,0.80559
2584.03151,0.80279
2581.99202,0.80056
2579.95253,0.79796
2577.91305,0.79431
2575.87356,0.79131
2573.83407,0.78892
2571.79458,0.78601
2569.75509,0.78273
2567.71560,0.77971
2565.67612,0.77709
2563.63663,0.77441
2561.59714,0.77123
2559.55765,0.76752
2557.51816,0.76368
2555.47868,0.76016
2553.43919,0.75678
2551.39970,0.75362
2549.36021,0.75104
2547.32072,0.74824
2545.28123,0.74452
2543.24175,0.74044
2541.20226,0.73667
2539.16277,0.73316
2537.12328,0.72958
2535.08379,0.72603
2533.04431,0.72278
2531.00482,0.71965
2528.96533,0.71644
2526.92584,0.71310
2524.88635,0.70987
2522.84686,0.70725
2520.80738,0.70516
2518.76789,0.70303
2516.72840,0.70067
2514.68891,0.69843
2512.64942,0.69618
2510.60994,0.69385
2508.57045,0.69195
2506.53096,0.69024
2504.49147,0.68804
2502.45198,0.68586
2500.41250,0.68428
2498.37301,0.68243
2496.33352,0.67996
2494.29403,0.67753
2492.25454,0.67529
2490.21505,0.67313
2488.17557,0.67114
2486.13608,0.66939
2484.09659,0.66740
2482.05710,0.66471
2480.01761,0.66149
2477.97813,0.65809
2475.93864,0.65493
2473.89915,0.65208
2471.85966,0.64906
2469.82017,0.64583
2467.78068,0.64281
2465.74120,0.64017
2463.70171,0.63732
2461.66222,0.63364
2459.62273,0.62980
2457.58324,0.62637
2455.54376,0.62317
2453.50427,0.62012
2451.46478,0.61680
2449.42529,0.61284
2447.38580,0.60872
2445.34631,0.60459
2443.30683,0.60034
2441.26734,0.59627
2439.22785,0.59253
2437.18836,0.58918
2435.14887,0.58569
2433.10939,0.58163
2431.06990,0.57754
2429.03041,0.57384
2426.99092,0.57043
2424.95143,0.56698
2422.91194,0.56342
2420.87246,0.56014
2418.83297,0.55729
2416.79348,0.55446
2414.75399,0.55138
2412.71450,0.54828
2410.67502,0.54546
2408.63553,0.54279
2406.59604,0.54013
2404.55655,0.53766
2402.51706,0.53552
2400.47757,0.53374
2398.43809,0.53191
2396.39860,0.52960
2394.35911,0.52707
2392.31962,0.52513
2390.28013,0.52404
2388.24065,0.52337
2386.20116,0.52296
2384.16167,0.52293
2382.12218,0.52304
2380.08269,0.52310
2378.04320,0.52313
2376.00372,0.52316
2373.96423,0.52369
2371.92474,0.52511
2369.88525,0.52629
2367.84576,0.52669
2365.80628,0.52713
2363.76679,0.52732
2361.72730,0.52639
2359.68781,0.52450
2357.64832,0.52167
2355.60884,0.51804
2353.56935,0.51552
2351.52986,0.51529
2349.49037,0.51451
2347.45088,0.51079
2345.41139,0.50693
2343.37191,0.50592
2341.33242,0.50595
2339.29293,0.50476
2337.25344,0.50277
2335.21395,0.50077
2333.17447,0.49881
2331.13498,0.49681
2329.09549,0.49510
2327.05600,0.49350
2325.01651,0.49153
2322.97702,0.48962
2320.93754,0.48838
2318.89805,0.48728
2316.85856,0.48560
2314.81907,0.48367
2312.77958,0.48222
2310.74010,0.48134
2308.70061,0.48065
2306.66112,0.47985
2304.62163,0.47873
2302.58214,0.47734
2300.54265,0.47610
2298.50317,0.47530
2296.46368,0.47476
2294.42419,0.47427
2292.38470,0.47388
2290.34521,0.47364
2288.30573,0.47353
2286.26624,0.47363
2284.22675,0.47389
2282.18726,0.47428
2280.14777,0.47482
2278.10828,0.47543
2276.06880,0.47612
2274.02931,0.47702
2271.98982,0.47812
2269.95033,0.47922
2267.91084,0.48011
2265.87136,0.48081
2263.83187,0.48154
2261.79238,0.48237
2259.75289,0.48312
2257.71340,0.48368
2255.67391,0.48421
2253.63443,0.48488
2251.59494,0.48555
2249.55545,0.48596
2247.51596,0.48662
2245.47647,0.48754
2243.43699,0.48884
2241.39750,0.49015
2239.35801,0.49105
2237.31852,0.49164
2235.27903,0.49242
2233.23954,0.49359
2231.20006,0.49469
2229.16057,0.49552
2227.12108,0.49658
2225.08159,0.49821
2223.04210,0.49999
2221.00262,0.50142
2218.96313,0.50274
2216.92364,0.50444
2214.88415,0.50645
2212.84466,0.50844
2210.80518,0.51044
2208.76569,0.51241
2206.72620,0.51416
2204.68671,0.51593
2202.64722,0.51783
2200.60773,0.51979
2198.56825,0.52175
2196.52876,0.52353
2194.48927,0.52528
2192.44978,0.52716
2190.41029,0.52895
2188.37081,0.53096
2186.33132,0.53350
2184.29183,0.53600
2182.25234,0.53816
2180.21285,0.54025
2178.17336,0.54246
2176.13388,0.54483
2174.09439,0.54737
2172.05490,0.54993
2170.01541,0.55255
2167.97592,0.55515
2165.93644,0.55723
2163.89695,0.55869
2161.85746,0.55985
2159.81797,0.56103
2157.77848,0.56223
2155.73899,0.56276
2153.69951,0.56266
2151.66002,0.56293
2149.62053,0.56348
2147.58104,0.56364
2145.54155,0.56354
2143.50207,0.56321
2141.46258,0.56235
2139.42309,0.56140
2137.38360,0.56081
2135.34411,0.56033
2133.30462,0.55980
2131.26514,0.55922
2129.22565,0.55864
2127.18616,0.55839
2125.14667,0.55814
2123.10718,0.55753
2121.06770,0.55693
2119.02821,0.55650
2116.98872,0.55601
2114.94923,0.55553
2112.90974,0.55526
2110.87025,0.55514
2108.83077,0.55490
2106.79128,0.55457
2104.75179,0.55447
2102.71230,0.55457
2100.67281,0.55493
2098.63333,0.55555
2096.59384,0.55590
2094.55435,0.55591
2092.51486,0.55609
2090.47537,0.55646
2088.43588,0.55668
2086.39640,0.55673
2084.35691,0.55668
2082.31742,0.55647
2080.27793,0.55613
2078.23844,0.55564
2076.19896,0.55507
2074.15947,0.55488
2072.11998,0.55514
2070.08049,0.55516
2068.04100,0.55465
2066.00152,0.55422
2063.96203,0.55419
2061.92254,0.55429
2059.88305,0.55426
2057.84356,0.55401
2055.80407,0.55357
2053.76459,0.55272
2051.72510,0.55151
2049.68561,0.55025
2047.64612,0.54884
2045.60663,0.54717
2043.56715,0.54525
2041.52766,0.54294
2039.48817,0.54026
2037.44868,0.53707
2035.40919,0.53339
2033.36970,0.52981
2031.33022,0.52656
2029.29073,0.52333
2027.25124,0.52005
2025.21175,0.51657
2023.17226,0.51296
2021.13278,0.50978
2019.09329,0.50711
2017.05380,0.50428
2015.01431,0.50077
2012.97482,0.49713
2010.93533,0.49407
2008.89585,0.49153
2006.85636,0.48913
2004.81687,0.48672
2002.77738,0.48472
2000.73789,0.48337
1998.69841,0.48231
1996.65892,0.48158
1994.61943,0.48125
1992.57994,0.48072
1990.54045,0.47981
1988.50096,0.47900
1986.46148,0.47819
1984.42199,0.47719
1982.38250,0.47623
1980.34301,0.47548
1978.30352,0.47486
1976.26404,0.47429
1974.22455,0.47400
1972.18506,0.47388
1970.14557,0.47382
1968.10608,0.47386
1966.06659,0.47358
1964.02711,0.47324
1961.98762,0.47340
1959.94813,0.47368
1957.90864,0.47377
1955.86915,0.47383
1953.82967,0.47382
1951.79018,0.47373
1949.75069,0.47370
1947.71120,0.47396
1945.67171,0.47474
1943.63222,0.47552
1941.59274,0.47506
1939.55325,0.47363
1937.51376,0.47258
1935.47427,0.47193
1933.43478,0.47113
1931.39530,0.47036
1929.35581,0.46980
1927.31632,0.46941
1925.27683,0.46944
1923.23734,0.46969
1921.19786,0.46974
1919.15837,0.46971
1917.11888,0.46924
1915.07939,0.46813
1913.03990,0.46703
1911.00041,0.46622
1908.96093,0.46566
1906.92144,0.46521
1904.88195,0.46448
1902.84246,0.46326
1900.80297,0.46198
1898.76349,0.46137
1896.72400,0.46135
1894.68451,0.46134
1892.64502,0.46157
1890.60553,0.46249
1888.56604,0.46327
1886.52656,0.46338
1884.48707,0.46366
1882.44758,0.46447
1880.40809,0.46547
1878.36860,0.46636
1876.32912,0.46692
1874.28963,0.46752
1872.25014,0.46899
1870.21065,0.47095
1868.17116,0.47128
1866.13167,0.46934
1864.09219,0.46708
1862.05270,0.46558
1860.01321,0.46453
1857.97372,0.46369
1855.93423,0.46295
1853.89475,0.46217
1851.85526,0.46146
1849.81577,0.46127
1847.77628,0.46187
1845.73679,0.46261
1843.69730,0.46190
1841.65782,0.45961
1839.61833,0.45780
1837.57884,0.45733
1835.53935,0.45771
1833.49986,0.45917
1831.46038,0.46177
1829.42089,0.46383
1827.38140,0.46440
1825.34191,0.46447
1823.30242,0.46445
1821.26293,0.46463
1819.22345,0.46563
1817.18396,0.46740
1815.14447,0.46975
1813.10498,0.47269
1811.06549,0.47556
1809.02601,0.47744
1806.98652,0.47884
1804.94703,0.48116
1802.90754,0.48473
1800.86805,0.48829
1798.82856,0.49091
1796.78908,0.49369
1794.74959,0.49787
1792.71010,0.50238
1790.67061,0.50502
1788.63112,0.50630
1786.59164,0.50847
1784.55215,0.51216
1782.51266,0.51655
1780.47317,0.52065
1778.43368,0.52421
1776.39420,0.52838
1774.35471,0.53403
1772.31522,0.53953
1770.27573,0.54278
1768.23624,0.54470
1766.19675,0.54722
1764.15727,0.55114
1762.11778,0.55622
1760.07829,0.56164
1758.03880,0.56738
1755.99931,0.57369
1753.95983,0.58084
1751.92034,0.59015
1749.88085,0.60115
1747.84136,0.61122
1745.80187,0.62021
1743.76238,0.62989
1741.72290,0.64084
1739.68341,0.65229
1737.64392,0.66339
1735.60443,0.67523
1733.56494,0.68782
1731.52546,0.69798
1729.48597,0.70638
1727.44648,0.71528
1725.40699,0.72486
1723.36750,0.73505
1721.32801,0.74650
1719.28853,0.76090
1717.24904,0.77821
1715.20955,0.79434
1713.17006,0.80764
1711.13057,0.82162
1709.09109,0.83937
1707.05160,0.86172
1705.01211,0.88676
1702.97262,0.91252
1700.93313,0.94330
1698.89364,0.97949
1696.85416,1.01459
1694.81467,1.04865
1692.77518,1.08071
1690.73569,1.11268
1688.69620,1.14640
1686.65672,1.18205
1684.61723,1.22612
1682.57774,1.27314
1680.53825,1.30706
1678.49876,1.33155
1676.45927,1.35733
1674.41979,1.38737
1672.38030,1.41703
1670.34081,1.44461
1668.30132,1.46987
1666.26183,1.48962
1664.22235,1.50686
1662.18286,1.52238
1660.14337,1.52956
1658.10388,1.52963
1656.06439,1.53054
1654.02490,1.53526
1651.98542,1.53945
1649.94593,1.54080
1647.90644,1.54030
1645.86695,1.53678
1643.82746,1.53107
1641.78798,1.52542
1639.74849,1.51969
1637.70900,1.51488
1635.66951,1.51374
1633.63002,1.51584
1631.59054,1.51651
1629.55105,1.51195
1627.51156,1.50427
1625.47207,1.49828
1623.43258,1.49302
1621.39309,1.48564
1619.35361,1.47848
1617.31412,1.47520
1615.27463,1.47605
1613.23514,1.47727
1611.19565,1.47549
1609.15617,1.46964
1607.11668,1.46156
1605.07719,1.45417
1603.03770,1.44722
1600.99821,1.44044
1598.95872,1.43506
1596.91924,1.42930
1594.87975,1.41961
1592.84026,1.40789
1590.80077,1.39917
1588.76128,1.39298
1586.72180,1.38526
1584.68231,1.37498
1582.64282,1.36436
1580.60333,1.35598
1578.56384,1.35058
1576.52435,1.34672
1574.48487,1.34365
1572.44538,1.34196
1570.40589,1.34059
1568.36640,1.33664
1566.32691,1.32999
1564.28743,1.32516
1562.24794,1.32344
1560.20845,1.31928
1558.16896,1.31084
1556.12947,1.30515
1554.08998,1.30210
1552.05050,1.29986
1550.01101,1.29760
1547.97152,1.29297
1545.93203,1.28624
1543.89254,1.27970
1541.85306,1.27269
1539.81357,1.26374
1537.77408,1.25506
1535.73459,1.24714
1533.69510,1.23989
1531.65561,1.23448
1529.61613,1.23041
1527.57664,1.22665
1525.53715,1.22347
1523.49766,1.22023
1521.45817,1.21523
1519.41869,1.21021
1517.37920,1.20645
1515.33971,1.20145
1513.30022,1.19428
1511.26073,1.18653
1509.22124,1.17977
1507.18176,1.17426
1505.14227,1.17000
1503.10278,1.16682
1501.06329,1.16519
1499.02380,1.16603
1496.98432,1.16850
1494.94483,1.17142
1492.90534,1.17610
1490.86585,1.18362
1488.82636,1.19293
1486.78688,1.20360
1484.74739,1.21691
1482.70790,1.23424
1480.66841,1.25570
1478.62892,1.28066
1476.58943,1.31044
1474.54995,1.34573
1472.51046,1.38558
1470.47097,1.42660
1468.43148,1.46277
1466.39199,1.49293
1464.35251,1.51855
1462.31302,1.53758
1460.27353,1.54784
1458.23404,1.55031
1456.19455,1.54753
1454.15506,1.54417
1452.11558,1.54186
1450.07609,1.53974
1448.03660,1.53697
1445.99711,1.53458
1443.95762,1.53503
1441.91814,1.53921
1439.87865,1.54651
1437.83916,1.55594
1435.79967,1.56444
1433.76018,1.56856
1431.72069,1.57191
1429.68121,1.57773
1427.64172,1.58352
1425.60223,1.58936
1423.56274,1.59810
1421.52325,1.60546
1419.48377,1.60437
1417.44428,1.59981
1415.40479,1.60162
1413.36530,1.60859
1411.32581,1.61269
1409.28632,1.60973
1407.24684,1.60398
1405.20735,1.60163
1403.16786,1.60359
1401.12837,1.60708
1399.08888,1.60916
1397.04940,1.60823
1395.00991,1.60585
1392.97042,1.60349
1390.93093,1.60361
1388.89144,1.60867
1386.85195,1.61453
1384.81247,1.61554
1382.77298,1.61472
1380.73349,1.61837
1378.69400,1.62705
1376.65451,1.63591
1374.61503,1.64039
1372.57554,1.64082
1370.53605,1.64102
1368.49656,1.64125
1366.45707,1.64012
1364.41758,1.63944
1362.37810,1.63985
1360.33861,1.63844
1358.29912,1.63587
1356.25963,1.63514
1354.22014,1.63597
1352.18066,1.63687
1350.14117,1.63466
1348.10168,1.62813
1346.06219,1.62540
1344.02270,1.63221
1341.98322,1.64033
1339.94373,1.63950
1337.90424,1.63139
1335.86475,1.62299
1333.82526,1.61653
1331.78577,1.61104
1329.74629,1.60376
1327.70680,1.59414
1325.66731,1.58417
1323.62782,1.57549
1321.58833,1.57067
1319.54885,1.56779
1317.50936,1.56139
1315.46987,1.55315
1313.43038,1.54778
1311.39089,1.54347
1309.35140,1.53734
1307.31192,1.53127
1305.27243,1.52681
1303.23294,1.52347
1301.19345,1.51864
1299.15396,1.50851
1297.11448,1.49424
1295.07499,1.48281
1293.03550,1.47764
1290.99601,1.47402
1288.95652,1.46775
1286.91703,1.46074
1284.87755,1.45508
1282.83806,1.44880
1280.79857,1.43989
1278.75908,1.43054
1276.71959,1.42453
1274.68011,1.42207
1272.64062,1.42029
1270.60113,1.41916
1268.56164,1.42135
1266.52215,1.42566
1264.48266,1.42886
1262.44318,1.43131
1260.40369,1.43440
1258.36420,1.43669
1256.32471,1.43730
1254.28522,1.43993
1252.24574,1.44557
1250.20625,1.44996
1248.16676,1.45502
1246.12727,1.46288
1244.08778,1.46632
1242.04829,1.46233
1240.00881,1.45822
1237.96932,1.45733
1235.92983,1.45310
1233.89034,1.44105
1231.85085,1.42491
1229.81137,1.41118
1227.77188,1.40054
1225.73239,1.38817
1223.69290,1.37635
1221.65341,1.37219
1219.61392,1.37546
1217.57444,1.38040
1215.53495,1.38612
1213.49546,1.39699
1211.45597,1.41364
1209.41648,1.42979
1207.37700,1.43813
1205.33751,1.44022
1203.29802,1.44284
1201.25853,1.44551
1199.21904,1.44194
1197.17956,1.43129
1195.14007,1.42082
1193.10058,1.41683
1191.06109,1.41957
1189.02160,1.42808
1186.98211,1.44607
1184.94263,1.47297
1182.90314,1.50438
1180.86365,1.54835
1178.82416,1.61107
1176.78467,1.67867
1174.74519,1.74028
1172.70570,1.80636
1170.66621,1.88179
1168.62672,1.94162
1166.58723,1.96238
1164.54774,1.95283
1162.50826,1.93124
1160.46877,1.90640
1158.42928,1.88066
1156.38979,1.85732
1154.35030,1.83304
1152.31082,1.80174
1150.27133,1.77193
1148.23184,1.75750
1146.19235,1.75988
1144.15286,1.76540
1142.11337,1.76541
1140.07389,1.76656
1138.03440,1.77063
1135.99491,1.77164
1133.95542,1.77007
1131.91593,1.77266
1129.87645,1.78246
1127.83696,1.79186
1125.79747,1.79559
1123.75798,1.79184
1121.71849,1.78248
1119.67900,1.78001
1117.63952,1.79068
1115.60003,1.80349
1113.56054,1.81208
1111.52105,1.81287
1109.48156,1.80354
1107.44208,1.79978
1105.40259,1.80625
1103.36310,1.80912
1101.32361,1.80425
1099.28412,1.80028
1097.24463,1.80376
1095.20515,1.81334
1093.16566,1.81768
1091.12617,1.81635
1089.08668,1.82562
1087.04719,1.83426
1085.00771,1.82378
1082.96822,1.81143
1080.92873,1.81240
1078.88924,1.81281
1076.84975,1.79344
1074.81027,1.76812
1072.77078,1.76256
1070.73129,1.77553
1068.69180,1.79107
1066.65231,1.80597
1064.61282,1.81886
1062.57334,1.81711
1060.53385,1.80090
1058.49436,1.77629
1056.45487,1.74410
1054.41538,1.71158
1052.37590,1.68417
1050.33641,1.66411
1048.29692,1.64948
1046.25743,1.63623
1044.21794,1.62534
1042.17845,1.61805
1040.13897,1.61534
1038.09948,1.61516
1036.05999,1.61271
1034.02050,1.60774
1031.98101,1.60093
1029.94153,1.58739
1027.90204,1.57143
1025.86255,1.56588
1023.82306,1.56969
1021.78357,1.57037
1019.74408,1.56178
1017.70460,1.55009
1015.66511,1.54176
1013.62562,1.53724
1011.58613,1.53809
1009.54664,1.54188
1007.50716,1.53876
1005.46767,1.52923
1003.42818,1.52139
1001.38869,1.51934
999.34920,1.52166
997.30971,1.51849
995.27023,1.50525
993.23074,1.48925
991.19125,1.47651
989.15176,1.46616
987.11227,1.44994
985.07279,1.42042
983.03330,1.38116
980.99381,1.33854
978.95432,1.29358
976.91483,1.24854
974.87534,1.20891
972.83586,1.17613
970.79637,1.14672
968.75688,1.11987
966.71739,1.09867
964.67790,1.08311
962.63842,1.06937
960.59893,1.05785
958.55944,1.05251
956.51995,1.05224
954.48046,1.05496
952.44097,1.06533
950.40149,1.08725
948.36200,1.11916
946.32251,1.15843
944.28302,1.19929
942.24353,1.23478
940.20405,1.26226
938.16456,1.28206
936.12507,1.29656
934.08558,1.30765
932.04609,1.31474
930.00661,1.31658
927.96712,1.31116
925.92763,1.29843
923.88814,1.28104
921.84865,1.26001
919.80916,1.23568
917.76968,1.20815
915.73019,1.17992
913.69070,1.15473
911.65121,1.13420
909.61172,1.11935
907.57224,1.10934
905.53275,1.10495
903.49326,1.10631
901.45377,1.10687
899.41428,1.10230
897.37479,1.09579
895.33531,1.08861
893.29582,1.07936
891.25633,1.07071
889.21684,1.06499
887.17735,1.06103
885.13787,1.05862
883.09838,1.06080
881.05889,1.07126
879.01940,1.09091
876.97991,1.11934
874.94042,1.15535
872.90094,1.19603
870.86145,1.23890
868.82196,1.28299
866.78247,1.32488
864.74298,1.35242
862.70350,1.35691
860.66401,1.34539
858.62452,1.32634
856.58503,1.30618
854.54554,1.29096
852.50605,1.27991
850.46657,1.26768
848.42708,1.25325
846.38759,1.24273
844.34810,1.23711
842.30861,1.23067
840.26913,1.22168
838.22964,1.21070
836.19015,1.19844
834.15066,1.18662
832.11117,1.17748
830.07168,1.17325
828.03220,1.17337
825.99271,1.17720
823.95322,1.18220
821.91373,1.18347
819.87424,1.18433
817.83476,1.19198
815.79527,1.20479
813.75578,1.21523
811.71629,1.22165
809.67680,1.22835
807.63731,1.23911
805.59783,1.25387
803.55834,1.26836
801.51885,1.28293
799.47936,1.30278
797.43987,1.32466
795.40039,1.33849
793.36090,1.34500
791.32141,1.35450
789.28192,1.36818
787.24243,1.37949
785.20295,1.38995
783.16346,1.40865
781.12397,1.43107
779.08448,1.44778
777.04499,1.46305
775.00550,1.47768
772.96602,1.48836
770.92653,1.49883
768.88704,1.50897
766.84755,1.50979
764.80806,1.50107
762.76858,1.49552
760.72909,1.49242
758.68960,1.48483
756.65011,1.47681
754.61062,1.47440
752.57113,1.47292
750.53165,1.46314
748.49216,1.44986
746.45267,1.44600
744.41318,1.45503
742.37369,1.46405
740.33421,1.46399
738.29472,1.46616
736.25523,1.47482
734.21574,1.47916
732.17625,1.48133
730.13676,1.49148
728.09728,1.50511
726.05779,1.51438
724.01830,1.52516
721.97881,1.54024
719.93932,1.55009
717.89984,1.54844
715.86035,1.54436
713.82086,1.54477
711.78137,1.54526
709.74188,1.54296
707.70239,1.54370
705.66291,1.54634
703.62342,1.53732
701.58393,1.51848
699.54444,1.50738
697.50495,1.50795
695.46547,1.51368
693.42598,1.52628
691.38649,1.54126
689.34700,1.54327
687.30751,1.53878
685.26802,1.54555
683.22854,1.55109
681.18905,1.53620
679.14956,1.51461
677.11007,1.51005
675.07058,1.52295
673.03110,1.53306
670.99161,1.53066
668.95212,1.53076
666.91263,1.54324
664.87314,1.54885
662.83365,1.53889
660.79417,1.53379
658.75468,1.54352
656.71519,1.54964
654.67570,1.54904
652.63621,1.55728
650.59673,1.56681
648.55724,1.56395
646.51775,1.55078
644.47826,1.53496
642.43877,1.53365
640.39929,1.56116
638.35980,1.58848
636.32031,1.57165
634.28082,1.53241
632.24133,1.52394
630.20184,1.54248
628.16236,1.55695
626.12287,1.57230
624.08338,1.61631
622.04389,1.65864
620.00440,1.62724
617.96492,1.55666
615.92543,1.53217
613.88594,1.58513
611.84645,1.65761
609.80696,1.64261
607.76747,1.57816
605.72799,1.55260
603.68850,1.57597
601.64901,1.59632
599.60952,1.58112
597.57003,1.55812
595.53055,1.54746
593.49106,1.57018
591.45157,1.61155
589.41208,1.62643
587.37259,1.61569
585.33310,1.63365
583.29362,1.63861
581.25413,1.57462
579.21464,1.54575
577.17515,1.56730
575.13566,1.57113
573.09618,1.53219
571.05669,1.51369
569.01720,1.51052
566.97771,1.51161
564.93822,1.48330
562.89873,1.44767
560.85925,1.46558
558.81976,1.51785
556.78027,1.54679
554.74078,1.54979
552.70129,1.54518
550.66181,1.52169
548.62232,1.50056
546.58283,1.54471
544.54334,1.64454
542.50385,1.66622
540.46436,1.56307
538.42488,1.48225
536.38539,1.54806
534.34590,1.63109
532.30641,1.60663
530.26692,1.52959
528.22744,1.43927
526.18795,1.37908
524.14846,1.34799
522.10897,1.34014
520.06948,1.37194
518.02999,1.40877
515.99051,1.52613
513.95102,1.58993
511.91153,1.34833
509.87204,1.21677
507.83255,1.20138
505.79307,1.34501
503.75358,1.27471
501.71409,1.30034
499.67460,1.19476
