3997.39681,0.41484
3995.35732,0.41401
3993.31783,0.41292
3991.27835,0.41202
3989.23886,0.41151
3987.19937,0.41142
3985.15988,0.41120
3983.12039,0.41049
3981.08091,0.40976
3979.04142,0.40905
3977.00193,0.40793
3974.96244,0.40672
3972.92295,0.40578
3970.88346,0.40490
3968.84398,0.40388
3966.80449,0.40270
3964.76500,0.40149
3962.72551,0.40036
3960.68602,0.39913
3958.64654,0.39773
3956.60705,0.39628
3954.56756,0.39496
3952.52807,0.39417
3950.48858,0.39398
3948.44909,0.39350
3946.40961,0.39224
3944.37012,0.39067
3942.33063,0.38911
3940.29114,0.38760
3938.25165,0.38629
3936.21217,0.38533
3934.17268,0.38438
3932.13319,0.38259
3930.09370,0.38000
3928.05421,0.37775
3926.01473,0.37609
3923.97524,0.37445
3921.93575,0.37290
3919.89626,0.37145
3917.85677,0.36955
3915.81728,0.36698
3913.77780,0.36420
3911.73831,0.36177
3909.69882,0.36029
3907.65933,0.35989
3905.61984,0.35946
3903.58036,0.35803
3901.54087,0.35576
3899.50138,0.35310
3897.46189,0.35090
3895.42240,0.34985
3893.38291,0.34907
3891.34343,0.34752
3889.30394,0.34599
3887.26445,0.34524
3885.22496,0.34468
3883.18547,0.34418
3881.14599,0.34368
3879.10650,0.34279
3877.06701,0.34196
3875.02752,0.34136
3872.98803,0.34075
3870.94854,0.34046
3868.90906,0.34056
3866.86957,0.34050
3864.83008,0.33968
3862.79059,0.33826
3860.75110,0.33752
3858.71162,0.33811
3856.67213,0.33908
3854.63264,0.33895
3852.59315,0.33751
3850.55366,0.33648
3848.51417,0.33654
3846.47469,0.33688
3844.43520,0.33692
3842.39571,0.33690
3840.35622,0.33735
3838.31673,0.33784
3836.27725,0.33756
3834.23776,0.33664
3832.19827,0.33563
3830.15878,0.33497
3828.11929,0.33498
3826.07980,0.33569
3824.04032,0.33661
3822.00083,0.33728
3819.96134,0.33784
3817.92185,0.33825
3815.88236,0.33814
3813.84288,0.33817
3811.80339,0.33903
3809.76390,0.34029
3807.72441,0.34157
3805.68492,0.34277
3803.64543,0.34392
3801.60595,0.34507
3799.56646,0.34604
3797.52697,0.34672
3795.48748,0.34743
3793.44799,0.34847
3791.40851,0.34956
3789.36902,0.35060
3787.32953,0.35208
3785.29004,0.35436
3783.25055,0.35708
3781.21107,0.35948
3779.17158,0.36109
3777.13209,0.36221
3775.09260,0.36353
3773.05311,0.36536
3771.01362,0.36751
3768.97414,0.36969
3766.93465,0.37164
3764.89516,0.37354
3762.85567,0.37602
3760.81618,0.37927
3758.77670,0.38255
3756.73721,0.38508
3754.69772,0.38714
3752.65823,0.38933
3750.61874,0.39177
3748.57925,0.39441
3746.53977,0.39724
3744.50028,0.40030
3742.46079,0.40334
3740.42130,0.40611
3738.38181,0.40890
3736.34233,0.41213
3734.30284,0.41569
3732.26335,0.41933
3730.22386,0.42327
3728.18437,0.42775
3726.14488,0.43244
3724.10540,0.43695
3722.06591,0.44146
3720.02642,0.44633
3717.98693,0.45174
3715.94744,0.45712
3713.90796,0.46192
3711.86847,0.46708
3709.82898,0.47372
3707.78949,0.48140
3705.75000,0.48964
3703.71051,0.49863
3701.67103,0.50830
3699.63154,0.51830
3697.59205,0.52891
3695.55256,0.54043
3693.51307,0.55266
3691.47359,0.56602
3689.43410,0.58103
3687.39461,0.59669
3685.35512,0.61179
3683.31563,0.62723
3681.27614,0.64445
3679.23666,0.66337
3677.19717,0.68446
3675.15768,0.70848
3673.11819,0.73232
3671.07870,0.75587
3669.03922,0.78127
3666.99973,0.80573
3664.96024,0.82892
3662.92075,0.85363
3660.88126,0.88061
3658.84177,0.90930
3656.80229,0.93840
3654.76280,0.96401
3652.72331,0.98544
3650.68382,1.01026
3648.64433,1.04365
3646.60485,1.07765
3644.56536,1.10510
3642.52587,1.12932
3640.48638,1.15463
3638.44689,1.18170
3636.40741,1.20726
3634.36792,1.22792
3632.32843,1.24706
3630.28894,1.27197
3628.24945,1.30143
3626.20996,1.32590
3624.17048,1.34490
3622.13099,1.36146
3620.09150,1.37803
3618.05201,1.40066
3616.01252,1.42883
3613.97304,1.45414
3611.93355,1.47385
3609.89406,1.49192
3607.85457,1.50875
3605.81508,1.52398
3603.77559,1.54266
3601.73611,1.56276
3599.69662,1.57591
3597.65713,1.58678
3595.61764,1.60568
3593.57815,1.62744
3591.53867,1.64113
3589.49918,1.64763
3587.45969,1.65415
3585.42020,1.66338
3583.38071,1.67155
3581.34122,1.67940
3579.30174,1.69228
3577.26225,1.70686
3575.22276,1.71535
3573.18327,1.72069
3571.14378,1.73268
3569.10430,1.74991
3567.06481,1.75824
3565.02532,1.75382
3562.98583,1.75376
3560.94634,1.76428
3558.90685,1.77365
3556.86737,1.77617
3554.82788,1.77230
3552.78839,1.76351
3550.74890,1.75888
3548.70941,1.76203
3546.66993,1.76271
3544.63044,1.76050
3542.59095,1.76595
3540.55146,1.77710
3538.51197,1.78745
3536.47248,1.80024
3534.43300,1.81877
3532.39351,1.83395
3530.35402,1.83430
3528.31453,1.81903
3526.27504,1.79931
3524.23556,1.78802
3522.19607,1.78530
3520.15658,1.78248
3518.11709,1.77901
3516.07760,1.78144
3514.03811,1.78878
3511.99863,1.79434
3509.95914,1.79481
3507.91965,1.79418
3505.88016,1.79737
3503.84067,1.79890
3501.80119,1.79233
3499.76170,1.78779
3497.72221,1.79444
3495.68272,1.80525
3493.64323,1.81896
3491.60375,1.83660
3489.56426,1.84712
3487.52477,1.84606
3485.48528,1.83961
3483.44579,1.82934
3481.40630,1.81018
3479.36682,1.78076
3477.32733,1.75690
3475.28784,1.75647
3473.24835,1.77073
3471.20886,1.77998
3469.16938,1.78084
3467.12989,1.77480
3465.09040,1.77615
3463.05091,1.79966
3461.01142,1.82088
3458.97193,1.81409
3456.93245,1.79474
3454.89296,1.78270
3452.85347,1.78176
3450.81398,1.78265
3448.77449,1.77399
3446.73501,1.75833
3444.69552,1.74696
3442.65603,1.74965
3440.61654,1.76514
3438.57705,1.77559
3436.53756,1.77032
3434.49808,1.76262
3432.45859,1.76274
3430.41910,1.76213
3428.37961,1.75787
3426.34012,1.75508
3424.30064,1.75645
3422.26115,1.75496
3420.22166,1.74403
3418.18217,1.73594
3416.14268,1.74328
3414.10319,1.76303
3412.06371,1.77912
3410.02422,1.78220
3407.98473,1.77869
3405.94524,1.77560
3403.90575,1.77018
3401.86627,1.75750
3399.82678,1.74679
3397.78729,1.74313
3395.74780,1.74211
3393.70831,1.74074
3391.66882,1.74067
3389.62934,1.74347
3387.58985,1.74684
3385.55036,1.74799
3383.51087,1.74692
3381.47138,1.74337
3379.43190,1.73680
3377.39241,1.73406
3375.35292,1.74052
3373.31343,1.74542
3371.27394,1.73606
3369.23446,1.71967
3367.19497,1.71266
3365.15548,1.71143
3363.11599,1.70726
3361.07650,1.70885
3359.03701,1.71787
3356.99753,1.72185
3354.95804,1.71910
3352.91855,1.71643
3350.87906,1.71692
3348.83957,1.71678
3346.80009,1.71186
3344.76060,1.70795
3342.72111,1.71058
3340.68162,1.71031
3338.64213,1.70634
3336.60264,1.71091
3334.56316,1.71766
3332.52367,1.71590
3330.48418,1.70837
3328.44469,1.70354
3326.40520,1.70983
3324.36572,1.72076
3322.32623,1.72014
3320.28674,1.70758
3318.24725,1.69779
3316.20776,1.69960
3314.16827,1.70734
3312.12879,1.70981
3310.08930,1.70715
3308.04981,1.71154
3306.01032,1.71666
3303.97083,1.70790
3301.93135,1.69814
3299.89186,1.69978
3297.85237,1.70280
3295.81288,1.70314
3293.77339,1.70013
3291.73390,1.68806
3289.69442,1.67650
3287.65493,1.67418
3285.61544,1.67668
3283.57595,1.68023
3281.53646,1.68249
3279.49698,1.68326
3277.45749,1.68342
3275.41800,1.68421
3273.37851,1.68814
3271.33902,1.68891
3269.29953,1.67950
3267.26005,1.66721
3265.22056,1.65860
3263.18107,1.65249
3261.14158,1.65134
3259.10209,1.65677
3257.06261,1.66483
3255.02312,1.67033
3252.98363,1.67210
3250.94414,1.67211
3248.90465,1.67187
3246.86516,1.67317
3244.82568,1.67859
3242.78619,1.68310
3240.74670,1.67901
3238.70721,1.66902
3236.66772,1.65970
3234.62824,1.65516
3232.58875,1.65201
3230.54926,1.64824
3228.50977,1.65004
3226.47028,1.65656
3224.43080,1.65733
3222.39131,1.65050
3220.35182,1.64580
3218.31233,1.64669
3216.27284,1.64887
3214.23335,1.64993
3212.19387,1.64960
3210.15438,1.64642
3208.11489,1.64114
3206.07540,1.63977
3204.03591,1.64479
3201.99643,1.65117
3199.95694,1.65242
3197.91745,1.64778
3195.87796,1.64248
3193.83847,1.64191
3191.79898,1.64397
3189.75950,1.64314
3187.72001,1.64003
3185.68052,1.63855
3183.64103,1.64085
3181.60154,1.64504
3179.56206,1.64503
3177.52257,1.63786
3175.48308,1.63079
3173.44359,1.63005
3171.40410,1.63283
3169.36461,1.63664
3167.32513,1.63892
3165.28564,1.63811
3163.24615,1.63811
3161.20666,1.63554
3159.16717,1.62501
3157.12769,1.61473
3155.08820,1.61173
3153.04871,1.61330
3151.00922,1.61569
3148.96973,1.61709
3146.93024,1.61794
3144.89076,1.61736
3142.85127,1.61390
3140.81178,1.61034
3138.77229,1.60817
3136.73280,1.60527
3134.69332,1.60288
3132.65383,1.60129
3130.61434,1.60133
3128.57485,1.60602
3126.53536,1.60918
3124.49587,1.60429
3122.45639,1.59776
3120.41690,1.59379
3118.37741,1.59018
3116.33792,1.58779
3114.29843,1.58506
3112.25895,1.58052
3110.21946,1.57521
3108.17997,1.56883
3106.14048,1.56263
3104.10099,1.55857
3102.06150,1.55723
3100.02202,1.55757
3097.98253,1.55958
3095.94304,1.56261
3093.90355,1.56107
3091.86406,1.55083
3089.82458,1.53794
3087.78509,1.53130
3085.74560,1.53080
3083.70611,1.53256
3081.66662,1.53491
3079.62714,1.53521
3077.58765,1.52995
3075.54816,1.51938
3073.50867,1.50919
3071.46918,1.50482
3069.42969,1.50551
3067.39021,1.50648
3065.35072,1.50311
3063.31123,1.49484
3061.27174,1.48545
3059.23225,1.47887
3057.19277,1.47567
3055.15328,1.47104
3053.11379,1.46435
3051.07430,1.46179
3049.03481,1.46222
3046.99532,1.45920
3044.95584,1.45458
3042.91635,1.45146
3040.87686,1.44702
3038.83737,1.44201
3036.79788,1.43870
3034.75840,1.43427
3032.71891,1.42688
3030.67942,1.41987
3028.63993,1.41573
3026.60044,1.41228
3024.56095,1.40699
3022.52147,1.40148
3020.48198,1.39727
3018.44249,1.39279
3016.40300,1.38807
3014.36351,1.38406
3012.32403,1.38097
3010.28454,1.37959
3008.24505,1.38033
3006.20556,1.38290
3004.16607,1.38685
3002.12658,1.39102
3000.08710,1.39387
2998.04761,1.39706
2996.00812,1.40184
2993.96863,1.40569
2991.92914,1.41098
2989.88966,1.41967
2987.85017,1.42741
2985.81068,1.43398
2983.77119,1.44351
2981.73170,1.45437
2979.69221,1.46308
2977.65273,1.47083
2975.61324,1.47818
2973.57375,1.48396
2971.53426,1.49050
2969.49477,1.50010
2967.45529,1.50828
2965.41580,1.51557
2963.37631,1.52877
2961.33682,1.54415
2959.29733,1.55601
2957.25784,1.56671
2955.21836,1.57980
2953.17887,1.59196
2951.13938,1.59886
2949.09989,1.60323
2947.06040,1.60890
2945.02092,1.61603
2942.98143,1.62164
2940.94194,1.62767
2938.90245,1.63438
2936.86296,1.63978
2934.82348,1.64289
2932.78399,1.63993
2930.74450,1.63540
2928.70501,1.63038
2926.66552,1.62311
2924.62603,1.62071
2922.58655,1.62137
2920.54706,1.61679
2918.50757,1.61015
2916.46808,1.60712
2914.42859,1.60556
2912.38911,1.60064
2910.34962,1.59169
2908.31013,1.58627
2906.27064,1.59031
2904.23115,1.59566
2902.19166,1.59404
2900.15218,1.58927
2898.11269,1.58597
2896.07320,1.58441
2894.03371,1.58319
2891.99422,1.57966
2889.95474,1.57330
2887.91525,1.56700
2885.87576,1.55806
2883.83627,1.54435
2881.79678,1.53156
2879.75729,1.52142
2877.71781,1.51205
2875.67832,1.50334
2873.63883,1.49405
2871.59934,1.48418
2869.55985,1.47436
2867.52037,1.46228
2865.48088,1.44970
2863.44139,1.43958
2861.40190,1.43268
2859.36241,1.42788
2857.32292,1.42100
2855.28344,1.41278
2853.24395,1.40487
2851.20446,1.39609
2849.16497,1.38809
2847.12548,1.37846
2845.08600,1.36342
2843.04651,1.35072
2841.00702,1.34670
2838.96753,1.34511
2836.92804,1.33873
2834.88855,1.32751
2832.84907,1.31634
2830.80958,1.30822
2828.77009,1.30230
2826.73060,1.29601
2824.69111,1.28898
2822.65163,1.28348
2820.61214,1.27820
2818.57265,1.27034
2816.53316,1.26129
2814.49367,1.25455
2812.45418,1.25056
2810.41470,1.24601
2808.37521,1.23925
2806.33572,1.23294
2804.29623,1.22846
2802.25674,1.22470
2800.21726,1.22082
2798.17777,1.21646
2796.13828,1.21184
2794.09879,1.20710
2792.05930,1.20226
2790.01982,1.19833
2787.98033,1.19618
2785.94084,1.19352
2783.90135,1.18975
2781.86186,1.18798
2779.82237,1.18806
2777.78289,1.18683
2775.74340,1.18373
2773.70391,1.18112
2771.66442,1.18034
2769.62493,1.18006
2767.58545,1.17889
2765.54596,1.17696
2763.50647,1.17515
2761.46698,1.17421
2759.42749,1.17367
2757.38800,1.17193
2755.34852,1.16916
2753.30903,1.16672
2751.26954,1.16410
2749.23005,1.16139
2747.19056,1.15952
2745.15108,1.15736
2743.11159,1.15408
2741.07210,1.15122
2739.03261,1.15011
2736.99312,1.14931
2734.95363,1.14761
2732.91415,1.14600
2730.87466,1.14448
2728.83517,1.14143
2726.79568,1.13703
2724.75619,1.13298
2722.71671,1.12942
2720.67722,1.12551
2718.63773,1.12102
2716.59824,1.11534
2714.55875,1.10890
2712.51926,1.10443
2710.47978,1.10243
2708.44029,1.09915
2706.40080,1.09269
2704.36131,1.08571
2702.32182,1.08115
2700.28234,1.07870
2698.24285,1.07605
2696.20336,1.07247
2694.16387,1.06862
2692.12438,1.06509
2690.08489,1.06240
2688.04541,1.06003
2686.00592,1.05679
2683.96643,1.05346
2681.92694,1.05180
2679.88745,1.05019
2677.84797,1.04636
2675.80848,1.04114
2673.76899,1.03535
2671.72950,1.02925
2669.69001,1.02458
2667.65052,1.02114
2665.61104,1.01607
2663.57155,1.01039
2661.53206,1.00640
2659.49257,1.00255
2657.45308,0.99830
2655.41360,0.99420
2653.37411,0.98881
2651.33462,0.98255
2649.29513,0.97720
2647.25564,0.97206
2645.21616,0.96625
2643.17667,0.96052
2641.13718,0.95495
2639.09769,0.94910
2637.05820,0.94380
2635.01871,0.93925
2632.97923,0.93394
2630.93974,0.92772
2628.90025,0.92199
2626.86076,0.91717
2624.82127,0.91272
2622.78179,0.90866
2620.74230,0.90501
2618.70281,0.90124
2616.66332,0.89768
2614.62383,0.89488
2612.58434,0.89230
2610.54486,0.88932
2608.50537,0.88617
2606.46588,0.88369
2604.42639,0.88191
2602.38690,0.87990
2600.34742,0.87763
2598.30793,0.87583
2596.26844,0.87422
2594.22895,0.87216
2592.18946,0.87003
2590.14997,0.86861
2588.11049,0.86763
2586.07100,0.86588
2584.03151,0.86319
2581.99202,0.86034
2579.95253,0.85748
2577.91305,0.85461
2575.87356,0.85184
2573.83407,0.84852
2571.79458,0.84445
2569.75509,0.84060
2567.71560,0.83744
2565.67612,0.83460
2563.63663,0.83129
2561.59714,0.82771
2559.55765,0.82443
2557.51816,0.82064
2555.47868,0.81686
2553.43919,0.81433
2551.39970,0.81161
2549.36021,0.80742
2547.32072,0.80292
2545.28123,0.79894
2543.24175,0.79559
2541.20226,0.79233
2539.16277,0.78834
2537.12328,0.78424
2535.08379,0.78064
2533.04431,0.77710
2531.00482,0.77345
2528.96533,0.77047
2526.92584,0.76831
2524.88635,0.76596
2522.84686,0.76313
2520.80738,0.76051
2518.76789,0.75860
2516.72840,0.75659
2514.68891,0.75388
2512.64942,0.75131
2510.60994,0.74912
2508.57045,0.74688
2506.53096,0.74493
2504.49147,0.74342
2502.45198,0.74212
2500.41250,0.74126
2498.37301,0.74003
2496.33352,0.73761
2494.29403,0.73482
2492.25454,0.73243
2490.21505,0.73057
2488.17557,0.72912
2486.13608,0.72742
2484.09659,0.72485
2482.05710,0.72172
2480.01761,0.71856
2477.97813,0.71544
2475.93864,0.71222
2473.89915,0.70915
2471.85966,0.70650
2469.82017,0.70400
2467.78068,0.70114
2465.74120,0.69784
2463.70171,0.69440
2461.66222,0.69079
2459.62273,0.68716
2457.58324,0.68380
2455.54376,0.68063
2453.50427,0.67701
2451.46478,0.67260
2449.42529,0.66800
2447.38580,0.66377
2445.34631,0.65973
2443.30683,0.65581
2441.26734,0.65209
2439.22785,0.64823
2437.18836,0.64406
2435.14887,0.63968
2433.10939,0.63522
2431.06990,0.63089
2429.03041,0.62685
2426.99092,0.62313
2424.95143,0.61954
2422.91194,0.61603
2420.87246,0.61261
2418.83297,0.60910
2416.79348,0.60560
2414.75399,0.60250
2412.71450,0.59975
2410.67502,0.59715
2408.63553,0.59466
2406.59604,0.59236
2404.55655,0.59002
2402.51706,0.58752
2400.47757,0.58534
2398.43809,0.58324
2396.39860,0.58106
2394.35911,0.57908
2392.31962,0.57739
2390.28013,0.57578
2388.24065,0.57457
2386.20116,0.57437
2384.16167,0.57505
2382.12218,0.57586
2380.08269,0.57636
2378.04320,0.57658
2376.00372,0.57670
2373.96423,0.57712
2371.92474,0.57815
2369.88525,0.57876
2367.84576,0.57832
2365.80628,0.57796
2363.76679,0.57849
2361.72730,0.57926
2359.68781,0.57793
2357.64832,0.57308
2355.60884,0.56701
2353.56935,0.56351
2351.52986,0.56413
2349.49037,0.56508
2347.45088,0.56232
2345.41139,0.55811
2343.37191,0.55603
2341.33242,0.55498
2339.29293,0.55371
2337.25344,0.55233
2335.21395,0.55077
2333.17447,0.54949
2331.13498,0.54831
2329.09549,0.54615
2327.05600,0.54338
2325.01651,0.54158
2322.97702,0.54068
2320.93754,0.53938
2318.89805,0.53774
2316.85856,0.53631
2314.81907,0.53498
2312.77958,0.53371
2310.74010,0.53262
2308.70061,0.53150
2306.66112,0.53033
2304.62163,0.52932
2302.58214,0.52843
2300.54265,0.52744
2298.50317,0.52664
2296.46368,0.52632
2294.42419,0.52611
2292.38470,0.52553
2290.34521,0.52478
2288.30573,0.52436
2286.26624,0.52441
2284.22675,0.52510
2282.18726,0.52633
2280.14777,0.52748
2278.10828,0.52833
2276.06880,0.52920
2274.02931,0.53016
2271.98982,0.53105
2269.95033,0.53198
2267.91084,0.53314
2265.87136,0.53438
2263.83187,0.53553
2261.79238,0.53670
2259.75289,0.53784
2257.71340,0.53855
2255.67391,0.53886
2253.63443,0.53954
2251.59494,0.54070
2249.55545,0.54177
2247.51596,0.54286
2245.47647,0.54398
2243.43699,0.54510
2241.39750,0.54596
2239.35801,0.54672
2237.31852,0.54774
2235.27903,0.54899
2233.23954,0.55039
2231.20006,0.55197
2229.16057,0.55355
2227.12108,0.55511
2225.08159,0.55673
2223.04210,0.55828
2221.00262,0.55975
2218.96313,0.56149
2216.92364,0.56380
2214.88415,0.56654
2212.84466,0.56922
2210.80518,0.57158
2208.76569,0.57388
2206.72620,0.57613
2204.68671,0.57823
2202.64722,0.58046
2200.60773,0.58276
2198.56825,0.58489
2196.52876,0.58706
2194.48927,0.58951
2192.44978,0.59192
2190.41029,0.59409
2188.37081,0.59657
2186.33132,0.59941
2184.29183,0.60176
2182.25234,0.60380
2180.21285,0.60653
2178.17336,0.60972
2176.13388,0.61269
2174.09439,0.61560
2172.05490,0.61837
2170.01541,0.62100
2167.97592,0.62373
2165.93644,0.62617
2163.89695,0.62805
2161.85746,0.62956
2159.81797,0.63084
2157.77848,0.63186
2155.73899,0.63264
2153.69951,0.63324
2151.66002,0.63355
2149.62053,0.63340
2147.58104,0.63315
2145.54155,0.63304
2143.50207,0.63289
2141.46258,0.63278
2139.42309,0.63278
2137.38360,0.63245
2135.34411,0.63186
2133.30462,0.63153
2131.26514,0.63119
2129.22565,0.63051
2127.18616,0.62984
2125.14667,0.62935
2123.10718,0.62886
2121.06770,0.62827
2119.02821,0.62777
2116.98872,0.62752
2114.94923,0.62733
2112.90974,0.62726
2110.87025,0.62726
2108.83077,0.62694
2106.79128,0.62676
2104.75179,0.62730
2102.71230,0.62790
2100.67281,0.62797
2098.63333,0.62795
2096.59384,0.62820
2094.55435,0.62872
2092.51486,0.62934
2090.47537,0.62978
2088.43588,0.62980
2086.39640,0.62954
2084.35691,0.62921
2082.31742,0.62863
2080.27793,0.62786
2078.23844,0.62744
2076.19896,0.62750
2074.15947,0.62771
2072.11998,0.62768
2070.08049,0.62743
2068.04100,0.62757
2066.00152,0.62814
2063.96203,0.62802
2061.92254,0.62696
2059.88305,0.62614
2057.84356,0.62610
2055.80407,0.62601
2053.76459,0.62519
2051.72510,0.62400
2049.68561,0.62276
2047.64612,0.62120
2045.60663,0.61913
2043.56715,0.61671
2041.52766,0.61397
2039.48817,0.61062
2037.44868,0.60653
2035.40919,0.60241
2033.36970,0.59880
2031.33022,0.59540
2029.29073,0.59183
2027.25124,0.58802
2025.21175,0.58404
2023.17226,0.57991
2021.13278,0.57584
2019.09329,0.57220
2017.05380,0.56876
2015.01431,0.56519
2012.97482,0.56164
2010.93533,0.55826
2008.89585,0.55511
2006.85636,0.55217
2004.81687,0.54955
2002.77738,0.54721
2000.73789,0.54519
1998.69841,0.54379
1996.65892,0.54297
1994.61943,0.54240
1992.57994,0.54171
1990.54045,0.54057
1988.50096,0.53913
1986.46148,0.53773
1984.42199,0.53686
1982.38250,0.53664
1980.34301,0.53636
1978.30352,0.53566
1976.26404,0.53498
1974.22455,0.53459
1972.18506,0.53445
1970.14557,0.53454
1968.10608,0.53474
1966.06659,0.53473
1964.02711,0.53439
1961.98762,0.53412
1959.94813,0.53416
1957.90864,0.53448
1955.86915,0.53488
1953.82967,0.53501
1951.79018,0.53495
1949.75069,0.53519
1947.71120,0.53573
1945.67171,0.53654
1943.63222,0.53724
1941.59274,0.53660
1939.55325,0.53501
1937.51376,0.53398
1935.47427,0.53348
1933.43478,0.53285
1931.39530,0.53216
1929.35581,0.53159
1927.31632,0.53097
1925.27683,0.53048
1923.23734,0.53019
1921.19786,0.52988
1919.15837,0.52967
1917.11888,0.52904
1915.07939,0.52784
1913.03990,0.52709
1911.00041,0.52677
1908.96093,0.52592
1906.92144,0.52445
1904.88195,0.52298
1902.84246,0.52171
1900.80297,0.52068
1898.76349,0.52014
1896.72400,0.52015
1894.68451,0.52043
1892.64502,0.52091
1890.60553,0.52170
1888.56604,0.52224
1886.52656,0.52237
1884.48707,0.52268
1882.44758,0.52332
1880.40809,0.52416
1878.36860,0.52501
1876.32912,0.52563
1874.28963,0.52630
1872.25014,0.52769
1870.21065,0.52930
1868.17116,0.52918
1866.13167,0.52706
1864.09219,0.52473
1862.05270,0.52307
1860.01321,0.52201
1857.97372,0.52119
1855.93423,0.52018
1853.89475,0.51895
1851.85526,0.51794
1849.81577,0.51756
1847.77628,0.51782
1845.73679,0.51805
1843.69730,0.51682
1841.65782,0.51425
1839.61833,0.51226
1837.57884,0.51139
1835.53935,0.51122
1833.49986,0.51204
1831.46038,0.51361
1829.42089,0.51463
1827.38140,0.51494
1825.34191,0.51528
1823.30242,0.51540
1821.26293,0.51537
1819.22345,0.51579
1817.18396,0.51685
1815.14447,0.51855
1813.10498,0.52098
1811.06549,0.52362
1809.02601,0.52558
1806.98652,0.52701
1804.94703,0.52902
1802.90754,0.53211
1800.86805,0.53541
1798.82856,0.53805
1796.78908,0.54049
1794.74959,0.54339
1792.71010,0.54615
1790.67061,0.54770
1788.63112,0.54890
1786.59164,0.55123
1784.55215,0.55442
1782.51266,0.55751
1780.47317,0.56018
1778.43368,0.56274
1776.39420,0.56606
1774.35471,0.57048
1772.31522,0.57473
1770.27573,0.57731
1768.23624,0.57892
1766.19675,0.58113
1764.15727,0.58474
1762.11778,0.58912
1760.07829,0.59303
1758.03880,0.59684
1755.99931,0.60129
1753.95983,0.60669
1751.92034,0.61356
1749.88085,0.62095
1747.84136,0.62716
1745.80187,0.63270
1743.76238,0.63868
1741.72290,0.64512
1739.68341,0.65180
1737.64392,0.65923
1735.60443,0.66850
1733.56494,0.67850
1731.52546,0.68596
1729.48597,0.69176
1727.44648,0.69895
1725.40699,0.70867
1723.36750,0.71994
1721.32801,0.73134
1719.28853,0.74413
1717.24904,0.76003
1715.20955,0.77643
1713.17006,0.79061
1711.13057,0.80420
1709.09109,0.81958
1707.05160,0.83830
1705.01211,0.85973
1702.97262,0.88175
1700.93313,0.90691
1698.89364,0.93694
1696.85416,0.96745
1694.81467,0.99651
1692.77518,1.02309
1690.73569,1.04924
1688.69620,1.07573
1686.65672,1.10240
1684.61723,1.13603
1682.57774,1.17522
1680.53825,1.20745
1678.49876,1.23323
1676.45927,1.25888
1674.41979,1.28553
1672.38030,1.31082
1670.34081,1.33639
1668.30132,1.36226
1666.26183,1.38265
1664.22235,1.39854
1662.18286,1.41565
1660.14337,1.43369
1658.10388,1.44795
1656.06439,1.45760
1654.02490,1.46515
1651.98542,1.47075
1649.94593,1.47341
1647.90644,1.47301
1645.86695,1.47029
1643.82746,1.46858
1641.78798,1.46822
1639.74849,1.46568
1637.70900,1.45877
1635.66951,1.44942
1633.63002,1.44148
1631.59054,1.43427
1629.55105,1.42518
1627.51156,1.41508
1625.47207,1.40501
1623.43258,1.39411
1621.39309,1.38290
1619.35361,1.37173
1617.31412,1.35728
1615.27463,1.34056
1613.23514,1.32801
1611.19565,1.31923
1609.15617,1.31085
1607.11668,1.30233
1605.07719,1.29442
1603.03770,1.28778
1600.99821,1.28170
1598.95872,1.27461
1596.91924,1.26718
1594.87975,1.26115
1592.84026,1.25710
1590.80077,1.25418
1588.76128,1.25061
1586.72180,1.24638
1584.68231,1.24345
1582.64282,1.24185
1580.60333,1.23917
1578.56384,1.23468
1576.52435,1.23016
1574.48487,1.22746
1572.44538,1.22621
1570.40589,1.22546
1568.36640,1.22505
1566.32691,1.22439
1564.28743,1.22260
1562.24794,1.21824
1560.20845,1.20967
1558.16896,1.19911
1556.12947,1.19215
1554.08998,1.18848
1552.05050,1.18601
1550.01101,1.18266
1547.97152,1.17775
1545.93203,1.17186
1543.89254,1.16332
1541.85306,1.15071
1539.81357,1.13844
1537.77408,1.13292
1535.73459,1.13118
1533.69510,1.12800
1531.65561,1.12395
1529.61613,1.12130
1527.57664,1.11975
1525.53715,1.11820
1523.49766,1.11485
1521.45817,1.11026
1519.41869,1.10808
1517.37920,1.10824
1515.33971,1.10840
1513.30022,1.10827
1511.26073,1.10818
1509.22124,1.10810
1507.18176,1.10975
1505.14227,1.11515
1503.10278,1.12152
1501.06329,1.12688
1499.02380,1.13186
1496.98432,1.13847
1494.94483,1.14824
1492.90534,1.15967
1490.86585,1.17253
1488.82636,1.18876
1486.78688,1.20778
1484.74739,1.22809
1482.70790,1.25115
1480.66841,1.27882
1478.62892,1.30956
1476.58943,1.34250
1474.54995,1.38207
1472.51046,1.43228
1470.47097,1.48271
1468.43148,1.52028
1466.39199,1.54905
1464.35251,1.57521
1462.31302,1.59731
1460.27353,1.61438
1458.23404,1.62363
1456.19455,1.62052
1454.15506,1.61256
1452.11558,1.60776
1450.07609,1.60561
1448.03660,1.60524
1445.99711,1.60796
1443.95762,1.61304
1441.91814,1.61698
1439.87865,1.61809
1437.83916,1.62096
1435.79967,1.62988
1433.76018,1.63921
1431.72069,1.64493
1429.68121,1.65029
1427.64172,1.65732
1425.60223,1.66427
1423.56274,1.66888
1421.52325,1.67149
1419.48377,1.67226
1417.44428,1.66889
1415.40479,1.66428
1413.36530,1.66276
1411.32581,1.66089
1409.28632,1.65399
1407.24684,1.64735
1405.20735,1.64800
1403.16786,1.65148
1401.12837,1.65148
1399.08888,1.64898
1397.04940,1.64583
1395.00991,1.64447
1392.97042,1.64690
1390.93093,1.65102
1388.89144,1.65735
1386.85195,1.66936
1384.81247,1.68253
1382.77298,1.68966
1380.73349,1.69345
1378.69400,1.70053
1376.65451,1.71051
1374.61503,1.71815
1372.57554,1.72094
1370.53605,1.72040
1368.49656,1.71891
1366.45707,1.71829
1364.41758,1.71861
1362.37810,1.71579
1360.33861,1.70761
1358.29912,1.69932
1356.25963,1.69540
1354.22014,1.69694
1352.18066,1.70332
1350.14117,1.71004
1348.10168,1.71430
1346.06219,1.71829
1344.02270,1.72014
1341.98322,1.71361
1339.94373,1.70121
1337.90424,1.69657
1335.86475,1.70108
1333.82526,1.70092
1331.78577,1.69120
1329.74629,1.67603
1327.70680,1.66097
1325.66731,1.65167
1323.62782,1.64740
1321.58833,1.64500
1319.54885,1.64283
1317.50936,1.63944
1315.46987,1.63449
1313.43038,1.62694
1311.39089,1.61768
1309.35140,1.61056
1307.31192,1.60583
1305.27243,1.60105
1303.23294,1.59596
1301.19345,1.59085
1299.15396,1.58627
1297.11448,1.58240
1295.07499,1.57765
1293.03550,1.57188
1290.99601,1.56563
1288.95652,1.55855
1286.91703,1.55089
1284.87755,1.54151
1282.83806,1.52943
1280.79857,1.51748
1278.75908,1.50831
1276.71959,1.50180
1274.68011,1.49797
1272.64062,1.49724
1270.60113,1.49834
1268.56164,1.50099
1266.52215,1.50488
1264.48266,1.50776
1262.44318,1.50971
1260.40369,1.51154
1258.36420,1.51291
1256.32471,1.51493
1254.28522,1.52075
1252.24574,1.53116
1250.20625,1.54265
1248.16676,1.55116
1246.12727,1.55368
1244.08778,1.55141
1242.04829,1.54922
1240.00881,1.54820
1237.96932,1.54420
1235.92983,1.53420
1233.89034,1.52094
1231.85085,1.50854
1229.81137,1.49722
1227.77188,1.48537
1225.73239,1.47430
1223.69290,1.46570
1221.65341,1.45847
1219.61392,1.45490
1217.57444,1.45880
1215.53495,1.46779
1213.49546,1.47849
1211.45597,1.49178
1209.41648,1.50841
1207.37700,1.52415
1205.33751,1.53247
1203.29802,1.53351
1201.25853,1.53255
1199.21904,1.52907
1197.17956,1.51948
1195.14007,1.50614
1193.10058,1.49345
1191.06109,1.48624
1189.02160,1.48957
1186.98211,1.50474
1184.94263,1.53376
1182.90314,1.57871
1180.86365,1.63423
1178.82416,1.69365
1176.78467,1.75959
1174.74519,1.83855
1172.70570,1.92400
1170.66621,1.98912
1168.62672,2.02130
1166.58723,2.03381
1164.54774,2.02108
1162.50826,1.98021
1160.46877,1.93542
1158.42928,1.90204
1156.38979,1.87591
1154.35030,1.85243
1152.31082,1.82808
1150.27133,1.80089
1148.23184,1.77919
1146.19235,1.77110
1144.15286,1.77148
1142.11337,1.77250
1140.07389,1.77560
1138.03440,1.78183
1135.99491,1.79047
1133.95542,1.79655
1131.91593,1.80260
1129.87645,1.81332
1127.83696,1.81900
1125.79747,1.81435
1123.75798,1.80454
1121.71849,1.80351
1119.67900,1.81251
1117.63952,1.81835
1115.60003,1.82319
1113.56054,1.83507
1111.52105,1.84195
1109.48156,1.82951
1107.44208,1.81122
1105.40259,1.80805
1103.36310,1.81789
1101.32361,1.82973
1099.28412,1.84117
1097.24463,1.84257
1095.20515,1.83364
1093.16566,1.82564
1091.12617,1.82506
1089.08668,1.83272
1087.04719,1.83987
1085.00771,1.83647
1082.96822,1.81533
1080.92873,1.78958
1078.88924,1.78018
1076.84975,1.78636
1074.81027,1.79516
1072.77078,1.80033
1070.73129,1.80428
1068.69180,1.81509
1066.65231,1.83301
1064.61282,1.84461
1062.57334,1.84488
1060.53385,1.83356
1058.49436,1.80716
1056.45487,1.76968
1054.41538,1.72806
1052.37590,1.68463
1050.33641,1.64428
1048.29692,1.61791
1046.25743,1.60559
1044.21794,1.59591
1042.17845,1.59020
1040.13897,1.59597
1038.09948,1.60207
1036.05999,1.59857
1034.02050,1.59501
1031.98101,1.59430
1029.94153,1.58510
1027.90204,1.56753
1025.86255,1.55580
1023.82306,1.54972
1021.78357,1.53768
1019.74408,1.52377
1017.70460,1.51916
1015.66511,1.52302
1013.62562,1.52592
1011.58613,1.52199
1009.54664,1.51290
1007.50716,1.50678
1005.46767,1.50767
1003.42818,1.50683
1001.38869,1.50017
999.34920,1.49485
997.30971,1.49025
995.27023,1.48464
993.23074,1.48431
991.19125,1.48225
989.15176,1.47099
987.11227,1.46193
985.07279,1.45721
983.03330,1.44372
980.99381,1.41712
978.95432,1.38295
976.91483,1.34609
974.87534,1.31034
972.83586,1.27859
970.79637,1.25028
968.75688,1.22339
966.71739,1.19895
964.67790,1.17821
962.63842,1.16259
960.59893,1.15389
958.55944,1.14869
956.51995,1.14326
954.48046,1.14230
952.44097,1.15228
950.40149,1.17338
948.36200,1.20533
946.32251,1.24728
944.28302,1.29182
942.24353,1.33020
940.20405,1.35898
938.16456,1.38100
936.12507,1.40053
934.08558,1.41351
932.04609,1.41498
930.00661,1.41150
927.96712,1.40869
925.92763,1.40385
923.88814,1.39344
921.84865,1.37431
919.80916,1.34589
917.76968,1.31366
915.73019,1.28464
913.69070,1.26047
911.65121,1.23928
909.61172,1.22176
907.57224,1.20984
905.53275,1.20364
903.49326,1.20246
901.45377,1.20153
899.41428,1.19547
897.37479,1.18551
895.33531,1.17444
893.29582,1.16395
891.25633,1.15574
889.21684,1.14846
887.17735,1.14093
885.13787,1.13716
883.09838,1.14166
881.05889,1.15361
879.01940,1.17122
876.97991,1.19653
874.94042,1.23035
872.90094,1.27182
870.86145,1.31865
868.82196,1.36584
866.78247,1.40884
864.74298,1.43620
862.70350,1.43848
860.66401,1.42473
858.62452,1.40580
856.58503,1.38782
854.54554,1.37327
852.50605,1.36037
850.46657,1.35049
848.42708,1.34311
846.38759,1.33680
844.34810,1.33238
842.30861,1.32586
840.26913,1.31235
838.22964,1.29567
836.19015,1.28118
834.15066,1.26809
832.11117,1.25743
830.07168,1.25110
828.03220,1.24642
825.99271,1.24153
823.95322,1.24069
821.91373,1.24543
819.87424,1.24916
817.83476,1.25128
815.79527,1.25696
813.75578,1.26480
811.71629,1.27509
809.67680,1.28944
807.63731,1.30145
805.59783,1.30981
803.55834,1.32000
801.51885,1.33560
799.47936,1.35844
797.43987,1.38201
795.40039,1.39822
793.36090,1.41010
791.32141,1.41990
789.28192,1.42846
787.24243,1.43980
785.20295,1.45353
783.16346,1.46852
781.12397,1.48492
779.08448,1.50340
777.04499,1.51933
775.00550,1.52882
772.96602,1.53819
770.92653,1.55228
768.88704,1.56601
766.84755,1.57197
764.80806,1.56946
762.76858,1.55456
760.72909,1.53435
758.68960,1.52651
756.65011,1.52859
754.61062,1.52635
752.57113,1.51564
750.53165,1.50193
748.49216,1.49557
746.45267,1.49779
744.41318,1.50006
742.37369,1.49971
740.33421,1.49976
738.29472,1.50262
736.25523,1.50653
734.21574,1.51316
732.17625,1.52368
730.13676,1.53236
728.09728,1.53818
726.05779,1.54272
724.01830,1.55066
721.97881,1.56470
719.93932,1.58291
717.89984,1.60028
715.86035,1.61137
713.82086,1.60968
711.78137,1.59529
709.74188,1.58444
707.70239,1.58579
705.66291,1.58593
703.62342,1.58109
701.58393,1.57865
699.54444,1.57535
697.50495,1.56900
695.46547,1.55932
693.42598,1.54578
691.38649,1.53851
689.34700,1.54680
687.30751,1.56459
685.26802,1.57967
683.22854,1.58750
681.18905,1.59354
679.14956,1.60123
677.11007,1.60454
675.07058,1.60275
673.03110,1.60433
670.99161,1.60030
668.95212,1.58316
666.91263,1.57965
664.87314,1.59864
662.83365,1.61239
660.79417,1.60868
658.75468,1.59511
656.71519,1.58680
654.67570,1.59039
652.63621,1.59229
650.59673,1.58702
648.55724,1.58783
646.51775,1.59339
644.47826,1.59133
642.43877,1.58628
640.39929,1.58721
638.35980,1.58780
636.32031,1.58493
634.28082,1.58392
632.24133,1.58575
630.20184,1.58851
628.16236,1.58674
626.12287,1.57732
624.08338,1.58795
622.04389,1.63950
620.00440,1.68585
617.96492,1.70066
615.92543,1.68571
613.88594,1.63733
611.84645,1.60982
609.80696,1.64212
607.76747,1.67439
605.72799,1.65417
603.68850,1.62799
601.64901,1.60872
599.60952,1.59241
597.57003,1.59170
595.53055,1.59924
593.49106,1.60505
591.45157,1.60145
589.41208,1.60552
587.37259,1.61927
585.33310,1.60251
583.29362,1.58887
581.25413,1.62130
579.21464,1.64713
577.17515,1.58534
575.13566,1.52364
573.09618,1.52305
571.05669,1.53127
569.01720,1.50444
566.97771,1.46578
564.93822,1.43356
562.89873,1.40902
560.85925,1.42306
558.81976,1.47299
556.78027,1.50300
554.74078,1.50463
552.70129,1.51167
550.66181,1.50296
548.62232,1.48217
546.58283,1.49955
544.54334,1.52927
542.50385,1.56807
540.46436,1.60907
538.42488,1.64383
536.38539,1.56106
534.34590,1.45879
532.30641,1.48595
530.26692,1.58894
528.22744,1.64321
526.18795,1.59358
524.14846,1.50035
522.10897,1.41136
520.06948,1.42198
518.02999,1.42715
515.99051,1.31067
513.95102,1.23676
511.91153,1.31890
509.87204,1.46702
507.83255,1.34213
505.79307,1.19354
503.75358,1.23842
501.71409,1.32317
499.67460,1.39608
