3997.39681,0.40378
3995.35732,0.40329
3993.31783,0.40289
3991.27835,0.40230
3989.23886,0.40161
3987.19937,0.40093
3985.15988,0.40020
3983.12039,0.39929
3981.08091,0.39837
3979.04142,0.39771
3977.00193,0.39713
3974.96244,0.39649
3972.92295,0.39578
3970.88346,0.39464
3968.84398,0.39279
3966.80449,0.39076
3964.76500,0.38925
3962.72551,0.38813
3960.68602,0.38690
3958.64654,0.38555
3956.60705,0.38428
3954.56756,0.38298
3952.52807,0.38178
3950.48858,0.38105
3948.44909,0.38079
3946.40961,0.38051
3944.37012,0.37941
3942.33063,0.37753
3940.29114,0.37565
3938.25165,0.37422
3936.21217,0.37308
3934.17268,0.37173
3932.13319,0.37011
3930.09370,0.36866
3928.05421,0.36734
3926.01473,0.36587
3923.97524,0.36446
3921.93575,0.36331
3919.89626,0.36200
3917.85677,0.35983
3915.81728,0.35652
3913.77780,0.35298
3911.73831,0.35032
3909.69882,0.34904
3907.65933,0.34882
3905.61984,0.34901
3903.58036,0.34887
3901.54087,0.34715
3899.50138,0.34372
3897.46189,0.34101
3895.42240,0.34013
3893.38291,0.33965
3891.34343,0.33881
3889.30394,0.33788
3887.26445,0.33634
3885.22496,0.33461
3883.18547,0.33333
3881.14599,0.33217
3879.10650,0.33197
3877.06701,0.33264
3875.02752,0.33305
3872.98803,0.33306
3870.94854,0.33218
3868.90906,0.33105
3866.86957,0.33050
3864.83008,0.33015
3862.79059,0.33020
3860.75110,0.33097
3858.71162,0.33224
3856.67213,0.33219
3854.63264,0.32958
3852.59315,0.32783
3850.55366,0.32870
3848.51417,0.32929
3846.47469,0.32896
3844.43520,0.32894
3842.39571,0.32946
3840.35622,0.32945
3838.31673,0.32877
3836.27725,0.32852
3834.23776,0.32841
3832.19827,0.32783
3830.15878,0.32737
3828.11929,0.32756
3826.07980,0.32855
3824.04032,0.32912
3822.00083,0.32861
3819.96134,0.32889
3817.92185,0.32900
3815.88236,0.32811
3813.84288,0.32845
3811.80339,0.32996
3809.76390,0.33115
3807.72441,0.33199
3805.68492,0.33359
3803.64543,0.33481
3801.60595,0.33482
3799.56646,0.33549
3797.52697,0.33646
3795.48748,0.33720
3793.44799,0.33821
3791.40851,0.33948
3789.36902,0.34116
3787.32953,0.34280
3785.29004,0.34407
3783.25055,0.34552
3781.21107,0.34701
3779.17158,0.34839
3777.13209,0.35007
3775.09260,0.35191
3773.05311,0.35385
3771.01362,0.35604
3768.97414,0.35883
3766.93465,0.36191
3764.89516,0.36482
3762.85567,0.36734
3760.81618,0.36901
3758.77670,0.37077
3756.73721,0.37360
3754.69772,0.37643
3752.65823,0.37794
3750.61874,0.37952
3748.57925,0.38295
3746.53977,0.38526
3744.50028,0.38618
3742.46079,0.38959
3740.42130,0.39443
3738.38181,0.39778
3736.34233,0.39916
3734.30284,0.40017
3732.26335,0.40301
3730.22386,0.40762
3728.18437,0.41217
3726.14488,0.41643
3724.10540,0.42108
3722.06591,0.42583
3720.02642,0.43055
3717.98693,0.43544
3715.94744,0.44043
3713.90796,0.44538
3711.86847,0.45129
3709.82898,0.45865
3707.78949,0.46575
3705.75000,0.47230
3703.71051,0.47941
3701.67103,0.48760
3699.63154,0.49681
3697.59205,0.50702
3695.55256,0.51841
3693.51307,0.53045
3691.47359,0.54293
3689.43410,0.55625
3687.39461,0.56998
3685.35512,0.58366
3683.31563,0.59812
3681.27614,0.61406
3679.23666,0.63122
3677.19717,0.65050
3675.15768,0.67414
3673.11819,0.69904
3671.07870,0.72190
3669.03922,0.74499
3666.99973,0.76785
3664.96024,0.78982
3662.92075,0.81298
3660.88126,0.83826
3658.84177,0.86490
3656.80229,0.89188
3654.76280,0.91750
3652.72331,0.93989
3650.68382,0.96267
3648.64433,0.99190
3646.60485,1.02347
3644.56536,1.04965
3642.52587,1.07150
3640.48638,1.09270
3638.44689,1.11414
3636.40741,1.13649
3634.36792,1.16150
3632.32843,1.18865
3630.28894,1.21493
3628.24945,1.23894
3626.20996,1.26132
3624.17048,1.28490
3622.13099,1.31049
3620.09150,1.33725
3618.05201,1.36452
3616.01252,1.38658
3613.97304,1.39901
3611.93355,1.40754
3609.89406,1.42120
3607.85457,1.44038
3605.81508,1.45987
3603.77559,1.47840
3601.73611,1.49670
3599.69662,1.51509
3597.65713,1.53272
3595.61764,1.54672
3593.57815,1.56079
3591.53867,1.58024
3589.49918,1.60102
3587.45969,1.61984
3585.42020,1.63298
3583.38071,1.63555
3581.34122,1.63534
3579.30174,1.64285
3577.26225,1.65443
3575.22276,1.66586
3573.18327,1.68249
3571.14378,1.70342
3569.10430,1.71716
3567.06481,1.71570
3565.02532,1.70811
3562.98583,1.70782
3560.94634,1.71289
3558.90685,1.71625
3556.86737,1.71853
3554.82788,1.72041
3552.78839,1.72224
3550.74890,1.73254
3548.70941,1.75269
3546.66993,1.76932
3544.63044,1.77711
3542.59095,1.78358
3540.55146,1.78701
3538.51197,1.77852
3536.47248,1.76468
3534.43300,1.76194
3532.39351,1.77269
3530.35402,1.79091
3528.31453,1.80913
3526.27504,1.81824
3524.23556,1.81313
3522.19607,1.79530
3520.15658,1.77874
3518.11709,1.77599
3516.07760,1.77745
3514.03811,1.77030
3511.99863,1.76321
3509.95914,1.76800
3507.91965,1.77654
3505.88016,1.78141
3503.84067,1.78761
3501.80119,1.79624
3499.76170,1.80499
3497.72221,1.80887
3495.68272,1.80100
3493.64323,1.78929
3491.60375,1.79426
3489.56426,1.81562
3487.52477,1.82888
3485.48528,1.82465
3483.44579,1.80937
3481.40630,1.78856
3479.36682,1.77353
3477.32733,1.77595
3475.28784,1.78954
3473.24835,1.79171
3471.20886,1.77742
3469.16938,1.76900
3467.12989,1.77617
3465.09040,1.78496
3463.05091,1.78642
3461.01142,1.78505
3458.97193,1.78582
3456.93245,1.78863
3454.89296,1.79004
3452.85347,1.78510
3450.81398,1.78067
3448.77449,1.78622
3446.73501,1.79060
3444.69552,1.78764
3442.65603,1.78545
3440.61654,1.78195
3438.57705,1.78132
3436.53756,1.78491
3434.49808,1.77812
3432.45859,1.76296
3430.41910,1.75350
3428.37961,1.75040
3426.34012,1.75176
3424.30064,1.75555
3422.26115,1.75245
3420.22166,1.74618
3418.18217,1.74865
3416.14268,1.75332
3414.10319,1.74410
3412.06371,1.73521
3410.02422,1.74445
3407.98473,1.75693
3405.94524,1.75413
3403.90575,1.74246
3401.86627,1.73833
3399.82678,1.74033
3397.78729,1.73959
3395.74780,1.73893
3393.70831,1.74317
3391.66882,1.74426
3389.62934,1.73419
3387.58985,1.72406
3385.55036,1.72033
3383.51087,1.71932
3381.47138,1.71991
3379.43190,1.72043
3377.39241,1.72624
3375.35292,1.74235
3373.31343,1.75405
3371.27394,1.74713
3369.23446,1.73196
3367.19497,1.72724
3365.15548,1.73509
3363.11599,1.74125
3361.07650,1.74046
3359.03701,1.73431
3356.99753,1.72400
3354.95804,1.71619
3352.91855,1.71637
3350.87906,1.72124
3348.83957,1.72316
3346.80009,1.71999
3344.76060,1.71667
3342.72111,1.72165
3340.68162,1.72944
3338.64213,1.72646
3336.60264,1.71601
3334.56316,1.70572
3332.52367,1.69674
3330.48418,1.69524
3328.44469,1.70283
3326.40520,1.70871
3324.36572,1.70762
3322.32623,1.70148
3320.28674,1.69368
3318.24725,1.69160
3316.20776,1.69782
3314.16827,1.70957
3312.12879,1.72039
3310.08930,1.72246
3308.04981,1.71959
3306.01032,1.71831
3303.97083,1.71329
3301.93135,1.70641
3299.89186,1.70721
3297.85237,1.71140
3295.81288,1.71319
3293.77339,1.70981
3291.73390,1.70135
3289.69442,1.69957
3287.65493,1.70661
3285.61544,1.70923
3283.57595,1.70258
3281.53646,1.69467
3279.49698,1.69067
3277.45749,1.68698
3275.41800,1.68085
3273.37851,1.67670
3271.33902,1.67692
3269.29953,1.67756
3267.26005,1.67739
3265.22056,1.67789
3263.18107,1.67544
3261.14158,1.67263
3259.10209,1.67355
3257.06261,1.67076
3255.02312,1.66757
3252.98363,1.67664
3250.94414,1.68431
3248.90465,1.67288
3246.86516,1.65732
3244.82568,1.65267
3242.78619,1.65142
3240.74670,1.64864
3238.70721,1.65201
3236.66772,1.66251
3234.62824,1.66765
3232.58875,1.66320
3230.54926,1.66114
3228.50977,1.66452
3226.47028,1.66335
3224.43080,1.65831
3222.39131,1.65937
3220.35182,1.66342
3218.31233,1.66235
3216.27284,1.66065
3214.23335,1.65770
3212.19387,1.64716
3210.15438,1.64026
3208.11489,1.64713
3206.07540,1.65321
3204.03591,1.64678
3201.99643,1.64111
3199.95694,1.64540
3197.91745,1.65037
3195.87796,1.64688
3193.83847,1.64125
3191.79898,1.64078
3189.75950,1.64047
3187.72001,1.63979
3185.68052,1.64387
3183.64103,1.64755
3181.60154,1.64804
3179.56206,1.64878
3177.52257,1.64422
3175.48308,1.63403
3173.44359,1.63083
3171.40410,1.63813
3169.36461,1.64301
3167.32513,1.64139
3165.28564,1.63987
3163.24615,1.63696
3161.20666,1.63191
3159.16717,1.62643
3157.12769,1.62107
3155.08820,1.61821
3153.04871,1.61838
3151.00922,1.62038
3148.96973,1.62325
3146.93024,1.62372
3144.89076,1.61841
3142.85127,1.61121
3140.81178,1.60855
3138.77229,1.60756
3136.73280,1.60462
3134.69332,1.60243
3132.65383,1.60109
3130.61434,1.60107
3128.57485,1.60527
3126.53536,1.61139
3124.49587,1.60952
3122.45639,1.59606
3120.41690,1.58514
3118.37741,1.58682
3116.33792,1.59184
3114.29843,1.59267
3112.25895,1.59261
3110.21946,1.59128
3108.17997,1.58817
3106.14048,1.58514
3104.10099,1.57903
3102.06150,1.57077
3100.02202,1.56745
3097.98253,1.56796
3095.94304,1.56575
3093.90355,1.56146
3091.86406,1.55877
3089.82458,1.55928
3087.78509,1.55830
3085.74560,1.55071
3083.70611,1.54140
3081.66662,1.53208
3079.62714,1.52075
3077.58765,1.51455
3075.54816,1.51901
3073.50867,1.52425
3071.46918,1.52179
3069.42969,1.51813
3067.39021,1.51731
3065.35072,1.51482
3063.31123,1.50858
3061.27174,1.50229
3059.23225,1.49880
3057.19277,1.49533
3055.15328,1.49005
3053.11379,1.48479
3051.07430,1.47933
3049.03481,1.47274
3046.99532,1.46758
3044.95584,1.46699
3042.91635,1.46732
3040.87686,1.46127
3038.83737,1.45170
3036.79788,1.44546
3034.75840,1.44205
3032.71891,1.43906
3030.67942,1.43502
3028.63993,1.42966
3026.60044,1.42504
3024.56095,1.42323
3022.52147,1.42230
3020.48198,1.41873
3018.44249,1.41536
3016.40300,1.41487
3014.36351,1.41263
3012.32403,1.40732
3010.28454,1.40573
3008.24505,1.41002
3006.20556,1.41335
3004.16607,1.41271
3002.12658,1.41297
3000.08710,1.41714
2998.04761,1.42193
2996.00812,1.42432
2993.96863,1.42676
2991.92914,1.43176
2989.88966,1.43832
2987.85017,1.44413
2985.81068,1.44837
2983.77119,1.45110
2981.73170,1.45547
2979.69221,1.46417
2977.65273,1.47255
2975.61324,1.47930
2973.57375,1.48812
2971.53426,1.49728
2969.49477,1.50597
2967.45529,1.51749
2965.41580,1.52893
2963.37631,1.53710
2961.33682,1.54562
2959.29733,1.55460
2957.25784,1.56403
2955.21836,1.57638
2953.17887,1.58889
2951.13938,1.59854
2949.09989,1.60405
2947.06040,1.60814
2945.02092,1.61319
2942.98143,1.61547
2940.94194,1.61967
2938.90245,1.63200
2936.86296,1.64264
2934.82348,1.64347
2932.78399,1.64039
2930.74450,1.63720
2928.70501,1.63074
2926.66552,1.61883
2924.62603,1.60571
2922.58655,1.59983
2920.54706,1.60368
2918.50757,1.60777
2916.46808,1.60422
2914.42859,1.59673
2912.38911,1.58978
2910.34962,1.58325
2908.31013,1.57941
2906.27064,1.58023
2904.23115,1.57904
2902.19166,1.57295
2900.15218,1.57097
2898.11269,1.57630
2896.07320,1.57983
2894.03371,1.57536
2891.99422,1.56888
2889.95474,1.56270
2887.91525,1.55179
2885.87576,1.53947
2883.83627,1.53118
2881.79678,1.52373
2879.75729,1.51436
2877.71781,1.50587
2875.67832,1.50004
2873.63883,1.49340
2871.59934,1.48088
2869.55985,1.46414
2867.52037,1.45065
2865.48088,1.44388
2863.44139,1.44077
2861.40190,1.43473
2859.36241,1.42521
2857.32292,1.41874
2855.28344,1.41406
2853.24395,1.40493
2851.20446,1.39451
2849.16497,1.38759
2847.12548,1.38075
2845.08600,1.37261
2843.04651,1.36636
2841.00702,1.35962
2838.96753,1.35031
2836.92804,1.34146
2834.88855,1.33391
2832.84907,1.32638
2830.80958,1.31875
2828.77009,1.31191
2826.73060,1.30438
2824.69111,1.29404
2822.65163,1.28372
2820.61214,1.27784
2818.57265,1.27556
2816.53316,1.27209
2814.49367,1.26685
2812.45418,1.26239
2810.41470,1.25790
2808.37521,1.25197
2806.33572,1.24588
2804.29623,1.24006
2802.25674,1.23374
2800.21726,1.22950
2798.17777,1.22820
2796.13828,1.22597
2794.09879,1.22245
2792.05930,1.21842
2790.01982,1.21200
2787.98033,1.20463
2785.94084,1.20094
2783.90135,1.20175
2781.86186,1.20293
2779.82237,1.20109
2777.78289,1.19814
2775.74340,1.19769
2773.70391,1.19747
2771.66442,1.19467
2769.62493,1.19221
2767.58545,1.19094
2765.54596,1.18929
2763.50647,1.18809
2761.46698,1.18830
2759.42749,1.18895
2757.38800,1.18873
2755.34852,1.18693
2753.30903,1.18384
2751.26954,1.18081
2749.23005,1.17851
2747.19056,1.17639
2745.15108,1.17379
2743.11159,1.17081
2741.07210,1.16788
2739.03261,1.16563
2736.99312,1.16366
2734.95363,1.16047
2732.91415,1.15735
2730.87466,1.15491
2728.83517,1.15109
2726.79568,1.14701
2724.75619,1.14389
2722.71671,1.13984
2720.67722,1.13575
2718.63773,1.13361
2716.59824,1.13178
2714.55875,1.12812
2712.51926,1.12313
2710.47978,1.11779
2708.44029,1.11189
2706.40080,1.10607
2704.36131,1.10214
2702.32182,1.10072
2700.28234,1.09968
2698.24285,1.09612
2696.20336,1.09042
2694.16387,1.08535
2692.12438,1.08162
2690.08489,1.07741
2688.04541,1.07220
2686.00592,1.06740
2683.96643,1.06357
2681.92694,1.06025
2679.88745,1.05654
2677.84797,1.05236
2675.80848,1.04891
2673.76899,1.04607
2671.72950,1.04219
2669.69001,1.03738
2667.65052,1.03247
2665.61104,1.02750
2663.57155,1.02275
2661.53206,1.01805
2659.49257,1.01347
2657.45308,1.00919
2655.41360,1.00421
2653.37411,0.99877
2651.33462,0.99406
2649.29513,0.99023
2647.25564,0.98603
2645.21616,0.98040
2643.17667,0.97445
2641.13718,0.96942
2639.09769,0.96464
2637.05820,0.95920
2635.01871,0.95292
2632.97923,0.94611
2630.93974,0.94048
2628.90025,0.93662
2626.86076,0.93279
2624.82127,0.92834
2622.78179,0.92364
2620.74230,0.91926
2618.70281,0.91554
2616.66332,0.91180
2614.62383,0.90796
2612.58434,0.90443
2610.54486,0.90107
2608.50537,0.89785
2606.46588,0.89513
2604.42639,0.89266
2602.38690,0.89002
2600.34742,0.88773
2598.30793,0.88634
2596.26844,0.88600
2594.22895,0.88574
2592.18946,0.88437
2590.14997,0.88201
2588.11049,0.87937
2586.07100,0.87696
2584.03151,0.87500
2581.99202,0.87218
2579.95253,0.86765
2577.91305,0.86367
2575.87356,0.86124
2573.83407,0.85849
2571.79458,0.85508
2569.75509,0.85175
2567.71560,0.84842
2565.67612,0.84482
2563.63663,0.84141
2561.59714,0.83824
2559.55765,0.83479
2557.51816,0.83160
2555.47868,0.82843
2553.43919,0.82412
2551.39970,0.81937
2549.36021,0.81562
2547.32072,0.81294
2545.28123,0.80989
2543.24175,0.80557
2541.20226,0.80092
2539.16277,0.79663
2537.12328,0.79280
2535.08379,0.78944
2533.04431,0.78571
2531.00482,0.78129
2528.96533,0.77756
2526.92584,0.77520
2524.88635,0.77330
2522.84686,0.77091
2520.80738,0.76798
2518.76789,0.76542
2516.72840,0.76375
2514.68891,0.76207
2512.64942,0.75961
2510.60994,0.75704
2508.57045,0.75505
2506.53096,0.75332
2504.49147,0.75087
2502.45198,0.74775
2500.41250,0.74550
2498.37301,0.74412
2496.33352,0.74256
2494.29403,0.74068
2492.25454,0.73834
2490.21505,0.73534
2488.17557,0.73213
2486.13608,0.72964
2484.09659,0.72774
2482.05710,0.72533
2480.01761,0.72207
2477.97813,0.71854
2475.93864,0.71525
2473.89915,0.71256
2471.85966,0.71022
2469.82017,0.70735
2467.78068,0.70392
2465.74120,0.70071
2463.70171,0.69770
2461.66222,0.69414
2459.62273,0.68995
2457.58324,0.68584
2455.54376,0.68226
2453.50427,0.67872
2451.46478,0.67456
2449.42529,0.67020
2447.38580,0.66623
2445.34631,0.66218
2443.30683,0.65760
2441.26734,0.65333
2439.22785,0.64971
2437.18836,0.64586
2435.14887,0.64182
2433.10939,0.63827
2431.06990,0.63438
2429.03041,0.62972
2426.99092,0.62535
2424.95143,0.62162
2422.91194,0.61814
2420.87246,0.61482
2418.83297,0.61124
2416.79348,0.60757
2414.75399,0.60446
2412.71450,0.60185
2410.67502,0.59915
2408.63553,0.59599
2406.59604,0.59290
2404.55655,0.59061
2402.51706,0.58866
2400.47757,0.58633
2398.43809,0.58395
2396.39860,0.58187
2394.35911,0.58001
2392.31962,0.57817
2390.28013,0.57634
2388.24065,0.57493
2386.20116,0.57438
2384.16167,0.57470
2382.12218,0.57546
2380.08269,0.57625
2378.04320,0.57681
2376.00372,0.57707
2373.96423,0.57702
2371.92474,0.57648
2369.88525,0.57583
2367.84576,0.57633
2365.80628,0.57800
2363.76679,0.57869
2361.72730,0.57723
2359.68781,0.57452
2357.64832,0.57139
2355.60884,0.56786
2353.56935,0.56505
2351.52986,0.56451
2349.49037,0.56437
2347.45088,0.56199
2345.41139,0.55854
2343.37191,0.55611
2341.33242,0.55456
2339.29293,0.55347
2337.25344,0.55241
2335.21395,0.55075
2333.17447,0.54853
2331.13498,0.54616
2329.09549,0.54411
2327.05600,0.54264
2325.01651,0.54141
2322.97702,0.53999
2320.93754,0.53855
2318.89805,0.53730
2316.85856,0.53606
2314.81907,0.53465
2312.77958,0.53320
2310.74010,0.53192
2308.70061,0.53053
2306.66112,0.52901
2304.62163,0.52773
2302.58214,0.52667
2300.54265,0.52558
2298.50317,0.52444
2296.46368,0.52331
2294.42419,0.52252
2292.38470,0.52233
2290.34521,0.52260
2288.30573,0.52287
2286.26624,0.52293
2284.22675,0.52308
2282.18726,0.52354
2280.14777,0.52417
2278.10828,0.52494
2276.06880,0.52595
2274.02931,0.52696
2271.98982,0.52766
2269.95033,0.52820
2267.91084,0.52900
2265.87136,0.53013
2263.83187,0.53123
2261.79238,0.53209
2259.75289,0.53296
2257.71340,0.53383
2255.67391,0.53436
2253.63443,0.53481
2251.59494,0.53552
2249.55545,0.53609
2247.51596,0.53661
2245.47647,0.53747
2243.43699,0.53859
2241.39750,0.53975
2239.35801,0.54077
2237.31852,0.54165
2235.27903,0.54277
2233.23954,0.54398
2231.20006,0.54480
2229.16057,0.54546
2227.12108,0.54652
2225.08159,0.54796
2223.04210,0.54954
2221.00262,0.55116
2218.96313,0.55286
2216.92364,0.55479
2214.88415,0.55703
2212.84466,0.55933
2210.80518,0.56156
2208.76569,0.56364
2206.72620,0.56540
2204.68671,0.56725
2202.64722,0.56955
2200.60773,0.57177
2198.56825,0.57358
2196.52876,0.57550
2194.48927,0.57758
2192.44978,0.57942
2190.41029,0.58138
2188.37081,0.58375
2186.33132,0.58634
2184.29183,0.58896
2182.25234,0.59123
2180.21285,0.59333
2178.17336,0.59578
2176.13388,0.59847
2174.09439,0.60135
2172.05490,0.60417
2170.01541,0.60658
2167.97592,0.60874
2165.93644,0.61097
2163.89695,0.61314
2161.85746,0.61475
2159.81797,0.61562
2157.77848,0.61627
2155.73899,0.61713
2153.69951,0.61791
2151.66002,0.61806
2149.62053,0.61772
2147.58104,0.61767
2145.54155,0.61775
2143.50207,0.61750
2141.46258,0.61699
2139.42309,0.61632
2137.38360,0.61574
2135.34411,0.61547
2133.30462,0.61527
2131.26514,0.61477
2129.22565,0.61391
2127.18616,0.61297
2125.14667,0.61223
2123.10718,0.61155
2121.06770,0.61076
2119.02821,0.61027
2116.98872,0.61014
2114.94923,0.60987
2112.90974,0.60954
2110.87025,0.60936
2108.83077,0.60936
2106.79128,0.60945
2104.75179,0.60957
2102.71230,0.60988
2100.67281,0.61036
2098.63333,0.61076
2096.59384,0.61113
2094.55435,0.61182
2092.51486,0.61237
2090.47537,0.61220
2088.43588,0.61179
2086.39640,0.61166
2084.35691,0.61167
2082.31742,0.61145
2080.27793,0.61088
2078.23844,0.61029
2076.19896,0.60979
2074.15947,0.60927
2072.11998,0.60908
2070.08049,0.60925
2068.04100,0.60933
2066.00152,0.60938
2063.96203,0.60930
2061.92254,0.60905
2059.88305,0.60933
2057.84356,0.60967
2055.80407,0.60888
2053.76459,0.60730
2051.72510,0.60578
2049.68561,0.60454
2047.64612,0.60313
2045.60663,0.60098
2043.56715,0.59837
2041.52766,0.59575
2039.48817,0.59302
2037.44868,0.59004
2035.40919,0.58692
2033.36970,0.58364
2031.33022,0.58006
2029.29073,0.57627
2027.25124,0.57242
2025.21175,0.56850
2023.17226,0.56460
2021.13278,0.56103
2019.09329,0.55788
2017.05380,0.55473
2015.01431,0.55115
2012.97482,0.54744
2010.93533,0.54400
2008.89585,0.54069
2006.85636,0.53772
2004.81687,0.53544
2002.77738,0.53361
2000.73789,0.53194
1998.69841,0.53051
1996.65892,0.52953
1994.61943,0.52901
1992.57994,0.52854
1990.54045,0.52766
1988.50096,0.52633
1986.46148,0.52506
1984.42199,0.52424
1982.38250,0.52368
1980.34301,0.52315
1978.30352,0.52262
1976.26404,0.52210
1974.22455,0.52158
1972.18506,0.52135
1970.14557,0.52153
1968.10608,0.52159
1966.06659,0.52115
1964.02711,0.52075
1961.98762,0.52078
1959.94813,0.52084
1957.90864,0.52082
1955.86915,0.52120
1953.82967,0.52179
1951.79018,0.52201
1949.75069,0.52192
1947.71120,0.52202
1945.67171,0.52265
1943.63222,0.52322
1941.59274,0.52270
1939.55325,0.52137
1937.51376,0.52023
1935.47427,0.51942
1933.43478,0.51867
1931.39530,0.51815
1929.35581,0.51778
1927.31632,0.51728
1925.27683,0.51691
1923.23734,0.51688
1921.19786,0.51690
1919.15837,0.51646
1917.11888,0.51550
1915.07939,0.51464
1913.03990,0.51428
1911.00041,0.51404
1908.96093,0.51312
1906.92144,0.51151
1904.88195,0.50989
1902.84246,0.50859
1900.80297,0.50759
1898.76349,0.50711
1896.72400,0.50718
1894.68451,0.50752
1892.64502,0.50801
1890.60553,0.50860
1888.56604,0.50902
1886.52656,0.50914
1884.48707,0.50946
1882.44758,0.51035
1880.40809,0.51145
1878.36860,0.51226
1876.32912,0.51264
1874.28963,0.51308
1872.25014,0.51431
1870.21065,0.51578
1868.17116,0.51580
1866.13167,0.51384
1864.09219,0.51147
1862.05270,0.50995
1860.01321,0.50922
1857.97372,0.50849
1855.93423,0.50728
1853.89475,0.50599
1851.85526,0.50514
1849.81577,0.50489
1847.77628,0.50518
1845.73679,0.50514
1843.69730,0.50399
1841.65782,0.50227
1839.61833,0.50092
1837.57884,0.50038
1835.53935,0.50054
1833.49986,0.50126
1831.46038,0.50243
1829.42089,0.50374
1827.38140,0.50453
1825.34191,0.50453
1823.30242,0.50425
1821.26293,0.50439
1819.22345,0.50545
1817.18396,0.50735
1815.14447,0.50974
1813.10498,0.51235
1811.06549,0.51469
1809.02601,0.51634
1806.98652,0.51784
1804.94703,0.52023
1802.90754,0.52343
1800.86805,0.52619
1798.82856,0.52815
1796.78908,0.53049
1794.74959,0.53379
1792.71010,0.53721
1790.67061,0.53995
1788.63112,0.54215
1786.59164,0.54433
1784.55215,0.54688
1782.51266,0.54972
1780.47317,0.55263
1778.43368,0.55593
1776.39420,0.56014
1774.35471,0.56507
1772.31522,0.56973
1770.27573,0.57308
1768.23624,0.57537
1766.19675,0.57804
1764.15727,0.58156
1762.11778,0.58564
1760.07829,0.59002
1758.03880,0.59446
1755.99931,0.59990
1753.95983,0.60697
1751.92034,0.61517
1749.88085,0.62384
1747.84136,0.63175
1745.80187,0.63868
1743.76238,0.64544
1741.72290,0.65236
1739.68341,0.66012
1737.64392,0.66888
1735.60443,0.67787
1733.56494,0.68772
1731.52546,0.69739
1729.48597,0.70563
1727.44648,0.71423
1725.40699,0.72453
1723.36750,0.73668
1721.32801,0.74977
1719.28853,0.76421
1717.24904,0.78196
1715.20955,0.80045
1713.17006,0.81669
1711.13057,0.83251
1709.09109,0.85015
1707.05160,0.87114
1705.01211,0.89503
1702.97262,0.91888
1700.93313,0.94557
1698.89364,0.97885
1696.85416,1.01231
1694.81467,1.04328
1692.77518,1.07127
1690.73569,1.09884
1688.69620,1.12838
1686.65672,1.15679
1684.61723,1.18672
1682.57774,1.21947
1680.53825,1.24713
1678.49876,1.27055
1676.45927,1.29548
1674.41979,1.32139
1672.38030,1.34327
1670.34081,1.36364
1668.30132,1.38617
1666.26183,1.40505
1664.22235,1.41804
1662.18286,1.42922
1660.14337,1.44128
1658.10388,1.45563
1656.06439,1.47092
1654.02490,1.48350
1651.98542,1.49220
1649.94593,1.49685
1647.90644,1.49742
1645.86695,1.49789
1643.82746,1.50008
1641.78798,1.50165
1639.74849,1.50213
1637.70900,1.49916
1635.66951,1.48968
1633.63002,1.47895
1631.59054,1.47146
1629.55105,1.46249
1627.51156,1.45111
1625.47207,1.44145
1623.43258,1.43273
1621.39309,1.42166
1619.35361,1.40728
1617.31412,1.39168
1615.27463,1.38107
1613.23514,1.37598
1611.19565,1.37064
1609.15617,1.36351
1607.11668,1.35606
1605.07719,1.34968
1603.03770,1.34559
1600.99821,1.34328
1598.95872,1.34104
1596.91924,1.33915
1594.87975,1.33829
1592.84026,1.33802
1590.80077,1.33818
1588.76128,1.33877
1586.72180,1.34023
1584.68231,1.34321
1582.64282,1.34667
1580.60333,1.34790
1578.56384,1.34633
1576.52435,1.34635
1574.48487,1.35076
1572.44538,1.35380
1570.40589,1.35341
1568.36640,1.35421
1566.32691,1.35661
1564.28743,1.35845
1562.24794,1.35702
1560.20845,1.34655
1558.16896,1.33083
1556.12947,1.32270
1554.08998,1.31834
1552.05050,1.31145
1550.01101,1.30163
1547.97152,1.29092
1545.93203,1.28070
1543.89254,1.27163
1541.85306,1.26376
1539.81357,1.25392
1537.77408,1.24200
1535.73459,1.23055
1533.69510,1.22146
1531.65561,1.21745
1529.61613,1.21574
1527.57664,1.21286
1525.53715,1.20898
1523.49766,1.20329
1521.45817,1.19718
1519.41869,1.19461
1517.37920,1.19329
1515.33971,1.19031
1513.30022,1.18668
1511.26073,1.18386
1509.22124,1.18068
1507.18176,1.17552
1505.14227,1.17328
1503.10278,1.17561
1501.06329,1.17833
1499.02380,1.18134
1496.98432,1.18668
1494.94483,1.19399
1492.90534,1.20052
1490.86585,1.20630
1488.82636,1.21522
1486.78688,1.23020
1484.74739,1.25045
1482.70790,1.27374
1480.66841,1.29879
1478.62892,1.32471
1476.58943,1.35322
1474.54995,1.38882
1472.51046,1.43374
1470.47097,1.48071
1468.43148,1.51980
1466.39199,1.55071
1464.35251,1.57533
1462.31302,1.59234
1460.27353,1.60091
1458.23404,1.60352
1456.19455,1.60502
1454.15506,1.60537
1452.11558,1.60144
1450.07609,1.59605
1448.03660,1.59370
1445.99711,1.59490
1443.95762,1.59886
1441.91814,1.60572
1439.87865,1.61464
1437.83916,1.62324
1435.79967,1.62921
1433.76018,1.63223
1431.72069,1.63393
1429.68121,1.63711
1427.64172,1.64299
1425.60223,1.64804
1423.56274,1.65089
1421.52325,1.65285
1419.48377,1.65521
1417.44428,1.66011
1415.40479,1.66408
1413.36530,1.66383
1411.32581,1.66222
1409.28632,1.66161
1407.24684,1.66123
1405.20735,1.65904
1403.16786,1.65138
1401.12837,1.64072
1399.08888,1.63576
1397.04940,1.63672
1395.00991,1.63630
1392.97042,1.63372
1390.93093,1.63274
1388.89144,1.63591
1386.85195,1.64406
1384.81247,1.65376
1382.77298,1.66077
1380.73349,1.66518
1378.69400,1.66960
1376.65451,1.67569
1374.61503,1.68126
1372.57554,1.68465
1370.53605,1.68752
1368.49656,1.68806
1366.45707,1.68524
1364.41758,1.68642
1362.37810,1.69581
1360.33861,1.70263
1358.29912,1.69779
1356.25963,1.68837
1354.22014,1.68482
1352.18066,1.68751
1350.14117,1.69000
1348.10168,1.68955
1346.06219,1.68709
1344.02270,1.68477
1341.98322,1.68483
1339.94373,1.68665
1337.90424,1.68767
1335.86475,1.68645
1333.82526,1.68071
1331.78577,1.66663
1329.74629,1.64901
1327.70680,1.63740
1325.66731,1.63045
1323.62782,1.62200
1321.58833,1.61456
1319.54885,1.61104
1317.50936,1.60869
1315.46987,1.60493
1313.43038,1.59829
1311.39089,1.59177
1309.35140,1.59032
1307.31192,1.59327
1305.27243,1.59326
1303.23294,1.58465
1301.19345,1.57183
1299.15396,1.56103
1297.11448,1.55300
1295.07499,1.54611
1293.03550,1.53824
1290.99601,1.53028
1288.95652,1.52654
1286.91703,1.52558
1284.87755,1.52063
1282.83806,1.51082
1280.79857,1.50037
1278.75908,1.49001
1276.71959,1.47839
1274.68011,1.47058
1272.64062,1.47039
1270.60113,1.47270
1268.56164,1.47454
1266.52215,1.47696
1264.48266,1.48047
1262.44318,1.48647
1260.40369,1.49270
1258.36420,1.49402
1256.32471,1.49416
1254.28522,1.50081
1252.24574,1.51113
1250.20625,1.51722
1248.16676,1.51928
1246.12727,1.52277
1244.08778,1.52476
1242.04829,1.51924
1240.00881,1.51258
1237.96932,1.51043
1235.92983,1.50639
1233.89034,1.49541
1231.85085,1.48106
1229.81137,1.46858
1227.77188,1.45824
1225.73239,1.44622
1223.69290,1.43342
1221.65341,1.42702
1219.61392,1.42937
1217.57444,1.43607
1215.53495,1.44609
1213.49546,1.46096
1211.45597,1.47640
1209.41648,1.48713
1207.37700,1.49452
1205.33751,1.50075
1203.29802,1.50374
1201.25853,1.50240
1199.21904,1.49735
1197.17956,1.48772
1195.14007,1.47476
1193.10058,1.46456
1191.06109,1.46252
1189.02160,1.46914
1186.98211,1.48546
1184.94263,1.51412
1182.90314,1.55372
1180.86365,1.60297
1178.82416,1.66013
1176.78467,1.72072
1174.74519,1.78357
1172.70570,1.85467
1170.66621,1.93251
1168.62672,1.98679
1166.58723,1.99056
1164.54774,1.97274
1162.50826,1.95712
1160.46877,1.92951
1158.42928,1.89691
1156.38979,1.86135
1154.35030,1.81584
1152.31082,1.77867
1150.27133,1.75991
1148.23184,1.75536
1146.19235,1.75840
1144.15286,1.76227
1142.11337,1.76606
1140.07389,1.77517
1138.03440,1.78551
1135.99491,1.78675
1133.95542,1.78655
1131.91593,1.79330
1129.87645,1.80366
1127.83696,1.81178
1125.79747,1.81115
1123.75798,1.80468
1121.71849,1.80519
1119.67900,1.81466
1117.63952,1.82419
1115.60003,1.82919
1113.56054,1.82948
1111.52105,1.83048
1109.48156,1.83277
1107.44208,1.83157
1105.40259,1.83540
1103.36310,1.84230
1101.32361,1.83221
1099.28412,1.81756
1097.24463,1.81896
1095.20515,1.82697
1093.16566,1.83587
1091.12617,1.84231
1089.08668,1.84060
1087.04719,1.83625
1085.00771,1.82578
1082.96822,1.80842
1080.92873,1.79638
1078.88924,1.78723
1076.84975,1.77293
1074.81027,1.76201
1072.77078,1.76353
1070.73129,1.77930
1068.69180,1.80921
1066.65231,1.84005
1064.61282,1.85795
1062.57334,1.85917
1060.53385,1.84560
1058.49436,1.81767
1056.45487,1.77061
1054.41538,1.71502
1052.37590,1.67011
1050.33641,1.64339
1048.29692,1.62887
1046.25743,1.61146
1044.21794,1.59016
1042.17845,1.58297
1040.13897,1.59235
1038.09948,1.59965
1036.05999,1.59790
1034.02050,1.59361
1031.98101,1.58395
1029.94153,1.56976
1027.90204,1.56183
1025.86255,1.55822
1023.82306,1.54864
1021.78357,1.53710
1019.74408,1.53329
1017.70460,1.53538
1015.66511,1.53537
1013.62562,1.52927
1011.58613,1.52172
1009.54664,1.51630
1007.50716,1.51222
1005.46767,1.50734
1003.42818,1.49993
1001.38869,1.49413
999.34920,1.49173
997.30971,1.48981
995.27023,1.48769
993.23074,1.48407
991.19125,1.47855
989.15176,1.47329
987.11227,1.46498
985.07279,1.44796
983.03330,1.42215
980.99381,1.38711
978.95432,1.34493
976.91483,1.30431
974.87534,1.26925
972.83586,1.23690
970.79637,1.20647
968.75688,1.18086
966.71739,1.16107
964.67790,1.14417
962.63842,1.12769
960.59893,1.11372
958.55944,1.10682
956.51995,1.10774
954.48046,1.11345
952.44097,1.12563
950.40149,1.14945
948.36200,1.18432
946.32251,1.22433
944.28302,1.26589
942.24353,1.30665
940.20405,1.33868
938.16456,1.35925
936.12507,1.37390
934.08558,1.38333
932.04609,1.38809
930.00661,1.38750
927.96712,1.37869
925.92763,1.36674
923.88814,1.35383
921.84865,1.33506
919.80916,1.31121
917.76968,1.28570
915.73019,1.25740
913.69070,1.22904
911.65121,1.20861
909.61172,1.19643
907.57224,1.18690
905.53275,1.17806
903.49326,1.17179
901.45377,1.16846
899.41428,1.16490
897.37479,1.15905
895.33531,1.15131
893.29582,1.14279
891.25633,1.13476
889.21684,1.12813
887.17735,1.12318
885.13787,1.12014
883.09838,1.12230
881.05889,1.13287
879.01940,1.15116
876.97991,1.17751
874.94042,1.21438
872.90094,1.26195
870.86145,1.31528
868.82196,1.36220
866.78247,1.39376
864.74298,1.41249
862.70350,1.41745
860.66401,1.40640
858.62452,1.38732
856.58503,1.36843
854.54554,1.35352
852.50605,1.34377
850.46657,1.33589
848.42708,1.32521
846.38759,1.31122
844.34810,1.29678
842.30861,1.28406
840.26913,1.27455
838.22964,1.26938
836.19015,1.26468
834.15066,1.25524
832.11117,1.24235
830.07168,1.22924
828.03220,1.21992
825.99271,1.21921
823.95322,1.22547
821.91373,1.23311
819.87424,1.24185
817.83476,1.25379
815.79527,1.26658
813.75578,1.27621
811.71629,1.28320
809.67680,1.29309
807.63731,1.30742
805.59783,1.31975
803.55834,1.33035
801.51885,1.34656
799.47936,1.36613
797.43987,1.38228
795.40039,1.39458
793.36090,1.40299
791.32141,1.40963
789.28192,1.41901
787.24243,1.43194
785.20295,1.44670
783.16346,1.45894
781.12397,1.46993
779.08448,1.48946
777.04499,1.51903
775.00550,1.54578
772.96602,1.56320
770.92653,1.57071
768.88704,1.56175
766.84755,1.54667
764.80806,1.54164
762.76858,1.54278
760.72909,1.53825
758.68960,1.52924
756.65011,1.52182
754.61062,1.51090
752.57113,1.49773
750.53165,1.49408
748.49216,1.49689
746.45267,1.49813
744.41318,1.49857
742.37369,1.49738
740.33421,1.50167
738.29472,1.51621
736.25523,1.52947
734.21574,1.53542
732.17625,1.54238
730.13676,1.55279
728.09728,1.55857
726.05779,1.56046
724.01830,1.56440
721.97881,1.57471
719.93932,1.59054
717.89984,1.60321
715.86035,1.60633
713.82086,1.60528
711.78137,1.60418
709.74188,1.59842
707.70239,1.58713
705.66291,1.57667
703.62342,1.57310
701.58393,1.57542
699.54444,1.57851
697.50495,1.57729
695.46547,1.56775
693.42598,1.55196
691.38649,1.54213
689.34700,1.54877
687.30751,1.56153
685.26802,1.56665
683.22854,1.56541
681.18905,1.56202
679.14956,1.56105
677.11007,1.56617
675.07058,1.57899
673.03110,1.59757
670.99161,1.60520
668.95212,1.59176
666.91263,1.57203
664.87314,1.56033
662.83365,1.56106
660.79417,1.57463
658.75468,1.59482
656.71519,1.61368
654.67570,1.62049
652.63621,1.60704
650.59673,1.58284
648.55724,1.56612
646.51775,1.56056
644.47826,1.55969
642.43877,1.56717
640.39929,1.59153
638.35980,1.61773
636.32031,1.62327
634.28082,1.62692
632.24133,1.64151
630.20184,1.63899
628.16236,1.61754
626.12287,1.60666
624.08338,1.60839
622.04389,1.62535
620.00440,1.65790
617.96492,1.66920
615.92543,1.64591
613.88594,1.62745
611.84645,1.61898
609.80696,1.60203
607.76747,1.57984
605.72799,1.57054
603.68850,1.58428
601.64901,1.60773
599.60952,1.60784
597.57003,1.59117
595.53055,1.57975
593.49106,1.57819
591.45157,1.58389
589.41208,1.59441
587.37259,1.60925
585.33310,1.65333
583.29362,1.73291
581.25413,1.72633
579.21464,1.59093
577.17515,1.49342
575.13566,1.47675
573.09618,1.50499
571.05669,1.55156
569.01720,1.59080
566.97771,1.58755
564.93822,1.51507
562.89873,1.45338
560.85925,1.46035
558.81976,1.46979
556.78027,1.45160
554.74078,1.44627
552.70129,1.45985
550.66181,1.47299
548.62232,1.50183
546.58283,1.57325
544.54334,1.60097
542.50385,1.50792
540.46436,1.47571
538.42488,1.58021
536.38539,1.67476
534.34590,1.63072
532.30641,1.62622
530.26692,1.64755
528.22744,1.56702
526.18795,1.50218
524.14846,1.58810
522.10897,1.67944
520.06948,1.63981
518.02999,1.59704
515.99051,1.64481
513.95102,1.52673
511.91153,1.32524
509.87204,1.20737
507.83255,1.23399
505.79307,1.47419
503.75358,1.70934
501.71409,1.69157
499.67460,1.26863
