3997.39681,0.37012
3995.35732,0.36970
3993.31783,0.36964
3991.27835,0.36989
3989.23886,0.36970
3987.19937,0.36903
3985.15988,0.36833
3983.12039,0.36744
3981.08091,0.36607
3979.04142,0.36465
3977.00193,0.36355
3974.96244,0.36260
3972.92295,0.36178
3970.88346,0.36101
3968.84398,0.35981
3966.80449,0.35837
3964.76500,0.35734
3962.72551,0.35652
3960.68602,0.35537
3958.64654,0.35391
3956.60705,0.35282
3954.56756,0.35242
3952.52807,0.35181
3950.48858,0.35030
3948.44909,0.34861
3946.40961,0.34753
3944.37012,0.34670
3942.33063,0.34559
3940.29114,0.34399
3938.25165,0.34213
3936.21217,0.34068
3934.17268,0.33976
3932.13319,0.33903
3930.09370,0.33791
3928.05421,0.33597
3926.01473,0.33375
3923.97524,0.33205
3921.93575,0.33094
3919.89626,0.33005
3917.85677,0.32876
3915.81728,0.32650
3913.77780,0.32368
3911.73831,0.32131
3909.69882,0.31990
3907.65933,0.31885
3905.61984,0.31770
3903.58036,0.31690
3901.54087,0.31610
3899.50138,0.31457
3897.46189,0.31264
3895.42240,0.31054
3893.38291,0.30841
3891.34343,0.30713
3889.30394,0.30658
3887.26445,0.30563
3885.22496,0.30495
3883.18547,0.30460
3881.14599,0.30344
3879.10650,0.30256
3877.06701,0.30237
3875.02752,0.30244
3872.98803,0.30256
3870.94854,0.30165
3868.90906,0.30068
3866.86957,0.30018
3864.83008,0.29955
3862.79059,0.29936
3860.75110,0.29927
3858.71162,0.29859
3856.67213,0.29705
3854.63264,0.29556
3852.59315,0.29612
3850.55366,0.29712
3848.51417,0.29662
3846.47469,0.29591
3844.43520,0.29600
3842.39571,0.29642
3840.35622,0.29657
3838.31673,0.29732
3836.27725,0.29877
3834.23776,0.29896
3832.19827,0.29781
3830.15878,0.29709
3828.11929,0.29706
3826.07980,0.29736
3824.04032,0.29732
3822.00083,0.29706
3819.96134,0.29784
3817.92185,0.29789
3815.88236,0.29731
3813.84288,0.29823
3811.80339,0.29908
3809.76390,0.29897
3807.72441,0.29949
3805.68492,0.30141
3803.64543,0.30244
3801.60595,0.30272
3799.56646,0.30422
3797.52697,0.30529
3795.48748,0.30587
3793.44799,0.30689
3791.40851,0.30802
3789.36902,0.30923
3787.32953,0.31046
3785.29004,0.31191
3783.25055,0.31370
3781.21107,0.31515
3779.17158,0.31646
3777.13209,0.31804
3775.09260,0.31933
3773.05311,0.32034
3771.01362,0.32197
3768.97414,0.32490
3766.93465,0.32770
3764.89516,0.32972
3762.85567,0.33180
3760.81618,0.33398
3758.77670,0.33667
3756.73721,0.33929
3754.69772,0.34026
3752.65823,0.34069
3750.61874,0.34349
3748.57925,0.34728
3746.53977,0.34856
3744.50028,0.35068
3742.46079,0.35612
3740.42130,0.36007
3738.38181,0.36173
3736.34233,0.36416
3734.30284,0.36819
3732.26335,0.37245
3730.22386,0.37589
3728.18437,0.37828
3726.14488,0.38098
3724.10540,0.38502
3722.06591,0.38943
3720.02642,0.39370
3717.98693,0.39806
3715.94744,0.40227
3713.90796,0.40611
3711.86847,0.41144
3709.82898,0.41968
3707.78949,0.42839
3705.75000,0.43544
3703.71051,0.44184
3701.67103,0.44987
3699.63154,0.45951
3697.59205,0.46903
3695.55256,0.47895
3693.51307,0.48993
3691.47359,0.50167
3689.43410,0.51476
3687.39461,0.52941
3685.35512,0.54401
3683.31563,0.55793
3681.27614,0.57212
3679.23666,0.58764
3677.19717,0.60646
3675.15768,0.63001
3673.11819,0.65303
3671.07870,0.67352
3669.03922,0.69707
3666.99973,0.72123
3664.96024,0.74283
3662.92075,0.76528
3660.88126,0.78964
3658.84177,0.81421
3656.80229,0.83924
3654.76280,0.86397
3652.72331,0.88719
3650.68382,0.91440
3648.64433,0.94795
3646.60485,0.97752
3644.56536,0.99894
3642.52587,1.01820
3640.48638,1.03847
3638.44689,1.05997
3636.40741,1.08395
3634.36792,1.10867
3632.32843,1.12909
3630.28894,1.14636
3628.24945,1.16869
3626.20996,1.19611
3624.17048,1.22145
3622.13099,1.24206
3620.09150,1.26129
3618.05201,1.28366
3616.01252,1.30561
3613.97304,1.32276
3611.93355,1.33886
3609.89406,1.35719
3607.85457,1.37741
3605.81508,1.39628
3603.77559,1.41071
3601.73611,1.42533
3599.69662,1.44425
3597.65713,1.46338
3595.61764,1.47624
3593.57815,1.48222
3591.53867,1.48983
3589.49918,1.50740
3587.45969,1.53039
3585.42020,1.54517
3583.38071,1.54974
3581.34122,1.55551
3579.30174,1.57060
3577.26225,1.59137
3575.22276,1.60902
3573.18327,1.61807
3571.14378,1.62047
3569.10430,1.62525
3567.06481,1.63600
3565.02532,1.64182
3562.98583,1.64318
3560.94634,1.65253
3558.90685,1.66333
3556.86737,1.66626
3554.82788,1.67055
3552.78839,1.68231
3550.74890,1.69066
3548.70941,1.68778
3546.66993,1.68652
3544.63044,1.69753
3542.59095,1.70809
3540.55146,1.71012
3538.51197,1.71358
3536.47248,1.71857
3534.43300,1.71905
3532.39351,1.71805
3530.35402,1.72029
3528.31453,1.72618
3526.27504,1.72690
3524.23556,1.71718
3522.19607,1.71247
3520.15658,1.72430
3518.11709,1.73672
3516.07760,1.74009
3514.03811,1.74957
3511.99863,1.76522
3509.95914,1.76618
3507.91965,1.75189
3505.88016,1.74488
3503.84067,1.75068
3501.80119,1.75054
3499.76170,1.73887
3497.72221,1.73513
3495.68272,1.75081
3493.64323,1.76706
3491.60375,1.76119
3489.56426,1.74642
3487.52477,1.74443
3485.48528,1.75247
3483.44579,1.76041
3481.40630,1.76421
3479.36682,1.76043
3477.32733,1.75197
3475.28784,1.74798
3473.24835,1.75211
3471.20886,1.76129
3469.16938,1.76314
3467.12989,1.75119
3465.09040,1.73756
3463.05091,1.73399
3461.01142,1.74126
3458.97193,1.74650
3456.93245,1.74258
3454.89296,1.74735
3452.85347,1.76855
3450.81398,1.78480
3448.77449,1.78383
3446.73501,1.78181
3444.69552,1.78593
3442.65603,1.77805
3440.61654,1.75844
3438.57705,1.74885
3436.53756,1.75058
3434.49808,1.75085
3432.45859,1.74949
3430.41910,1.74989
3428.37961,1.75488
3426.34012,1.76763
3424.30064,1.78052
3422.26115,1.77737
3420.22166,1.75671
3418.18217,1.73744
3416.14268,1.72739
3414.10319,1.71888
3412.06371,1.71309
3410.02422,1.71238
3407.98473,1.71281
3405.94524,1.71464
3403.90575,1.71798
3401.86627,1.72013
3399.82678,1.71796
3397.78729,1.71814
3395.74780,1.72453
3393.70831,1.73286
3391.66882,1.73877
3389.62934,1.73244
3387.58985,1.71572
3385.55036,1.70221
3383.51087,1.69629
3381.47138,1.70357
3379.43190,1.72439
3377.39241,1.73680
3375.35292,1.72780
3373.31343,1.71613
3371.27394,1.71403
3369.23446,1.71389
3367.19497,1.71036
3365.15548,1.70504
3363.11599,1.69815
3361.07650,1.69134
3359.03701,1.68309
3356.99753,1.67769
3354.95804,1.68304
3352.91855,1.69033
3350.87906,1.69053
3348.83957,1.68654
3346.80009,1.68479
3344.76060,1.68847
3342.72111,1.69026
3340.68162,1.68808
3338.64213,1.69235
3336.60264,1.69932
3334.56316,1.69889
3332.52367,1.69398
3330.48418,1.68922
3328.44469,1.68722
3326.40520,1.68659
3324.36572,1.68717
3322.32623,1.69232
3320.28674,1.69299
3318.24725,1.68245
3316.20776,1.67447
3314.16827,1.67461
3312.12879,1.67340
3310.08930,1.67117
3308.04981,1.67287
3306.01032,1.67546
3303.97083,1.67558
3301.93135,1.67547
3299.89186,1.67755
3297.85237,1.67926
3295.81288,1.67656
3293.77339,1.67081
3291.73390,1.66427
3289.69442,1.65905
3287.65493,1.66082
3285.61544,1.66733
3283.57595,1.66949
3281.53646,1.66385
3279.49698,1.65621
3277.45749,1.65458
3275.41800,1.65536
3273.37851,1.65126
3271.33902,1.64722
3269.29953,1.65103
3267.26005,1.65618
3265.22056,1.65116
3263.18107,1.63982
3261.14158,1.63215
3259.10209,1.63288
3257.06261,1.63927
3255.02312,1.64509
3252.98363,1.65058
3250.94414,1.65267
3248.90465,1.64674
3246.86516,1.63939
3244.82568,1.63445
3242.78619,1.63107
3240.74670,1.62994
3238.70721,1.62859
3236.66772,1.62464
3234.62824,1.62246
3232.58875,1.62373
3230.54926,1.62125
3228.50977,1.61916
3226.47028,1.62502
3224.43080,1.62879
3222.39131,1.62458
3220.35182,1.62019
3218.31233,1.61964
3216.27284,1.61870
3214.23335,1.61494
3212.19387,1.61422
3210.15438,1.61605
3208.11489,1.61458
3206.07540,1.61203
3204.03591,1.60847
3201.99643,1.60357
3199.95694,1.60430
3197.91745,1.60874
3195.87796,1.60837
3193.83847,1.60471
3191.79898,1.60369
3189.75950,1.60634
3187.72001,1.60857
3185.68052,1.60701
3183.64103,1.60523
3181.60154,1.60401
3179.56206,1.59978
3177.52257,1.59216
3175.48308,1.58360
3173.44359,1.57698
3171.40410,1.57414
3169.36461,1.57502
3167.32513,1.57587
3165.28564,1.57418
3163.24615,1.57333
3161.20666,1.57489
3159.16717,1.57426
3157.12769,1.56901
3155.08820,1.56419
3153.04871,1.56405
3151.00922,1.56411
3148.96973,1.55995
3146.93024,1.55608
3144.89076,1.55417
3142.85127,1.55211
3140.81178,1.55122
3138.77229,1.55110
3136.73280,1.54997
3134.69332,1.54600
3132.65383,1.54108
3130.61434,1.53879
3128.57485,1.53760
3126.53536,1.53622
3124.49587,1.53571
3122.45639,1.53391
3120.41690,1.52961
3118.37741,1.52707
3116.33792,1.52665
3114.29843,1.52402
3112.25895,1.51755
3110.21946,1.50924
3108.17997,1.50177
3106.14048,1.49442
3104.10099,1.48725
3102.06150,1.48353
3100.02202,1.48516
3097.98253,1.48868
3095.94304,1.48859
3093.90355,1.48589
3091.86406,1.48289
3089.82458,1.47628
3087.78509,1.46640
3085.74560,1.45931
3083.70611,1.45593
3081.66662,1.45431
3079.62714,1.45401
3077.58765,1.45268
3075.54816,1.44771
3073.50867,1.43978
3071.46918,1.43240
3069.42969,1.42906
3067.39021,1.42878
3065.35072,1.42588
3063.31123,1.41775
3061.27174,1.40816
3059.23225,1.40110
3057.19277,1.39580
3055.15328,1.39047
3053.11379,1.38683
3051.07430,1.38504
3049.03481,1.38043
3046.99532,1.37223
3044.95584,1.36581
3042.91635,1.36233
3040.87686,1.35822
3038.83737,1.35301
3036.79788,1.34845
3034.75840,1.34443
3032.71891,1.34131
3030.67942,1.33833
3028.63993,1.33246
3026.60044,1.32519
3024.56095,1.31903
3022.52147,1.31265
3020.48198,1.30726
3018.44249,1.30498
3016.40300,1.30371
3014.36351,1.30116
3012.32403,1.29734
3010.28454,1.29412
3008.24505,1.29331
3006.20556,1.29480
3004.16607,1.29718
3002.12658,1.29827
3000.08710,1.29909
2998.04761,1.30251
2996.00812,1.30706
2993.96863,1.31076
2991.92914,1.31492
2989.88966,1.32119
2987.85017,1.32948
2985.81068,1.33572
2983.77119,1.33996
2981.73170,1.34801
2979.69221,1.35936
2977.65273,1.36935
2975.61324,1.37782
2973.57375,1.38653
2971.53426,1.39565
2969.49477,1.40513
2967.45529,1.41604
2965.41580,1.42804
2963.37631,1.43903
2961.33682,1.44970
2959.29733,1.46402
2957.25784,1.48218
2955.21836,1.49881
2953.17887,1.51134
2951.13938,1.52133
2949.09989,1.52762
2947.06040,1.53438
2945.02092,1.54515
2942.98143,1.55285
2940.94194,1.55600
2938.90245,1.55847
2936.86296,1.56212
2934.82348,1.56865
2932.78399,1.57592
2930.74450,1.57907
2928.70501,1.57542
2926.66552,1.56682
2924.62603,1.55714
2922.58655,1.54935
2920.54706,1.54237
2918.50757,1.53490
2916.46808,1.52898
2914.42859,1.52437
2912.38911,1.51853
2910.34962,1.51216
2908.31013,1.50629
2906.27064,1.50169
2904.23115,1.50032
2902.19166,1.49940
2900.15218,1.49437
2898.11269,1.48786
2896.07320,1.48564
2894.03371,1.48740
2891.99422,1.48598
2889.95474,1.47889
2887.91525,1.47191
2885.87576,1.46454
2883.83627,1.45383
2881.79678,1.44481
2879.75729,1.43846
2877.71781,1.43051
2875.67832,1.41961
2873.63883,1.40765
2871.59934,1.39743
2869.55985,1.38731
2867.52037,1.37603
2865.48088,1.36609
2863.44139,1.35746
2861.40190,1.34939
2859.36241,1.34196
2857.32292,1.33467
2855.28344,1.32666
2853.24395,1.31797
2851.20446,1.31029
2849.16497,1.30122
2847.12548,1.28959
2845.08600,1.27892
2843.04651,1.26929
2841.00702,1.25997
2838.96753,1.25161
2836.92804,1.24325
2834.88855,1.23491
2832.84907,1.22939
2830.80958,1.22558
2828.77009,1.21938
2826.73060,1.21138
2824.69111,1.20338
2822.65163,1.19648
2820.61214,1.19080
2818.57265,1.18574
2816.53316,1.18104
2814.49367,1.17494
2812.45418,1.16739
2810.41470,1.16034
2808.37521,1.15520
2806.33572,1.15161
2804.29623,1.14797
2802.25674,1.14363
2800.21726,1.13856
2798.17777,1.13368
2796.13828,1.13016
2794.09879,1.12718
2792.05930,1.12392
2790.01982,1.12084
2787.98033,1.11786
2785.94084,1.11532
2783.90135,1.11369
2781.86186,1.11268
2779.82237,1.11140
2777.78289,1.10888
2775.74340,1.10591
2773.70391,1.10336
2771.66442,1.10115
2769.62493,1.09947
2767.58545,1.09935
2765.54596,1.10059
2763.50647,1.10053
2761.46698,1.09776
2759.42749,1.09423
2757.38800,1.09261
2755.34852,1.09243
2753.30903,1.09108
2751.26954,1.08890
2749.23005,1.08795
2747.19056,1.08704
2745.15108,1.08402
2743.11159,1.08032
2741.07210,1.07811
2739.03261,1.07679
2736.99312,1.07459
2734.95363,1.07111
2732.91415,1.06750
2730.87466,1.06475
2728.83517,1.06278
2726.79568,1.06031
2724.75619,1.05581
2722.71671,1.05083
2720.67722,1.04748
2718.63773,1.04506
2716.59824,1.04278
2714.55875,1.03978
2712.51926,1.03526
2710.47978,1.02973
2708.44029,1.02438
2706.40080,1.01999
2704.36131,1.01627
2702.32182,1.01268
2700.28234,1.00905
2698.24285,1.00534
2696.20336,1.00241
2694.16387,1.00024
2692.12438,0.99702
2690.08489,0.99295
2688.04541,0.98994
2686.00592,0.98842
2683.96643,0.98644
2681.92694,0.98216
2679.88745,0.97752
2677.84797,0.97389
2675.80848,0.97017
2673.76899,0.96669
2671.72950,0.96314
2669.69001,0.95840
2667.65052,0.95326
2665.61104,0.94863
2663.57155,0.94392
2661.53206,0.93898
2659.49257,0.93468
2657.45308,0.93081
2655.41360,0.92654
2653.37411,0.92195
2651.33462,0.91689
2649.29513,0.91222
2647.25564,0.90852
2645.21616,0.90399
2643.17667,0.89835
2641.13718,0.89289
2639.09769,0.88781
2637.05820,0.88292
2635.01871,0.87834
2632.97923,0.87347
2630.93974,0.86785
2628.90025,0.86263
2626.86076,0.85822
2624.82127,0.85389
2622.78179,0.84940
2620.74230,0.84527
2618.70281,0.84205
2616.66332,0.83922
2614.62383,0.83657
2612.58434,0.83386
2610.54486,0.83047
2608.50537,0.82738
2606.46588,0.82516
2604.42639,0.82252
2602.38690,0.81993
2600.34742,0.81902
2598.30793,0.81878
2596.26844,0.81734
2594.22895,0.81468
2592.18946,0.81201
2590.14997,0.81022
2588.11049,0.80857
2586.07100,0.80635
2584.03151,0.80424
2581.99202,0.80272
2579.95253,0.80102
2577.91305,0.79830
2575.87356,0.79463
2573.83407,0.79080
2571.79458,0.78756
2569.75509,0.78499
2567.71560,0.78264
2565.67612,0.77989
2563.63663,0.77660
2561.59714,0.77297
2559.55765,0.76941
2557.51816,0.76646
2555.47868,0.76386
2553.43919,0.76085
2551.39970,0.75735
2549.36021,0.75340
2547.32072,0.74935
2545.28123,0.74609
2543.24175,0.74325
2541.20226,0.74004
2539.16277,0.73686
2537.12328,0.73384
2535.08379,0.73063
2533.04431,0.72730
2531.00482,0.72414
2528.96533,0.72090
2526.92584,0.71756
2524.88635,0.71452
2522.84686,0.71180
2520.80738,0.70945
2518.76789,0.70719
2516.72840,0.70473
2514.68891,0.70253
2512.64942,0.70072
2510.60994,0.69893
2508.57045,0.69692
2506.53096,0.69490
2504.49147,0.69333
2502.45198,0.69193
2500.41250,0.69012
2498.37301,0.68795
2496.33352,0.68582
2494.29403,0.68404
2492.25454,0.68254
2490.21505,0.68076
2488.17557,0.67831
2486.13608,0.67540
2484.09659,0.67237
2482.05710,0.66961
2480.01761,0.66727
2477.97813,0.66493
2475.93864,0.66222
2473.89915,0.65925
2471.85966,0.65646
2469.82017,0.65384
2467.78068,0.65088
2465.74120,0.64770
2463.70171,0.64472
2461.66222,0.64187
2459.62273,0.63880
2457.58324,0.63516
2455.54376,0.63115
2453.50427,0.62715
2451.46478,0.62302
2449.42529,0.61912
2447.38580,0.61592
2445.34631,0.61240
2443.30683,0.60812
2441.26734,0.60422
2439.22785,0.60095
2437.18836,0.59737
2435.14887,0.59316
2433.10939,0.58894
2431.06990,0.58534
2429.03041,0.58236
2426.99092,0.57929
2424.95143,0.57562
2422.91194,0.57185
2420.87246,0.56854
2418.83297,0.56536
2416.79348,0.56192
2414.75399,0.55846
2412.71450,0.55549
2410.67502,0.55314
2408.63553,0.55095
2406.59604,0.54857
2404.55655,0.54614
2402.51706,0.54389
2400.47757,0.54199
2398.43809,0.54018
2396.39860,0.53814
2394.35911,0.53603
2392.31962,0.53435
2390.28013,0.53321
2388.24065,0.53231
2386.20116,0.53160
2384.16167,0.53131
2382.12218,0.53151
2380.08269,0.53185
2378.04320,0.53211
2376.00372,0.53250
2373.96423,0.53312
2371.92474,0.53382
2369.88525,0.53436
2367.84576,0.53495
2365.80628,0.53566
2363.76679,0.53548
2361.72730,0.53390
2359.68781,0.53198
2357.64832,0.52999
2355.60884,0.52741
2353.56935,0.52559
2351.52986,0.52572
2349.49037,0.52503
2347.45088,0.52092
2345.41139,0.51583
2343.37191,0.51326
2341.33242,0.51307
2339.29293,0.51335
2337.25344,0.51298
2335.21395,0.51161
2333.17447,0.50960
2331.13498,0.50744
2329.09549,0.50538
2327.05600,0.50341
2325.01651,0.50128
2322.97702,0.49896
2320.93754,0.49683
2318.89805,0.49522
2316.85856,0.49392
2314.81907,0.49254
2312.77958,0.49110
2310.74010,0.48997
2308.70061,0.48897
2306.66112,0.48760
2304.62163,0.48607
2302.58214,0.48491
2300.54265,0.48421
2298.50317,0.48367
2296.46368,0.48295
2294.42419,0.48210
2292.38470,0.48144
2290.34521,0.48101
2288.30573,0.48079
2286.26624,0.48113
2284.22675,0.48204
2282.18726,0.48292
2280.14777,0.48331
2278.10828,0.48346
2276.06880,0.48398
2274.02931,0.48514
2271.98982,0.48655
2269.95033,0.48753
2267.91084,0.48803
2265.87136,0.48863
2263.83187,0.48957
2261.79238,0.49049
2259.75289,0.49122
2257.71340,0.49186
2255.67391,0.49251
2253.63443,0.49325
2251.59494,0.49392
2249.55545,0.49432
2247.51596,0.49490
2245.47647,0.49547
2243.43699,0.49626
2241.39750,0.49747
2239.35801,0.49861
2237.31852,0.49931
2235.27903,0.49999
2233.23954,0.50113
2231.20006,0.50237
2229.16057,0.50346
2227.12108,0.50459
2225.08159,0.50591
2223.04210,0.50753
2221.00262,0.50922
2218.96313,0.51078
2216.92364,0.51237
2214.88415,0.51417
2212.84466,0.51614
2210.80518,0.51811
2208.76569,0.52018
2206.72620,0.52232
2204.68671,0.52434
2202.64722,0.52636
2200.60773,0.52838
2198.56825,0.53030
2196.52876,0.53206
2194.48927,0.53372
2192.44978,0.53562
2190.41029,0.53772
2188.37081,0.53998
2186.33132,0.54227
2184.29183,0.54440
2182.25234,0.54649
2180.21285,0.54863
2178.17336,0.55107
2176.13388,0.55394
2174.09439,0.55681
2172.05490,0.55935
2170.01541,0.56169
2167.97592,0.56385
2165.93644,0.56561
2163.89695,0.56725
2161.85746,0.56915
2159.81797,0.57093
2157.77848,0.57191
2155.73899,0.57220
2153.69951,0.57237
2151.66002,0.57261
2149.62053,0.57284
2147.58104,0.57285
2145.54155,0.57244
2143.50207,0.57180
2141.46258,0.57137
2139.42309,0.57127
2137.38360,0.57097
2135.34411,0.57022
2133.30462,0.56947
2131.26514,0.56886
2129.22565,0.56838
2127.18616,0.56789
2125.14667,0.56706
2123.10718,0.56624
2121.06770,0.56574
2119.02821,0.56526
2116.98872,0.56478
2114.94923,0.56443
2112.90974,0.56391
2110.87025,0.56309
2108.83077,0.56266
2106.79128,0.56299
2104.75179,0.56350
2102.71230,0.56387
2100.67281,0.56416
2098.63333,0.56443
2096.59384,0.56481
2094.55435,0.56507
2092.51486,0.56498
2090.47537,0.56476
2088.43588,0.56464
2086.39640,0.56455
2084.35691,0.56441
2082.31742,0.56425
2080.27793,0.56402
2078.23844,0.56387
2076.19896,0.56372
2074.15947,0.56337
2072.11998,0.56307
2070.08049,0.56298
2068.04100,0.56292
2066.00152,0.56286
2063.96203,0.56274
2061.92254,0.56236
2059.88305,0.56200
2057.84356,0.56181
2055.80407,0.56124
2053.76459,0.56012
2051.72510,0.55882
2049.68561,0.55754
2047.64612,0.55645
2045.60663,0.55532
2043.56715,0.55343
2041.52766,0.55072
2039.48817,0.54755
2037.44868,0.54412
2035.40919,0.54059
2033.36970,0.53719
2031.33022,0.53420
2029.29073,0.53115
2027.25124,0.52750
2025.21175,0.52373
2023.17226,0.52040
2021.13278,0.51744
2019.09329,0.51444
2017.05380,0.51119
2015.01431,0.50788
2012.97482,0.50454
2010.93533,0.50126
2008.89585,0.49834
2006.85636,0.49596
2004.81687,0.49387
2002.77738,0.49194
2000.73789,0.49034
1998.69841,0.48915
1996.65892,0.48820
1994.61943,0.48743
1992.57994,0.48685
1990.54045,0.48631
1988.50096,0.48537
1986.46148,0.48415
1984.42199,0.48314
1982.38250,0.48247
1980.34301,0.48200
1978.30352,0.48149
1976.26404,0.48095
1974.22455,0.48056
1972.18506,0.48042
1970.14557,0.48040
1968.10608,0.48053
1966.06659,0.48083
1964.02711,0.48096
1961.98762,0.48078
1959.94813,0.48050
1957.90864,0.48042
1955.86915,0.48068
1953.82967,0.48100
1951.79018,0.48118
1949.75069,0.48133
1947.71120,0.48167
1945.67171,0.48239
1943.63222,0.48302
1941.59274,0.48283
1939.55325,0.48189
1937.51376,0.48092
1935.47427,0.48024
1933.43478,0.47969
1931.39530,0.47925
1929.35581,0.47878
1927.31632,0.47821
1925.27683,0.47800
1923.23734,0.47834
1921.19786,0.47862
1919.15837,0.47828
1917.11888,0.47760
1915.07939,0.47673
1913.03990,0.47586
1911.00041,0.47523
1908.96093,0.47458
1906.92144,0.47371
1904.88195,0.47255
1902.84246,0.47124
1900.80297,0.47028
1898.76349,0.47004
1896.72400,0.47018
1894.68451,0.47028
1892.64502,0.47052
1890.60553,0.47106
1888.56604,0.47164
1886.52656,0.47194
1884.48707,0.47249
1882.44758,0.47363
1880.40809,0.47460
1878.36860,0.47511
1876.32912,0.47559
1874.28963,0.47642
1872.25014,0.47782
1870.21065,0.47933
1868.17116,0.47967
1866.13167,0.47830
1864.09219,0.47634
1862.05270,0.47488
1860.01321,0.47376
1857.97372,0.47259
1855.93423,0.47146
1853.89475,0.47060
1851.85526,0.46993
1849.81577,0.46959
1847.77628,0.46996
1845.73679,0.47031
1843.69730,0.46954
1841.65782,0.46787
1839.61833,0.46628
1837.57884,0.46556
1835.53935,0.46574
1833.49986,0.46658
1831.46038,0.46817
1829.42089,0.47006
1827.38140,0.47098
1825.34191,0.47079
1823.30242,0.47061
1821.26293,0.47097
1819.22345,0.47199
1817.18396,0.47358
1815.14447,0.47541
1813.10498,0.47740
1811.06549,0.47959
1809.02601,0.48161
1806.98652,0.48331
1804.94703,0.48529
1802.90754,0.48799
1800.86805,0.49098
1798.82856,0.49365
1796.78908,0.49618
1794.74959,0.49915
1792.71010,0.50213
1790.67061,0.50418
1788.63112,0.50544
1786.59164,0.50713
1784.55215,0.50995
1782.51266,0.51319
1780.47317,0.51632
1778.43368,0.51957
1776.39420,0.52317
1774.35471,0.52745
1772.31522,0.53220
1770.27573,0.53567
1768.23624,0.53728
1766.19675,0.53923
1764.15727,0.54262
1762.11778,0.54732
1760.07829,0.55251
1758.03880,0.55706
1755.99931,0.56187
1753.95983,0.56783
1751.92034,0.57538
1749.88085,0.58446
1747.84136,0.59269
1745.80187,0.59908
1743.76238,0.60498
1741.72290,0.61124
1739.68341,0.61822
1737.64392,0.62558
1735.60443,0.63307
1733.56494,0.64224
1731.52546,0.65143
1729.48597,0.65878
1727.44648,0.66643
1725.40699,0.67554
1723.36750,0.68623
1721.32801,0.69832
1719.28853,0.71275
1717.24904,0.73099
1715.20955,0.74908
1713.17006,0.76349
1711.13057,0.77713
1709.09109,0.79357
1707.05160,0.81448
1705.01211,0.83830
1702.97262,0.86148
1700.93313,0.88776
1698.89364,0.92090
1696.85416,0.95380
1694.81467,0.98437
1692.77518,1.01212
1690.73569,1.03902
1688.69620,1.06788
1686.65672,1.09779
1684.61723,1.13412
1682.57774,1.17576
1680.53825,1.20838
1678.49876,1.23282
1676.45927,1.25810
1674.41979,1.28703
1672.38030,1.31519
1670.34081,1.34090
1668.30132,1.36448
1666.26183,1.38277
1664.22235,1.39829
1662.18286,1.41399
1660.14337,1.42596
1658.10388,1.43317
1656.06439,1.44048
1654.02490,1.45180
1651.98542,1.46354
1649.94593,1.46727
1647.90644,1.46415
1645.86695,1.45969
1643.82746,1.45644
1641.78798,1.45336
1639.74849,1.44959
1637.70900,1.44471
1635.66951,1.43852
1633.63002,1.43199
1631.59054,1.42431
1629.55105,1.41510
1627.51156,1.40792
1625.47207,1.40400
1623.43258,1.39954
1621.39309,1.39089
1619.35361,1.37667
1617.31412,1.35927
1615.27463,1.34613
1613.23514,1.33956
1611.19565,1.33445
1609.15617,1.32862
1607.11668,1.32297
1605.07719,1.31786
1603.03770,1.31311
1600.99821,1.30910
1598.95872,1.30537
1596.91924,1.30145
1594.87975,1.29712
1592.84026,1.29147
1590.80077,1.28489
1588.76128,1.27916
1586.72180,1.27590
1584.68231,1.27517
1582.64282,1.27490
1580.60333,1.27329
1578.56384,1.27033
1576.52435,1.26771
1574.48487,1.26791
1572.44538,1.26874
1570.40589,1.26766
1568.36640,1.26642
1566.32691,1.26555
1564.28743,1.26381
1562.24794,1.26027
1560.20845,1.25500
1558.16896,1.25157
1556.12947,1.24895
1554.08998,1.24297
1552.05050,1.23529
1550.01101,1.22766
1547.97152,1.22083
1545.93203,1.21432
1543.89254,1.20632
1541.85306,1.19625
1539.81357,1.18719
1537.77408,1.18124
1535.73459,1.17328
1533.69510,1.16243
1531.65561,1.15439
1529.61613,1.15087
1527.57664,1.14963
1525.53715,1.14839
1523.49766,1.14432
1521.45817,1.13885
1519.41869,1.13541
1517.37920,1.13196
1515.33971,1.12770
1513.30022,1.12479
1511.26073,1.12342
1509.22124,1.12126
1507.18176,1.11726
1505.14227,1.11538
1503.10278,1.11619
1501.06329,1.11777
1499.02380,1.12105
1496.98432,1.12682
1494.94483,1.13349
1492.90534,1.13991
1490.86585,1.14890
1488.82636,1.16297
1486.78688,1.17934
1484.74739,1.19640
1482.70790,1.21618
1480.66841,1.23980
1478.62892,1.26553
1476.58943,1.29411
1474.54995,1.33193
1472.51046,1.38270
1470.47097,1.43408
1468.43148,1.47211
1466.39199,1.49910
1464.35251,1.51955
1462.31302,1.53276
1460.27353,1.53871
1458.23404,1.54159
1456.19455,1.54573
1454.15506,1.54747
1452.11558,1.54421
1450.07609,1.54076
1448.03660,1.54099
1445.99711,1.54596
1443.95762,1.55476
1441.91814,1.56262
1439.87865,1.56463
1437.83916,1.56260
1435.79967,1.56364
1433.76018,1.56970
1431.72069,1.57989
1429.68121,1.59179
1427.64172,1.59774
1425.60223,1.59765
1423.56274,1.59863
1421.52325,1.60214
1419.48377,1.60629
1417.44428,1.61030
1415.40479,1.61288
1413.36530,1.61239
1411.32581,1.60896
1409.28632,1.60678
1407.24684,1.60715
1405.20735,1.60673
1403.16786,1.60537
1401.12837,1.60259
1399.08888,1.59586
1397.04940,1.58915
1395.00991,1.58894
1392.97042,1.59393
1390.93093,1.59849
1388.89144,1.60187
1386.85195,1.60742
1384.81247,1.61552
1382.77298,1.62472
1380.73349,1.63397
1378.69400,1.64165
1376.65451,1.64783
1374.61503,1.65515
1372.57554,1.66295
1370.53605,1.66651
1368.49656,1.66317
1366.45707,1.65450
1364.41758,1.64813
1362.37810,1.65100
1360.33861,1.65907
1358.29912,1.66228
1356.25963,1.65662
1354.22014,1.64622
1352.18066,1.63885
1350.14117,1.63705
1348.10168,1.63611
1346.06219,1.63404
1344.02270,1.63435
1341.98322,1.63878
1339.94373,1.64513
1337.90424,1.64692
1335.86475,1.63880
1333.82526,1.62572
1331.78577,1.61485
1329.74629,1.60805
1327.70680,1.60440
1325.66731,1.60134
1323.62782,1.59552
1321.58833,1.58451
1319.54885,1.57112
1317.50936,1.56209
1315.46987,1.55798
1313.43038,1.55416
1311.39089,1.55075
1309.35140,1.54932
1307.31192,1.54645
1305.27243,1.53955
1303.23294,1.53280
1301.19345,1.53007
1299.15396,1.52749
1297.11448,1.51940
1295.07499,1.50773
1293.03550,1.49743
1290.99601,1.48924
1288.95652,1.48169
1286.91703,1.47325
1284.87755,1.46554
1282.83806,1.45974
1280.79857,1.45191
1278.75908,1.44067
1276.71959,1.43082
1274.68011,1.42642
1272.64062,1.42533
1270.60113,1.42543
1268.56164,1.42794
1266.52215,1.43250
1264.48266,1.43681
1262.44318,1.43861
1260.40369,1.43929
1258.36420,1.44171
1256.32471,1.44467
1254.28522,1.44687
1252.24574,1.45125
1250.20625,1.45904
1248.16676,1.46622
1246.12727,1.46912
1244.08778,1.46850
1242.04829,1.46744
1240.00881,1.46612
1237.96932,1.46208
1235.92983,1.45546
1233.89034,1.44831
1231.85085,1.44028
1229.81137,1.42876
1227.77188,1.41308
1225.73239,1.39796
1223.69290,1.38867
1221.65341,1.38395
1219.61392,1.38216
1217.57444,1.38541
1215.53495,1.39415
1213.49546,1.40774
1211.45597,1.42400
1209.41648,1.43847
1207.37700,1.45106
1205.33751,1.46133
1203.29802,1.46432
1201.25853,1.45966
1199.21904,1.45040
1197.17956,1.43611
1195.14007,1.41984
1193.10058,1.41011
1191.06109,1.40934
1189.02160,1.41638
1186.98211,1.43310
1184.94263,1.45850
1182.90314,1.49214
1180.86365,1.53955
1178.82416,1.60352
1176.78467,1.67762
1174.74519,1.75153
1172.70570,1.81823
1170.66621,1.88084
1168.62672,1.93522
1166.58723,1.95359
1164.54774,1.94333
1162.50826,1.93416
1160.46877,1.91908
1158.42928,1.88952
1156.38979,1.84791
1154.35030,1.80083
1152.31082,1.76855
1150.27133,1.75896
1148.23184,1.75426
1146.19235,1.73923
1144.15286,1.72835
1142.11337,1.73842
1140.07389,1.75615
1138.03440,1.76016
1135.99491,1.75621
1133.95542,1.76409
1131.91593,1.78043
1129.87645,1.78451
1127.83696,1.77816
1125.79747,1.77904
1123.75798,1.79278
1121.71849,1.80201
1119.67900,1.79587
1117.63952,1.79177
1115.60003,1.79204
1113.56054,1.79071
1111.52105,1.79948
1109.48156,1.81870
1107.44208,1.82731
1105.40259,1.81661
1103.36310,1.80720
1101.32361,1.81005
1099.28412,1.81145
1097.24463,1.80206
1095.20515,1.79988
1093.16566,1.82212
1091.12617,1.84280
1089.08668,1.83411
1087.04719,1.81575
1085.00771,1.80428
1082.96822,1.79607
1080.92873,1.78567
1078.88924,1.77135
1076.84975,1.76015
1074.81027,1.76037
1072.77078,1.77422
1070.73129,1.79475
1068.69180,1.80498
1066.65231,1.80742
1064.61282,1.81909
1062.57334,1.83306
1060.53385,1.82905
1058.49436,1.80005
1056.45487,1.75637
1054.41538,1.71266
1052.37590,1.67758
1050.33641,1.64832
1048.29692,1.62406
1046.25743,1.60894
1044.21794,1.60140
1042.17845,1.59689
1040.13897,1.59218
1038.09948,1.58910
1036.05999,1.58857
1034.02050,1.58758
1031.98101,1.58385
1029.94153,1.57441
1027.90204,1.55874
1025.86255,1.54452
1023.82306,1.53724
1021.78357,1.52917
1019.74408,1.51867
1017.70460,1.51578
1015.66511,1.51666
1013.62562,1.51455
1011.58613,1.51714
1009.54664,1.52385
1007.50716,1.52372
1005.46767,1.51648
1003.42818,1.50865
1001.38869,1.50249
999.34920,1.49594
997.30971,1.48877
995.27023,1.48405
993.23074,1.48180
991.19125,1.47768
989.15176,1.46630
987.11227,1.44466
985.07279,1.41569
983.03330,1.38432
980.99381,1.35070
978.95432,1.31362
976.91483,1.27423
974.87534,1.23415
972.83586,1.19811
970.79637,1.16916
968.75688,1.14348
966.71739,1.11980
964.67790,1.10118
962.63842,1.08701
960.59893,1.07510
958.55944,1.06623
956.51995,1.06271
954.48046,1.06584
952.44097,1.07645
950.40149,1.09660
948.36200,1.12705
946.32251,1.16477
944.28302,1.20492
942.24353,1.24216
940.20405,1.27328
938.16456,1.29799
936.12507,1.31415
934.08558,1.32238
932.04609,1.32580
930.00661,1.32248
927.96712,1.31474
925.92763,1.30675
923.88814,1.29449
921.84865,1.27536
919.80916,1.25024
917.76968,1.22146
915.73019,1.19592
913.69070,1.17679
911.65121,1.15924
909.61172,1.14095
907.57224,1.12576
905.53275,1.11641
903.49326,1.11245
901.45377,1.11232
899.41428,1.11367
897.37479,1.11181
895.33531,1.10408
893.29582,1.09250
891.25633,1.07880
889.21684,1.06765
887.17735,1.06376
885.13787,1.06471
883.09838,1.06839
881.05889,1.07698
879.01940,1.09283
876.97991,1.11847
874.94042,1.15533
872.90094,1.19942
870.86145,1.24280
868.82196,1.28368
866.78247,1.32387
864.74298,1.35483
862.70350,1.36563
860.66401,1.35817
858.62452,1.34282
856.58503,1.32487
854.54554,1.30657
852.50605,1.29211
850.46657,1.28064
848.42708,1.26853
846.38759,1.25766
844.34810,1.25012
842.30861,1.24211
840.26913,1.23022
838.22964,1.21477
836.19015,1.20091
834.15066,1.19279
832.11117,1.18700
830.07168,1.18151
828.03220,1.17785
825.99271,1.17745
823.95322,1.17917
821.91373,1.18194
819.87424,1.18805
817.83476,1.19598
815.79527,1.20212
813.75578,1.20674
811.71629,1.21248
809.67680,1.22398
807.63731,1.24337
805.59783,1.26376
803.55834,1.27942
801.51885,1.29186
799.47936,1.30337
797.43987,1.31642
795.40039,1.32820
793.36090,1.33860
791.32141,1.35149
789.28192,1.36235
787.24243,1.37105
785.20295,1.38532
783.16346,1.40614
781.12397,1.42626
779.08448,1.44199
777.04499,1.46115
775.00550,1.48798
772.96602,1.50916
770.92653,1.51355
768.88704,1.50713
766.84755,1.50002
764.80806,1.50028
762.76858,1.50658
760.72909,1.50885
758.68960,1.50504
756.65011,1.49407
754.61062,1.47692
752.57113,1.45996
750.53165,1.44613
748.49216,1.43753
746.45267,1.43351
744.41318,1.43219
742.37369,1.43424
740.33421,1.43965
738.29472,1.44434
736.25523,1.44705
734.21574,1.45551
732.17625,1.47319
730.13676,1.48903
728.09728,1.49497
726.05779,1.50227
724.01830,1.51466
721.97881,1.52791
719.93932,1.54403
717.89984,1.55771
715.86035,1.55763
713.82086,1.55109
711.78137,1.55031
709.74188,1.54659
707.70239,1.53528
705.66291,1.53157
703.62342,1.54023
701.58393,1.55014
699.54444,1.55022
697.50495,1.53494
695.46547,1.51447
693.42598,1.50918
691.38649,1.52225
689.34700,1.53573
687.30751,1.53251
685.26802,1.51610
683.22854,1.50846
681.18905,1.51827
679.14956,1.53216
677.11007,1.54292
675.07058,1.55062
673.03110,1.54803
670.99161,1.53597
668.95212,1.52973
666.91263,1.53782
664.87314,1.54485
662.83365,1.53888
660.79417,1.53083
658.75468,1.53136
656.71519,1.53931
654.67570,1.55562
652.63621,1.57542
650.59673,1.58028
648.55724,1.55928
646.51775,1.53156
644.47826,1.52379
642.43877,1.53303
640.39929,1.54097
638.35980,1.54629
636.32031,1.55584
634.28082,1.57037
632.24133,1.58107
630.20184,1.57104
628.16236,1.54396
626.12287,1.53581
624.08338,1.56341
622.04389,1.57684
620.00440,1.56542
617.96492,1.58222
615.92543,1.62816
613.88594,1.65209
611.84645,1.62540
609.80696,1.59858
607.76747,1.58624
605.72799,1.58338
603.68850,1.59265
601.64901,1.59364
599.60952,1.56473
597.57003,1.53880
595.53055,1.54017
593.49106,1.55162
591.45157,1.56856
589.41208,1.59381
587.37259,1.61658
585.33310,1.63610
583.29362,1.62373
581.25413,1.57406
579.21464,1.51926
577.17515,1.50167
575.13566,1.50395
573.09618,1.49974
571.05669,1.52294
569.01720,1.52989
566.97771,1.50188
564.93822,1.50630
562.89873,1.50872
560.85925,1.47042
558.81976,1.44626
556.78027,1.49808
554.74078,1.58648
552.70129,1.60316
550.66181,1.58283
548.62232,1.58076
546.58283,1.53665
544.54334,1.47413
542.50385,1.47358
540.46436,1.50356
538.42488,1.54879
536.38539,1.62100
534.34590,1.58568
532.30641,1.46980
530.26692,1.45478
528.22744,1.55337
526.18795,1.62545
524.14846,1.49637
522.10897,1.36282
520.06948,1.36305
518.02999,1.44151
515.99051,1.43839
513.95102,1.37502
511.91153,1.37811
509.87204,1.52280
507.83255,1.70944
505.79307,1.53966
503.75358,1.28066
501.71409,1.10872
499.67460,0.96272
