3997.39681,0.40451
3995.35732,0.40373
3993.31783,0.40352
3991.27835,0.40344
3989.23886,0.40340
3987.19937,0.40308
3985.15988,0.40193
3983.12039,0.40042
3981.08091,0.39922
3979.04142,0.39839
3977.00193,0.39797
3974.96244,0.39764
3972.92295,0.39664
3970.88346,0.39522
3968.84398,0.39404
3966.80449,0.39281
3964.76500,0.39155
3962.72551,0.39058
3960.68602,0.38940
3958.64654,0.38752
3956.60705,0.38553
3954.56756,0.38401
3952.52807,0.38285
3950.48858,0.38195
3948.44909,0.38100
3946.40961,0.37980
3944.37012,0.37856
3942.33063,0.37709
3940.29114,0.37530
3938.25165,0.37390
3936.21217,0.37317
3934.17268,0.37251
3932.13319,0.37134
3930.09370,0.36971
3928.05421,0.36795
3926.01473,0.36609
3923.97524,0.36403
3921.93575,0.36188
3919.89626,0.35980
3917.85677,0.35770
3915.81728,0.35535
3913.77780,0.35278
3911.73831,0.35049
3909.69882,0.34899
3907.65933,0.34827
3905.61984,0.34777
3903.58036,0.34668
3901.54087,0.34480
3899.50138,0.34282
3897.46189,0.34112
3895.42240,0.33959
3893.38291,0.33817
3891.34343,0.33697
3889.30394,0.33610
3887.26445,0.33544
3885.22496,0.33477
3883.18547,0.33409
3881.14599,0.33326
3879.10650,0.33210
3877.06701,0.33098
3875.02752,0.33045
3872.98803,0.33042
3870.94854,0.33028
3868.90906,0.32982
3866.86957,0.32943
3864.83008,0.32927
3862.79059,0.32881
3860.75110,0.32793
3858.71162,0.32705
3856.67213,0.32623
3854.63264,0.32567
3852.59315,0.32591
3850.55366,0.32626
3848.51417,0.32606
3846.47469,0.32572
3844.43520,0.32575
3842.39571,0.32618
3840.35622,0.32653
3838.31673,0.32649
3836.27725,0.32615
3834.23776,0.32547
3832.19827,0.32478
3830.15878,0.32473
3828.11929,0.32515
3826.07980,0.32565
3824.04032,0.32625
3822.00083,0.32711
3819.96134,0.32778
3817.92185,0.32743
3815.88236,0.32677
3813.84288,0.32714
3811.80339,0.32796
3809.76390,0.32830
3807.72441,0.32860
3805.68492,0.32973
3803.64543,0.33141
3801.60595,0.33278
3799.56646,0.33353
3797.52697,0.33406
3795.48748,0.33488
3793.44799,0.33589
3791.40851,0.33663
3789.36902,0.33729
3787.32953,0.33834
3785.29004,0.34007
3783.25055,0.34221
3781.21107,0.34406
3779.17158,0.34536
3777.13209,0.34643
3775.09260,0.34763
3773.05311,0.34922
3771.01362,0.35149
3768.97414,0.35420
3766.93465,0.35629
3764.89516,0.35754
3762.85567,0.35885
3760.81618,0.36079
3758.77670,0.36320
3756.73721,0.36538
3754.69772,0.36692
3752.65823,0.36881
3750.61874,0.37215
3748.57925,0.37559
3746.53977,0.37802
3744.50028,0.38107
3742.46079,0.38454
3740.42130,0.38649
3738.38181,0.38802
3736.34233,0.39121
3734.30284,0.39545
3732.26335,0.39893
3730.22386,0.40149
3728.18437,0.40410
3726.14488,0.40761
3724.10540,0.41171
3722.06591,0.41567
3720.02642,0.41992
3717.98693,0.42458
3715.94744,0.42877
3713.90796,0.43279
3711.86847,0.43838
3709.82898,0.44598
3707.78949,0.45356
3705.75000,0.45991
3703.71051,0.46633
3701.67103,0.47446
3699.63154,0.48361
3697.59205,0.49244
3695.55256,0.50133
3693.51307,0.51120
3691.47359,0.52284
3689.43410,0.53632
3687.39461,0.55001
3685.35512,0.56308
3683.31563,0.57684
3681.27614,0.59194
3679.23666,0.60757
3677.19717,0.62483
3675.15768,0.64581
3673.11819,0.66794
3671.07870,0.69043
3669.03922,0.71502
3666.99973,0.73799
3664.96024,0.75789
3662.92075,0.77820
3660.88126,0.80084
3658.84177,0.82535
3656.80229,0.85090
3654.76280,0.87478
3652.72331,0.89582
3650.68382,0.91903
3648.64433,0.94760
3646.60485,0.97589
3644.56536,0.99939
3642.52587,1.02016
3640.48638,1.04055
3638.44689,1.06161
3636.40741,1.08323
3634.36792,1.10464
3632.32843,1.12706
3630.28894,1.15208
3628.24945,1.17785
3626.20996,1.20161
3624.17048,1.22335
3622.13099,1.24305
3620.09150,1.26151
3618.05201,1.27976
3616.01252,1.29778
3613.97304,1.31790
3611.93355,1.33977
3609.89406,1.35863
3607.85457,1.37335
3605.81508,1.38650
3603.77559,1.40117
3601.73611,1.41844
3599.69662,1.43765
3597.65713,1.46010
3595.61764,1.48487
3593.57815,1.50499
3591.53867,1.51605
3589.49918,1.52391
3587.45969,1.53105
3585.42020,1.53503
3583.38071,1.54232
3581.34122,1.55737
3579.30174,1.57519
3577.26225,1.58831
3575.22276,1.59472
3573.18327,1.59923
3571.14378,1.60897
3569.10430,1.62498
3567.06481,1.64287
3565.02532,1.65837
3562.98583,1.66556
3560.94634,1.66497
3558.90685,1.66599
3556.86737,1.67129
3554.82788,1.67588
3552.78839,1.68029
3550.74890,1.68927
3548.70941,1.70240
3546.66993,1.71042
3544.63044,1.70960
3542.59095,1.70855
3540.55146,1.70789
3538.51197,1.70290
3536.47248,1.70320
3534.43300,1.71619
3532.39351,1.73095
3530.35402,1.73998
3528.31453,1.74715
3526.27504,1.75642
3524.23556,1.76405
3522.19607,1.76578
3520.15658,1.76453
3518.11709,1.75859
3516.07760,1.74591
3514.03811,1.74000
3511.99863,1.74908
3509.95914,1.75930
3507.91965,1.76225
3505.88016,1.76338
3503.84067,1.76435
3501.80119,1.76404
3499.76170,1.76848
3497.72221,1.77637
3495.68272,1.77619
3493.64323,1.77345
3491.60375,1.77972
3489.56426,1.78643
3487.52477,1.78397
3485.48528,1.78029
3483.44579,1.78386
3481.40630,1.78820
3479.36682,1.78666
3477.32733,1.78510
3475.28784,1.78785
3473.24835,1.78930
3471.20886,1.77873
3469.16938,1.76343
3467.12989,1.76516
3465.09040,1.77880
3463.05091,1.77996
3461.01142,1.76665
3458.97193,1.76166
3456.93245,1.76973
3454.89296,1.76692
3452.85347,1.75602
3450.81398,1.76144
3448.77449,1.77990
3446.73501,1.79214
3444.69552,1.79192
3442.65603,1.78589
3440.61654,1.78656
3438.57705,1.78880
3436.53756,1.78135
3434.49808,1.78540
3432.45859,1.80581
3430.41910,1.80956
3428.37961,1.79204
3426.34012,1.77639
3424.30064,1.77836
3422.26115,1.79470
3420.22166,1.79565
3418.18217,1.77485
3416.14268,1.76551
3414.10319,1.77595
3412.06371,1.78472
3410.02422,1.78204
3407.98473,1.77725
3405.94524,1.77493
3403.90575,1.77288
3401.86627,1.77317
3399.82678,1.77191
3397.78729,1.76880
3395.74780,1.76697
3393.70831,1.76655
3391.66882,1.76755
3389.62934,1.76678
3387.58985,1.76288
3385.55036,1.76395
3383.51087,1.77050
3381.47138,1.76921
3379.43190,1.75688
3377.39241,1.75024
3375.35292,1.75489
3373.31343,1.75544
3371.27394,1.75744
3369.23446,1.77510
3367.19497,1.78752
3365.15548,1.77974
3363.11599,1.77131
3361.07650,1.77090
3359.03701,1.76896
3356.99753,1.75902
3354.95804,1.74783
3352.91855,1.74844
3350.87906,1.75951
3348.83957,1.77014
3346.80009,1.77322
3344.76060,1.76919
3342.72111,1.76698
3340.68162,1.77043
3338.64213,1.77508
3336.60264,1.77318
3334.56316,1.76434
3332.52367,1.75734
3330.48418,1.75608
3328.44469,1.75570
3326.40520,1.75418
3324.36572,1.75549
3322.32623,1.75613
3320.28674,1.75155
3318.24725,1.74692
3316.20776,1.74597
3314.16827,1.74618
3312.12879,1.74738
3310.08930,1.75091
3308.04981,1.75232
3306.01032,1.74464
3303.97083,1.73340
3301.93135,1.73326
3299.89186,1.74061
3297.85237,1.73924
3295.81288,1.73094
3293.77339,1.72870
3291.73390,1.73242
3289.69442,1.73119
3287.65493,1.72128
3285.61544,1.71200
3283.57595,1.70962
3281.53646,1.71111
3279.49698,1.71494
3277.45749,1.71745
3275.41800,1.71601
3273.37851,1.71467
3271.33902,1.71286
3269.29953,1.71140
3267.26005,1.71020
3265.22056,1.70206
3263.18107,1.69430
3261.14158,1.69386
3259.10209,1.69086
3257.06261,1.68467
3255.02312,1.68505
3252.98363,1.69443
3250.94414,1.70211
3248.90465,1.69587
3246.86516,1.68443
3244.82568,1.68464
3242.78619,1.69166
3240.74670,1.69053
3238.70721,1.68471
3236.66772,1.67832
3234.62824,1.66858
3232.58875,1.66548
3230.54926,1.67552
3228.50977,1.68705
3226.47028,1.68882
3224.43080,1.68167
3222.39131,1.67262
3220.35182,1.66754
3218.31233,1.66793
3216.27284,1.67033
3214.23335,1.66922
3212.19387,1.66353
3210.15438,1.66064
3208.11489,1.66515
3206.07540,1.67016
3204.03591,1.67214
3201.99643,1.67404
3199.95694,1.67118
3197.91745,1.66346
3195.87796,1.65969
3193.83847,1.65887
3191.79898,1.65883
3189.75950,1.65975
3187.72001,1.65565
3185.68052,1.64786
3183.64103,1.64555
3181.60154,1.65062
3179.56206,1.65596
3177.52257,1.65583
3175.48308,1.65189
3173.44359,1.64702
3171.40410,1.64262
3169.36461,1.64242
3167.32513,1.64697
3165.28564,1.64953
3163.24615,1.64681
3161.20666,1.64019
3159.16717,1.63071
3157.12769,1.62492
3155.08820,1.62679
3153.04871,1.63255
3151.00922,1.63692
3148.96973,1.63485
3146.93024,1.63034
3144.89076,1.63179
3142.85127,1.63479
3140.81178,1.63086
3138.77229,1.62055
3136.73280,1.61090
3134.69332,1.60712
3132.65383,1.60759
3130.61434,1.60885
3128.57485,1.60932
3126.53536,1.60779
3124.49587,1.60483
3122.45639,1.60267
3120.41690,1.60087
3118.37741,1.59915
3116.33792,1.59905
3114.29843,1.59968
3112.25895,1.59764
3110.21946,1.59081
3108.17997,1.58321
3106.14048,1.57987
3104.10099,1.57881
3102.06150,1.57672
3100.02202,1.57410
3097.98253,1.56960
3095.94304,1.56254
3093.90355,1.55892
3091.86406,1.56178
3089.82458,1.56442
3087.78509,1.56206
3085.74560,1.55799
3083.70611,1.55447
3081.66662,1.55031
3079.62714,1.54766
3077.58765,1.54947
3075.54816,1.54995
3073.50867,1.54292
3071.46918,1.53323
3069.42969,1.52796
3067.39021,1.52651
3065.35072,1.52467
3063.31123,1.52128
3061.27174,1.51797
3059.23225,1.51383
3057.19277,1.50776
3055.15328,1.50466
3053.11379,1.50569
3051.07430,1.50551
3049.03481,1.50255
3046.99532,1.49838
3044.95584,1.49360
3042.91635,1.48820
3040.87686,1.48325
3038.83737,1.47936
3036.79788,1.47668
3034.75840,1.47602
3032.71891,1.47514
3030.67942,1.47056
3028.63993,1.46328
3026.60044,1.45584
3024.56095,1.44999
3022.52147,1.44760
3020.48198,1.44637
3018.44249,1.44356
3016.40300,1.44066
3014.36351,1.43756
3012.32403,1.43444
3010.28454,1.43258
3008.24505,1.43050
3006.20556,1.42948
3004.16607,1.43182
3002.12658,1.43534
3000.08710,1.43851
2998.04761,1.44016
2996.00812,1.43941
2993.96863,1.44083
2991.92914,1.44677
2989.88966,1.45253
2987.85017,1.45562
2985.81068,1.45979
2983.77119,1.46685
2981.73170,1.47276
2979.69221,1.47687
2977.65273,1.48493
2975.61324,1.49893
2973.57375,1.51393
2971.53426,1.52287
2969.49477,1.52535
2967.45529,1.52815
2965.41580,1.53487
2963.37631,1.54421
2961.33682,1.55336
2959.29733,1.56258
2957.25784,1.57172
2955.21836,1.57378
2953.17887,1.57181
2951.13938,1.57820
2949.09989,1.59008
2947.06040,1.59667
2945.02092,1.59915
2942.98143,1.60453
2940.94194,1.61195
2938.90245,1.61669
2936.86296,1.61946
2934.82348,1.62083
2932.78399,1.62164
2930.74450,1.62428
2928.70501,1.62452
2926.66552,1.61868
2924.62603,1.61249
2922.58655,1.60950
2920.54706,1.60603
2918.50757,1.59839
2916.46808,1.58595
2914.42859,1.57442
2912.38911,1.57060
2910.34962,1.57149
2908.31013,1.57074
2906.27064,1.56816
2904.23115,1.56514
2902.19166,1.56122
2900.15218,1.55940
2898.11269,1.56143
2896.07320,1.56166
2894.03371,1.55729
2891.99422,1.55129
2889.95474,1.54529
2887.91525,1.54085
2885.87576,1.53757
2883.83627,1.53223
2881.79678,1.52516
2879.75729,1.51632
2877.71781,1.50605
2875.67832,1.49797
2873.63883,1.49159
2871.59934,1.48613
2869.55985,1.48103
2867.52037,1.47378
2865.48088,1.46442
2863.44139,1.45338
2861.40190,1.44300
2859.36241,1.43676
2857.32292,1.43527
2855.28344,1.43458
2853.24395,1.42883
2851.20446,1.42035
2849.16497,1.41367
2847.12548,1.40713
2845.08600,1.39948
2843.04651,1.39154
2841.00702,1.38256
2838.96753,1.37214
2836.92804,1.36272
2834.88855,1.35650
2832.84907,1.35229
2830.80958,1.34704
2828.77009,1.34109
2826.73060,1.33623
2824.69111,1.33019
2822.65163,1.32188
2820.61214,1.31434
2818.57265,1.30918
2816.53316,1.30383
2814.49367,1.29877
2812.45418,1.29737
2810.41470,1.29541
2808.37521,1.28836
2806.33572,1.28052
2804.29623,1.27558
2802.25674,1.27197
2800.21726,1.27009
2798.17777,1.27050
2796.13828,1.26942
2794.09879,1.26639
2792.05930,1.26420
2790.01982,1.26225
2787.98033,1.25959
2785.94084,1.25719
2783.90135,1.25420
2781.86186,1.24830
2779.82237,1.24175
2777.78289,1.24018
2775.74340,1.24321
2773.70391,1.24432
2771.66442,1.24219
2769.62493,1.24081
2767.58545,1.24048
2765.54596,1.23887
2763.50647,1.23560
2761.46698,1.23207
2759.42749,1.22899
2757.38800,1.22564
2755.34852,1.22314
2753.30903,1.22398
2751.26954,1.22594
2749.23005,1.22472
2747.19056,1.22055
2745.15108,1.21660
2743.11159,1.21481
2741.07210,1.21471
2739.03261,1.21369
2736.99312,1.21039
2734.95363,1.20627
2732.91415,1.20278
2730.87466,1.20023
2728.83517,1.19701
2726.79568,1.19252
2724.75619,1.18884
2722.71671,1.18716
2720.67722,1.18605
2718.63773,1.18380
2716.59824,1.18015
2714.55875,1.17543
2712.51926,1.17105
2710.47978,1.16842
2708.44029,1.16661
2706.40080,1.16311
2704.36131,1.15743
2702.32182,1.15165
2700.28234,1.14785
2698.24285,1.14659
2696.20336,1.14528
2694.16387,1.14204
2692.12438,1.13810
2690.08489,1.13459
2688.04541,1.13186
2686.00592,1.12897
2683.96643,1.12442
2681.92694,1.11912
2679.88745,1.11442
2677.84797,1.11058
2675.80848,1.10769
2673.76899,1.10374
2671.72950,1.09847
2669.69001,1.09401
2667.65052,1.09025
2665.61104,1.08617
2663.57155,1.08106
2661.53206,1.07612
2659.49257,1.07238
2657.45308,1.06865
2655.41360,1.06432
2653.37411,1.05926
2651.33462,1.05368
2649.29513,1.04792
2647.25564,1.04139
2645.21616,1.03515
2643.17667,1.03057
2641.13718,1.02657
2639.09769,1.02217
2637.05820,1.01742
2635.01871,1.01198
2632.97923,1.00624
2630.93974,1.00156
2628.90025,0.99760
2626.86076,0.99269
2624.82127,0.98732
2622.78179,0.98240
2620.74230,0.97738
2618.70281,0.97300
2616.66332,0.96996
2614.62383,0.96742
2612.58434,0.96443
2610.54486,0.96094
2608.50537,0.95811
2606.46588,0.95609
2604.42639,0.95408
2602.38690,0.95184
2600.34742,0.94951
2598.30793,0.94763
2596.26844,0.94579
2594.22895,0.94314
2592.18946,0.94088
2590.14997,0.93985
2588.11049,0.93819
2586.07100,0.93480
2584.03151,0.93104
2581.99202,0.92800
2579.95253,0.92492
2577.91305,0.92126
2575.87356,0.91812
2573.83407,0.91571
2571.79458,0.91250
2569.75509,0.90834
2567.71560,0.90479
2565.67612,0.90205
2563.63663,0.89932
2561.59714,0.89622
2559.55765,0.89198
2557.51816,0.88730
2555.47868,0.88354
2553.43919,0.88013
2551.39970,0.87642
2549.36021,0.87288
2547.32072,0.86978
2545.28123,0.86634
2543.24175,0.86205
2541.20226,0.85784
2539.16277,0.85449
2537.12328,0.85146
2535.08379,0.84819
2533.04431,0.84455
2531.00482,0.84075
2528.96533,0.83725
2526.92584,0.83406
2524.88635,0.83120
2522.84686,0.82854
2520.80738,0.82543
2518.76789,0.82213
2516.72840,0.81958
2514.68891,0.81737
2512.64942,0.81483
2510.60994,0.81234
2508.57045,0.81006
2506.53096,0.80763
2504.49147,0.80531
2502.45198,0.80360
2500.41250,0.80185
2498.37301,0.79927
2496.33352,0.79622
2494.29403,0.79322
2492.25454,0.79036
2490.21505,0.78758
2488.17557,0.78463
2486.13608,0.78181
2484.09659,0.77963
2482.05710,0.77731
2480.01761,0.77413
2477.97813,0.77076
2475.93864,0.76763
2473.89915,0.76441
2471.85966,0.76124
2469.82017,0.75808
2467.78068,0.75436
2465.74120,0.75037
2463.70171,0.74667
2461.66222,0.74297
2459.62273,0.73920
2457.58324,0.73532
2455.54376,0.73101
2453.50427,0.72676
2451.46478,0.72288
2449.42529,0.71921
2447.38580,0.71571
2445.34631,0.71176
2443.30683,0.70717
2441.26734,0.70243
2439.22785,0.69775
2437.18836,0.69342
2435.14887,0.68952
2433.10939,0.68559
2431.06990,0.68135
2429.03041,0.67680
2426.99092,0.67225
2424.95143,0.66835
2422.91194,0.66507
2420.87246,0.66187
2418.83297,0.65845
2416.79348,0.65476
2414.75399,0.65148
2412.71450,0.64876
2410.67502,0.64585
2408.63553,0.64289
2406.59604,0.64026
2404.55655,0.63754
2402.51706,0.63463
2400.47757,0.63221
2398.43809,0.63028
2396.39860,0.62814
2394.35911,0.62567
2392.31962,0.62349
2390.28013,0.62198
2388.24065,0.62081
2386.20116,0.61969
2384.16167,0.61895
2382.12218,0.61894
2380.08269,0.61934
2378.04320,0.61957
2376.00372,0.61953
2373.96423,0.61983
2371.92474,0.62068
2369.88525,0.62102
2367.84576,0.62045
2365.80628,0.61970
2363.76679,0.61880
2361.72730,0.61747
2359.68781,0.61519
2357.64832,0.61160
2355.60884,0.60786
2353.56935,0.60637
2351.52986,0.60845
2349.49037,0.60991
2347.45088,0.60576
2345.41139,0.59906
2343.37191,0.59575
2341.33242,0.59529
2339.29293,0.59436
2337.25344,0.59217
2335.21395,0.58987
2333.17447,0.58865
2331.13498,0.58827
2329.09549,0.58738
2327.05600,0.58487
2325.01651,0.58116
2322.97702,0.57786
2320.93754,0.57574
2318.89805,0.57449
2316.85856,0.57348
2314.81907,0.57239
2312.77958,0.57100
2310.74010,0.56927
2308.70061,0.56736
2306.66112,0.56558
2304.62163,0.56408
2302.58214,0.56272
2300.54265,0.56132
2298.50317,0.55999
2296.46368,0.55888
2294.42419,0.55804
2292.38470,0.55728
2290.34521,0.55639
2288.30573,0.55564
2286.26624,0.55551
2284.22675,0.55582
2282.18726,0.55609
2280.14777,0.55617
2278.10828,0.55618
2276.06880,0.55627
2274.02931,0.55658
2271.98982,0.55714
2269.95033,0.55780
2267.91084,0.55846
2265.87136,0.55920
2263.83187,0.55995
2261.79238,0.56046
2259.75289,0.56061
2257.71340,0.56070
2255.67391,0.56102
2253.63443,0.56155
2251.59494,0.56206
2249.55545,0.56229
2247.51596,0.56258
2245.47647,0.56274
2243.43699,0.56309
2241.39750,0.56403
2239.35801,0.56521
2237.31852,0.56607
2235.27903,0.56682
2233.23954,0.56768
2231.20006,0.56860
2229.16057,0.56962
2227.12108,0.57062
2225.08159,0.57141
2223.04210,0.57240
2221.00262,0.57393
2218.96313,0.57558
2216.92364,0.57700
2214.88415,0.57834
2212.84466,0.58002
2210.80518,0.58191
2208.76569,0.58366
2206.72620,0.58545
2204.68671,0.58731
2202.64722,0.58900
2200.60773,0.59059
2198.56825,0.59229
2196.52876,0.59396
2194.48927,0.59540
2192.44978,0.59702
2190.41029,0.59905
2188.37081,0.60111
2186.33132,0.60308
2184.29183,0.60498
2182.25234,0.60694
2180.21285,0.60925
2178.17336,0.61188
2176.13388,0.61454
2174.09439,0.61690
2172.05490,0.61869
2170.01541,0.62037
2167.97592,0.62277
2165.93644,0.62525
2163.89695,0.62680
2161.85746,0.62759
2159.81797,0.62816
2157.77848,0.62874
2155.73899,0.62909
2153.69951,0.62923
2151.66002,0.62953
2149.62053,0.62974
2147.58104,0.62941
2145.54155,0.62872
2143.50207,0.62800
2141.46258,0.62728
2139.42309,0.62656
2137.38360,0.62592
2135.34411,0.62521
2133.30462,0.62426
2131.26514,0.62350
2129.22565,0.62308
2127.18616,0.62261
2125.14667,0.62181
2123.10718,0.62054
2121.06770,0.61935
2119.02821,0.61878
2116.98872,0.61867
2114.94923,0.61850
2112.90974,0.61803
2110.87025,0.61779
2108.83077,0.61807
2106.79128,0.61815
2104.75179,0.61790
2102.71230,0.61776
2100.67281,0.61766
2098.63333,0.61776
2096.59384,0.61817
2094.55435,0.61846
2092.51486,0.61848
2090.47537,0.61850
2088.43588,0.61874
2086.39640,0.61918
2084.35691,0.61927
2082.31742,0.61870
2080.27793,0.61799
2078.23844,0.61743
2076.19896,0.61687
2074.15947,0.61637
2072.11998,0.61597
2070.08049,0.61558
2068.04100,0.61535
2066.00152,0.61540
2063.96203,0.61517
2061.92254,0.61477
2059.88305,0.61484
2057.84356,0.61493
2055.80407,0.61435
2053.76459,0.61325
2051.72510,0.61206
2049.68561,0.61098
2047.64612,0.60995
2045.60663,0.60848
2043.56715,0.60632
2041.52766,0.60371
2039.48817,0.60074
2037.44868,0.59726
2035.40919,0.59356
2033.36970,0.59012
2031.33022,0.58689
2029.29073,0.58364
2027.25124,0.58023
2025.21175,0.57667
2023.17226,0.57317
2021.13278,0.57006
2019.09329,0.56726
2017.05380,0.56410
2015.01431,0.56032
2012.97482,0.55658
2010.93533,0.55342
2008.89585,0.55074
2006.85636,0.54829
2004.81687,0.54595
2002.77738,0.54401
2000.73789,0.54272
1998.69841,0.54174
1996.65892,0.54087
1994.61943,0.54034
1992.57994,0.53985
1990.54045,0.53882
1988.50096,0.53766
1986.46148,0.53679
1984.42199,0.53611
1982.38250,0.53562
1980.34301,0.53490
1978.30352,0.53375
1976.26404,0.53280
1974.22455,0.53245
1972.18506,0.53221
1970.14557,0.53206
1968.10608,0.53234
1966.06659,0.53252
1964.02711,0.53238
1961.98762,0.53254
1959.94813,0.53307
1957.90864,0.53366
1955.86915,0.53417
1953.82967,0.53454
1951.79018,0.53481
1949.75069,0.53507
1947.71120,0.53538
1945.67171,0.53596
1943.63222,0.53650
1941.59274,0.53604
1939.55325,0.53476
1937.51376,0.53375
1935.47427,0.53323
1933.43478,0.53286
1931.39530,0.53253
1929.35581,0.53213
1927.31632,0.53158
1925.27683,0.53144
1923.23734,0.53179
1921.19786,0.53186
1919.15837,0.53165
1917.11888,0.53109
1915.07939,0.52988
1913.03990,0.52880
1911.00041,0.52818
1908.96093,0.52737
1906.92144,0.52616
1904.88195,0.52494
1902.84246,0.52392
1900.80297,0.52324
1898.76349,0.52309
1896.72400,0.52332
1894.68451,0.52350
1892.64502,0.52379
1890.60553,0.52473
1888.56604,0.52563
1886.52656,0.52591
1884.48707,0.52643
1882.44758,0.52738
1880.40809,0.52815
1878.36860,0.52859
1876.32912,0.52890
1874.28963,0.52939
1872.25014,0.53075
1870.21065,0.53281
1868.17116,0.53348
1866.13167,0.53168
1864.09219,0.52943
1862.05270,0.52810
1860.01321,0.52720
1857.97372,0.52624
1855.93423,0.52536
1853.89475,0.52460
1851.85526,0.52391
1849.81577,0.52372
1847.77628,0.52438
1845.73679,0.52535
1843.69730,0.52498
1841.65782,0.52287
1839.61833,0.52098
1837.57884,0.52041
1835.53935,0.52053
1833.49986,0.52137
1831.46038,0.52341
1829.42089,0.52535
1827.38140,0.52591
1825.34191,0.52591
1823.30242,0.52592
1821.26293,0.52620
1819.22345,0.52721
1817.18396,0.52876
1815.14447,0.53062
1813.10498,0.53302
1811.06549,0.53577
1809.02601,0.53805
1806.98652,0.53967
1804.94703,0.54162
1802.90754,0.54474
1800.86805,0.54820
1798.82856,0.55080
1796.78908,0.55338
1794.74959,0.55743
1792.71010,0.56189
1790.67061,0.56412
1788.63112,0.56463
1786.59164,0.56610
1784.55215,0.56909
1782.51266,0.57261
1780.47317,0.57598
1778.43368,0.57913
1776.39420,0.58290
1774.35471,0.58807
1772.31522,0.59337
1770.27573,0.59680
1768.23624,0.59890
1766.19675,0.60145
1764.15727,0.60565
1762.11778,0.61127
1760.07829,0.61664
1758.03880,0.62146
1755.99931,0.62654
1753.95983,0.63275
1751.92034,0.64163
1749.88085,0.65233
1747.84136,0.66123
1745.80187,0.66782
1743.76238,0.67458
1741.72290,0.68295
1739.68341,0.69210
1737.64392,0.70072
1735.60443,0.71069
1733.56494,0.72311
1731.52546,0.73380
1729.48597,0.74210
1727.44648,0.75103
1725.40699,0.76167
1723.36750,0.77384
1721.32801,0.78732
1719.28853,0.80387
1717.24904,0.82459
1715.20955,0.84496
1713.17006,0.86222
1711.13057,0.87978
1709.09109,0.90091
1707.05160,0.92701
1705.01211,0.95611
1702.97262,0.98511
1700.93313,1.01890
1698.89364,1.05917
1696.85416,1.09747
1694.81467,1.13182
1692.77518,1.16169
1690.73569,1.19025
1688.69620,1.21998
1686.65672,1.25029
1684.61723,1.28555
1682.57774,1.32153
1680.53825,1.34730
1678.49876,1.36676
1676.45927,1.38783
1674.41979,1.41091
1672.38030,1.43232
1670.34081,1.45348
1668.30132,1.47286
1666.26183,1.48433
1664.22235,1.49318
1662.18286,1.50793
1660.14337,1.52540
1658.10388,1.53667
1656.06439,1.54085
1654.02490,1.54636
1651.98542,1.55876
1649.94593,1.57108
1647.90644,1.57760
1645.86695,1.57792
1643.82746,1.57523
1641.78798,1.57148
1639.74849,1.56413
1637.70900,1.55329
1635.66951,1.54547
1633.63002,1.54409
1631.59054,1.54220
1629.55105,1.53433
1627.51156,1.52242
1625.47207,1.51120
1623.43258,1.50346
1621.39309,1.49902
1619.35361,1.49431
1617.31412,1.48667
1615.27463,1.47883
1613.23514,1.47311
1611.19565,1.46856
1609.15617,1.46593
1607.11668,1.46527
1605.07719,1.46478
1603.03770,1.46427
1600.99821,1.46647
1598.95872,1.47306
1596.91924,1.48074
1594.87975,1.48622
1592.84026,1.49122
1590.80077,1.49784
1588.76128,1.50427
1586.72180,1.50913
1584.68231,1.51421
1582.64282,1.52053
1580.60333,1.52763
1578.56384,1.53779
1576.52435,1.55084
1574.48487,1.56032
1572.44538,1.56521
1570.40589,1.56815
1568.36640,1.56674
1566.32691,1.55954
1564.28743,1.55000
1562.24794,1.54163
1560.20845,1.53693
1558.16896,1.53697
1556.12947,1.53581
1554.08998,1.52703
1552.05050,1.51219
1550.01101,1.49765
1547.97152,1.48748
1545.93203,1.47880
1543.89254,1.46457
1541.85306,1.44272
1539.81357,1.42062
1537.77408,1.40661
1535.73459,1.39750
1533.69510,1.38791
1531.65561,1.37830
1529.61613,1.37132
1527.57664,1.36693
1525.53715,1.36152
1523.49766,1.35259
1521.45817,1.34381
1519.41869,1.33804
1517.37920,1.33256
1515.33971,1.32509
1513.30022,1.31592
1511.26073,1.30782
1509.22124,1.30201
1507.18176,1.29562
1505.14227,1.28880
1503.10278,1.28447
1501.06329,1.28193
1499.02380,1.28093
1496.98432,1.28242
1494.94483,1.28543
1492.90534,1.28846
1490.86585,1.29248
1488.82636,1.29953
1486.78688,1.30889
1484.74739,1.31970
1482.70790,1.33450
1480.66841,1.35449
1478.62892,1.37752
1476.58943,1.40312
1474.54995,1.43462
1472.51046,1.47476
1470.47097,1.51597
1468.43148,1.54734
1466.39199,1.56997
1464.35251,1.59022
1462.31302,1.60992
1460.27353,1.62529
1458.23404,1.63151
1456.19455,1.63045
1454.15506,1.63202
1452.11558,1.63549
1450.07609,1.63326
1448.03660,1.62658
1445.99711,1.62415
1443.95762,1.62664
1441.91814,1.62861
1439.87865,1.63123
1437.83916,1.63893
1435.79967,1.65126
1433.76018,1.66388
1431.72069,1.67341
1429.68121,1.67780
1427.64172,1.67738
1425.60223,1.67665
1423.56274,1.67984
1421.52325,1.68640
1419.48377,1.69239
1417.44428,1.69307
1415.40479,1.69132
1413.36530,1.69549
1411.32581,1.70372
1409.28632,1.70733
1407.24684,1.70499
1405.20735,1.69924
1403.16786,1.69127
1401.12837,1.68612
1399.08888,1.68643
1397.04940,1.68607
1395.00991,1.68091
1392.97042,1.67477
1390.93093,1.66873
1388.89144,1.66217
1386.85195,1.65810
1384.81247,1.65866
1382.77298,1.66437
1380.73349,1.67301
1378.69400,1.67780
1376.65451,1.67848
1374.61503,1.68327
1372.57554,1.69190
1370.53605,1.69518
1368.49656,1.68964
1366.45707,1.68063
1364.41758,1.67404
1362.37810,1.66950
1360.33861,1.66709
1358.29912,1.66876
1356.25963,1.67107
1354.22014,1.66964
1352.18066,1.66835
1350.14117,1.67303
1348.10168,1.68063
1346.06219,1.68283
1344.02270,1.67827
1341.98322,1.67514
1339.94373,1.67796
1337.90424,1.68093
1335.86475,1.67720
1333.82526,1.66754
1331.78577,1.65804
1329.74629,1.65040
1327.70680,1.64119
1325.66731,1.63202
1323.62782,1.62415
1321.58833,1.61700
1319.54885,1.61508
1317.50936,1.61680
1315.46987,1.61193
1313.43038,1.60066
1311.39089,1.59355
1309.35140,1.59140
1307.31192,1.58729
1305.27243,1.58079
1303.23294,1.57571
1301.19345,1.57231
1299.15396,1.56751
1297.11448,1.56146
1295.07499,1.55653
1293.03550,1.55182
1290.99601,1.54281
1288.95652,1.52932
1286.91703,1.51917
1284.87755,1.51524
1282.83806,1.51098
1280.79857,1.50084
1278.75908,1.48644
1276.71959,1.47436
1274.68011,1.47026
1272.64062,1.47366
1270.60113,1.47934
1268.56164,1.48297
1266.52215,1.48422
1264.48266,1.48435
1262.44318,1.48428
1260.40369,1.48508
1258.36420,1.48606
1256.32471,1.48784
1254.28522,1.49332
1252.24574,1.50124
1250.20625,1.50946
1248.16676,1.51717
1246.12727,1.52214
1244.08778,1.52373
1242.04829,1.52355
1240.00881,1.52298
1237.96932,1.52126
1235.92983,1.51652
1233.89034,1.50691
1231.85085,1.49284
1229.81137,1.47919
1227.77188,1.46712
1225.73239,1.45368
1223.69290,1.44109
1221.65341,1.43379
1219.61392,1.43111
1217.57444,1.43315
1215.53495,1.44114
1213.49546,1.44955
1211.45597,1.45601
1209.41648,1.46693
1207.37700,1.48159
1205.33751,1.49077
1203.29802,1.49285
1201.25853,1.49178
1199.21904,1.48664
1197.17956,1.47578
1195.14007,1.46426
1193.10058,1.45826
1191.06109,1.45815
1189.02160,1.46265
1186.98211,1.47353
1184.94263,1.49573
1182.90314,1.53133
1180.86365,1.57808
1178.82416,1.63510
1176.78467,1.69935
1174.74519,1.76481
1172.70570,1.83093
1170.66621,1.89533
1168.62672,1.94566
1166.58723,1.96564
1164.54774,1.95329
1162.50826,1.93766
1160.46877,1.93130
1158.42928,1.91261
1156.38979,1.87844
1154.35030,1.84386
1152.31082,1.81747
1150.27133,1.80266
1148.23184,1.79941
1146.19235,1.79730
1144.15286,1.78839
1142.11337,1.78040
1140.07389,1.77621
1138.03440,1.77180
1135.99491,1.77469
1133.95542,1.79175
1131.91593,1.81323
1129.87645,1.82388
1127.83696,1.82199
1125.79747,1.81724
1123.75798,1.81374
1121.71849,1.81243
1119.67900,1.81502
1117.63952,1.82085
1115.60003,1.82748
1113.56054,1.83273
1111.52105,1.83763
1109.48156,1.84139
1107.44208,1.83634
1105.40259,1.82310
1103.36310,1.81485
1101.32361,1.81496
1099.28412,1.82342
1097.24463,1.83881
1095.20515,1.84480
1093.16566,1.84087
1091.12617,1.84145
1089.08668,1.84572
1087.04719,1.83920
1085.00771,1.82039
1082.96822,1.80537
1080.92873,1.79721
1078.88924,1.79152
1076.84975,1.79283
1074.81027,1.79866
1072.77078,1.80432
1070.73129,1.81007
1068.69180,1.81677
1066.65231,1.83550
1064.61282,1.85854
1062.57334,1.85930
1060.53385,1.84321
1058.49436,1.82158
1056.45487,1.78959
1054.41538,1.74943
1052.37590,1.71232
1050.33641,1.68734
1048.29692,1.67287
1046.25743,1.66436
1044.21794,1.66378
1042.17845,1.66758
1040.13897,1.66400
1038.09948,1.64744
1036.05999,1.63017
1034.02050,1.62672
1031.98101,1.62829
1029.94153,1.62392
1027.90204,1.61965
1025.86255,1.61756
1023.82306,1.61167
1021.78357,1.59668
1019.74408,1.57975
1017.70460,1.57355
1015.66511,1.57672
1013.62562,1.57999
1011.58613,1.57750
1009.54664,1.57160
1007.50716,1.56678
1005.46767,1.55910
1003.42818,1.54861
1001.38869,1.54239
999.34920,1.54096
997.30971,1.54024
995.27023,1.53570
993.23074,1.52356
991.19125,1.50892
989.15176,1.49549
987.11227,1.47929
985.07279,1.45819
983.03330,1.42945
980.99381,1.39292
978.95432,1.35340
976.91483,1.31429
974.87534,1.27639
972.83586,1.24066
970.79637,1.21054
968.75688,1.18620
966.71739,1.16492
964.67790,1.14723
962.63842,1.13395
960.59893,1.12394
958.55944,1.11766
956.51995,1.11659
954.48046,1.12051
952.44097,1.13117
950.40149,1.15211
948.36200,1.18411
946.32251,1.22442
944.28302,1.26615
942.24353,1.30159
940.20405,1.32868
938.16456,1.34916
936.12507,1.36164
934.08558,1.36555
932.04609,1.36558
930.00661,1.36592
927.96712,1.36512
925.92763,1.35918
923.88814,1.34650
921.84865,1.32677
919.80916,1.30005
917.76968,1.27087
915.73019,1.24390
913.69070,1.21816
911.65121,1.19419
909.61172,1.17701
907.57224,1.16857
905.53275,1.16584
903.49326,1.16524
901.45377,1.16316
899.41428,1.15760
897.37479,1.15155
895.33531,1.14633
893.29582,1.13993
891.25633,1.13291
889.21684,1.12524
887.17735,1.11691
885.13787,1.11308
883.09838,1.11731
881.05889,1.12752
879.01940,1.14279
876.97991,1.16571
874.94042,1.19842
872.90094,1.23989
870.86145,1.28709
868.82196,1.33387
866.78247,1.37052
864.74298,1.39173
862.70350,1.39776
860.66401,1.39199
858.62452,1.38038
856.58503,1.36544
854.54554,1.34840
852.50605,1.33547
850.46657,1.32815
848.42708,1.31968
846.38759,1.30807
844.34810,1.29712
842.30861,1.28705
840.26913,1.27574
838.22964,1.26514
836.19015,1.25689
834.15066,1.24850
832.11117,1.24079
830.07168,1.23639
828.03220,1.23415
825.99271,1.23340
823.95322,1.23468
821.91373,1.23812
819.87424,1.24287
817.83476,1.24634
815.79527,1.25115
813.75578,1.26043
811.71629,1.27056
809.67680,1.28125
807.63731,1.29338
805.59783,1.30486
803.55834,1.31686
801.51885,1.32939
799.47936,1.34145
797.43987,1.35473
795.40039,1.37250
793.36090,1.39355
791.32141,1.40745
789.28192,1.41215
787.24243,1.41903
785.20295,1.43119
783.16346,1.44463
781.12397,1.46291
779.08448,1.49031
777.04499,1.51685
775.00550,1.53184
772.96602,1.54189
770.92653,1.55165
768.88704,1.55507
766.84755,1.55070
764.80806,1.54799
762.76858,1.54969
760.72909,1.54715
758.68960,1.54194
756.65011,1.53606
754.61062,1.51724
752.57113,1.48918
750.53165,1.47299
748.49216,1.47374
746.45267,1.48168
744.41318,1.48743
742.37369,1.48966
740.33421,1.49536
738.29472,1.50568
736.25523,1.51178
734.21574,1.51254
732.17625,1.51672
730.13676,1.52555
728.09728,1.53792
726.05779,1.55340
724.01830,1.56480
721.97881,1.57032
719.93932,1.57560
717.89984,1.58372
715.86035,1.59188
713.82086,1.59520
711.78137,1.58929
709.74188,1.57861
707.70239,1.57333
705.66291,1.57366
703.62342,1.57168
701.58393,1.56610
699.54444,1.56283
697.50495,1.56218
695.46547,1.56311
693.42598,1.56353
691.38649,1.55443
689.34700,1.53962
687.30751,1.53784
685.26802,1.55127
683.22854,1.56251
681.18905,1.56298
679.14956,1.56251
677.11007,1.57336
675.07058,1.59305
673.03110,1.60766
670.99161,1.60680
668.95212,1.59714
666.91263,1.59537
664.87314,1.59617
662.83365,1.59827
660.79417,1.61384
658.75468,1.63076
656.71519,1.62817
654.67570,1.61259
652.63621,1.59384
650.59673,1.57029
648.55724,1.55504
646.51775,1.56809
644.47826,1.59721
642.43877,1.61442
640.39929,1.61992
638.35980,1.62481
636.32031,1.62648
634.28082,1.62057
632.24133,1.60640
630.20184,1.59235
628.16236,1.59405
626.12287,1.61486
624.08338,1.62578
622.04389,1.61674
620.00440,1.63317
617.96492,1.66494
615.92543,1.64356
613.88594,1.61438
611.84645,1.59493
609.80696,1.55893
607.76747,1.55765
605.72799,1.60466
603.68850,1.62597
601.64901,1.60212
599.60952,1.59931
597.57003,1.62215
595.53055,1.64012
593.49106,1.64266
591.45157,1.62717
589.41208,1.61910
587.37259,1.62113
585.33310,1.60394
583.29362,1.57105
581.25413,1.58943
579.21464,1.65473
577.17515,1.69288
575.13566,1.65051
573.09618,1.56875
571.05669,1.53927
569.01720,1.57777
566.97771,1.67556
564.93822,1.76181
562.89873,1.77912
560.85925,1.72401
558.81976,1.66365
556.78027,1.62852
554.74078,1.61696
552.70129,1.61426
550.66181,1.57117
548.62232,1.53936
546.58283,1.53657
544.54334,1.50885
542.50385,1.50889
540.46436,1.54504
538.42488,1.59262
536.38539,1.64556
534.34590,1.69871
532.30641,1.67224
530.26692,1.59983
528.22744,1.53487
526.18795,1.48006
524.14846,1.46977
522.10897,1.52340
520.06948,1.53031
518.02999,1.41660
515.99051,1.40026
513.95102,1.42832
511.91153,1.30177
509.87204,1.22744
507.83255,1.28530
505.79307,1.36242
503.75358,1.19078
501.71409,1.00034
499.67460,1.01830
