3997.39681,0.34269
3995.35732,0.34206
3993.31783,0.34189
3991.27835,0.34230
3989.23886,0.34220
3987.19937,0.34093
3985.15988,0.33915
3983.12039,0.33775
3981.08091,0.33700
3979.04142,0.33668
3977.00193,0.33638
3974.96244,0.33568
3972.92295,0.33470
3970.88346,0.33366
3968.84398,0.33240
3966.80449,0.33116
3964.76500,0.33036
3962.72551,0.32940
3960.68602,0.32770
3958.64654,0.32577
3956.60705,0.32443
3954.56756,0.32381
3952.52807,0.32335
3950.48858,0.32262
3948.44909,0.32163
3946.40961,0.32066
3944.37012,0.31979
3942.33063,0.31848
3940.29114,0.31659
3938.25165,0.31512
3936.21217,0.31481
3934.17268,0.31478
3932.13319,0.31355
3930.09370,0.31135
3928.05421,0.30963
3926.01473,0.30850
3923.97524,0.30711
3921.93575,0.30555
3919.89626,0.30407
3917.85677,0.30214
3915.81728,0.29948
3913.77780,0.29685
3911.73831,0.29503
3909.69882,0.29405
3907.65933,0.29359
3905.61984,0.29290
3903.58036,0.29120
3901.54087,0.28885
3899.50138,0.28663
3897.46189,0.28493
3895.42240,0.28423
3893.38291,0.28395
3891.34343,0.28265
3889.30394,0.28077
3887.26445,0.27990
3885.22496,0.27981
3883.18547,0.27969
3881.14599,0.27916
3879.10650,0.27790
3877.06701,0.27667
3875.02752,0.27627
3872.98803,0.27644
3870.94854,0.27631
3868.90906,0.27535
3866.86957,0.27447
3864.83008,0.27412
3862.79059,0.27360
3860.75110,0.27311
3858.71162,0.27325
3856.67213,0.27355
3854.63264,0.27313
3852.59315,0.27174
3850.55366,0.27049
3848.51417,0.27037
3846.47469,0.27114
3844.43520,0.27182
3842.39571,0.27160
3840.35622,0.27071
3838.31673,0.26976
3836.27725,0.26895
3834.23776,0.26830
3832.19827,0.26796
3830.15878,0.26816
3828.11929,0.26872
3826.07980,0.26956
3824.04032,0.27079
3822.00083,0.27165
3819.96134,0.27144
3817.92185,0.27081
3815.88236,0.27035
3813.84288,0.27048
3811.80339,0.27158
3809.76390,0.27289
3807.72441,0.27354
3805.68492,0.27381
3803.64543,0.27442
3801.60595,0.27525
3799.56646,0.27589
3797.52697,0.27649
3795.48748,0.27713
3793.44799,0.27793
3791.40851,0.27900
3789.36902,0.28020
3787.32953,0.28159
3785.29004,0.28341
3783.25055,0.28532
3781.21107,0.28677
3779.17158,0.28766
3777.13209,0.28841
3775.09260,0.28944
3773.05311,0.29089
3771.01362,0.29275
3768.97414,0.29473
3766.93465,0.29644
3764.89516,0.29790
3762.85567,0.29962
3760.81618,0.30183
3758.77670,0.30406
3756.73721,0.30574
3754.69772,0.30701
3752.65823,0.30820
3750.61874,0.30949
3748.57925,0.31138
3746.53977,0.31394
3744.50028,0.31683
3742.46079,0.31985
3740.42130,0.32276
3738.38181,0.32537
3736.34233,0.32778
3734.30284,0.33007
3732.26335,0.33241
3730.22386,0.33525
3728.18437,0.33870
3726.14488,0.34229
3724.10540,0.34561
3722.06591,0.34875
3720.02642,0.35194
3717.98693,0.35554
3715.94744,0.35966
3713.90796,0.36416
3711.86847,0.36881
3709.82898,0.37364
3707.78949,0.37932
3705.75000,0.38601
3703.71051,0.39297
3701.67103,0.39995
3699.63154,0.40747
3697.59205,0.41581
3695.55256,0.42450
3693.51307,0.43329
3691.47359,0.44304
3689.43410,0.45430
3687.39461,0.46610
3685.35512,0.47763
3683.31563,0.48966
3681.27614,0.50299
3679.23666,0.51744
3677.19717,0.53393
3675.15768,0.55313
3673.11819,0.57194
3671.07870,0.59049
3669.03922,0.61139
3666.99973,0.63212
3664.96024,0.65097
3662.92075,0.66989
3660.88126,0.69044
3658.84177,0.71259
3656.80229,0.73541
3654.76280,0.75683
3652.72331,0.77684
3650.68382,0.79962
3648.64433,0.82590
3646.60485,0.85037
3644.56536,0.87153
3642.52587,0.89205
3640.48638,0.91347
3638.44689,0.93612
3636.40741,0.95936
3634.36792,0.98110
3632.32843,1.00163
3630.28894,1.02457
3628.24945,1.04834
3626.20996,1.06732
3624.17048,1.08319
3622.13099,1.09919
3620.09150,1.11660
3618.05201,1.13649
3616.01252,1.15887
3613.97304,1.18169
3611.93355,1.20254
3609.89406,1.22137
3607.85457,1.23712
3605.81508,1.24975
3603.77559,1.26416
3601.73611,1.28190
3599.69662,1.29961
3597.65713,1.31733
3595.61764,1.33731
3593.57815,1.35847
3591.53867,1.37861
3589.49918,1.39704
3587.45969,1.41306
3585.42020,1.42579
3583.38071,1.43547
3581.34122,1.44321
3579.30174,1.45164
3577.26225,1.46270
3575.22276,1.47478
3573.18327,1.48675
3571.14378,1.50207
3569.10430,1.52285
3567.06481,1.54556
3565.02532,1.56335
3562.98583,1.57238
3560.94634,1.57442
3558.90685,1.57246
3556.86737,1.57128
3554.82788,1.57602
3552.78839,1.58463
3550.74890,1.58973
3548.70941,1.59081
3546.66993,1.59671
3544.63044,1.61079
3542.59095,1.62428
3540.55146,1.63243
3538.51197,1.63903
3536.47248,1.64740
3534.43300,1.65723
3532.39351,1.66250
3530.35402,1.65954
3528.31453,1.65799
3526.27504,1.66642
3524.23556,1.67611
3522.19607,1.67814
3520.15658,1.67630
3518.11709,1.67678
3516.07760,1.68054
3514.03811,1.68779
3511.99863,1.69614
3509.95914,1.69799
3507.91965,1.69585
3505.88016,1.69890
3503.84067,1.70343
3501.80119,1.69898
3499.76170,1.69307
3497.72221,1.69779
3495.68272,1.70356
3493.64323,1.70194
3491.60375,1.69969
3489.56426,1.70347
3487.52477,1.71514
3485.48528,1.72302
3483.44579,1.71435
3481.40630,1.70553
3479.36682,1.71566
3477.32733,1.73243
3475.28784,1.74148
3473.24835,1.74519
3471.20886,1.73990
3469.16938,1.72773
3467.12989,1.72669
3465.09040,1.73856
3463.05091,1.74538
3461.01142,1.74033
3458.97193,1.73372
3456.93245,1.73130
3454.89296,1.72650
3452.85347,1.71939
3450.81398,1.72540
3448.77449,1.74553
3446.73501,1.75586
3444.69552,1.74440
3442.65603,1.73376
3440.61654,1.73597
3438.57705,1.73340
3436.53756,1.72104
3434.49808,1.71273
3432.45859,1.71199
3430.41910,1.71674
3428.37961,1.72388
3426.34012,1.72929
3424.30064,1.73242
3422.26115,1.72868
3420.22166,1.71942
3418.18217,1.71789
3416.14268,1.72702
3414.10319,1.73333
3412.06371,1.72958
3410.02422,1.72890
3407.98473,1.73644
3405.94524,1.73556
3403.90575,1.72220
3401.86627,1.71477
3399.82678,1.71872
3397.78729,1.71852
3395.74780,1.71017
3393.70831,1.70739
3391.66882,1.71487
3389.62934,1.72621
3387.58985,1.73287
3385.55036,1.72662
3383.51087,1.71241
3381.47138,1.70556
3379.43190,1.70561
3377.39241,1.70224
3375.35292,1.69509
3373.31343,1.69040
3371.27394,1.69375
3369.23446,1.69900
3367.19497,1.69619
3365.15548,1.69401
3363.11599,1.70011
3361.07650,1.70147
3359.03701,1.69130
3356.99753,1.68222
3354.95804,1.68292
3352.91855,1.68995
3350.87906,1.69052
3348.83957,1.67813
3346.80009,1.66834
3344.76060,1.67074
3342.72111,1.67844
3340.68162,1.68552
3338.64213,1.68706
3336.60264,1.68354
3334.56316,1.68329
3332.52367,1.68424
3330.48418,1.67952
3328.44469,1.67784
3326.40520,1.68835
3324.36572,1.69991
3322.32623,1.69808
3320.28674,1.68404
3318.24725,1.67003
3316.20776,1.66340
3314.16827,1.66020
3312.12879,1.66088
3310.08930,1.66663
3308.04981,1.67083
3306.01032,1.67197
3303.97083,1.67215
3301.93135,1.66787
3299.89186,1.66082
3297.85237,1.65870
3295.81288,1.65729
3293.77339,1.65160
3291.73390,1.64789
3289.69442,1.64701
3287.65493,1.64719
3285.61544,1.65062
3283.57595,1.65618
3281.53646,1.65752
3279.49698,1.65273
3277.45749,1.64848
3275.41800,1.64682
3273.37851,1.64287
3271.33902,1.63449
3269.29953,1.62664
3267.26005,1.62758
3265.22056,1.63566
3263.18107,1.63929
3261.14158,1.63077
3259.10209,1.62111
3257.06261,1.62466
3255.02312,1.63168
3252.98363,1.62918
3250.94414,1.62310
3248.90465,1.62075
3246.86516,1.61947
3244.82568,1.61648
3242.78619,1.61386
3240.74670,1.61168
3238.70721,1.60845
3236.66772,1.60676
3234.62824,1.60650
3232.58875,1.60495
3230.54926,1.60436
3228.50977,1.60363
3226.47028,1.59938
3224.43080,1.59623
3222.39131,1.59752
3220.35182,1.59987
3218.31233,1.59930
3216.27284,1.59503
3214.23335,1.58926
3212.19387,1.58729
3210.15438,1.59535
3208.11489,1.60819
3206.07540,1.61091
3204.03591,1.60362
3201.99643,1.60092
3199.95694,1.60352
3197.91745,1.59823
3195.87796,1.58634
3193.83847,1.57931
3191.79898,1.57871
3189.75950,1.57906
3187.72001,1.57590
3185.68052,1.57353
3183.64103,1.57828
3181.60154,1.58600
3179.56206,1.58784
3177.52257,1.58212
3175.48308,1.57542
3173.44359,1.57090
3171.40410,1.56634
3169.36461,1.56273
3167.32513,1.56064
3165.28564,1.55617
3163.24615,1.54912
3161.20666,1.54600
3159.16717,1.54890
3157.12769,1.55261
3155.08820,1.55592
3153.04871,1.55735
3151.00922,1.55267
3148.96973,1.54764
3146.93024,1.54988
3144.89076,1.55428
3142.85127,1.55263
3140.81178,1.54525
3138.77229,1.53783
3136.73280,1.53501
3134.69332,1.53418
3132.65383,1.53195
3130.61434,1.52988
3128.57485,1.53054
3126.53536,1.53329
3124.49587,1.53120
3122.45639,1.52280
3120.41690,1.51776
3118.37741,1.52054
3116.33792,1.52321
3114.29843,1.52026
3112.25895,1.51471
3110.21946,1.50866
3108.17997,1.50306
3106.14048,1.50082
3104.10099,1.50131
3102.06150,1.49865
3100.02202,1.49170
3097.98253,1.48468
3095.94304,1.47889
3093.90355,1.47500
3091.86406,1.47333
3089.82458,1.47233
3087.78509,1.47260
3085.74560,1.47398
3083.70611,1.47128
3081.66662,1.46396
3079.62714,1.45756
3077.58765,1.45455
3075.54816,1.45413
3073.50867,1.45299
3071.46918,1.44792
3069.42969,1.44052
3067.39021,1.43408
3065.35072,1.42999
3063.31123,1.42728
3061.27174,1.42286
3059.23225,1.41714
3057.19277,1.41181
3055.15328,1.40542
3053.11379,1.40013
3051.07430,1.39793
3049.03481,1.39563
3046.99532,1.39260
3044.95584,1.39215
3042.91635,1.39407
3040.87686,1.39225
3038.83737,1.38474
3036.79788,1.37835
3034.75840,1.37643
3032.71891,1.37516
3030.67942,1.37139
3028.63993,1.36722
3026.60044,1.36299
3024.56095,1.35622
3022.52147,1.35005
3020.48198,1.34733
3018.44249,1.34478
3016.40300,1.34113
3014.36351,1.33817
3012.32403,1.33575
3010.28454,1.33443
3008.24505,1.33474
3006.20556,1.33611
3004.16607,1.33830
3002.12658,1.33842
3000.08710,1.33596
2998.04761,1.33555
2996.00812,1.33901
2993.96863,1.34259
2991.92914,1.34474
2989.88966,1.34837
2987.85017,1.35537
2985.81068,1.36482
2983.77119,1.37394
2981.73170,1.38172
2979.69221,1.38960
2977.65273,1.39691
2975.61324,1.40372
2973.57375,1.41177
2971.53426,1.41978
2969.49477,1.42928
2967.45529,1.44280
2965.41580,1.45376
2963.37631,1.45823
2961.33682,1.46403
2959.29733,1.47568
2957.25784,1.48708
2955.21836,1.49429
2953.17887,1.50115
2951.13938,1.50985
2949.09989,1.51828
2947.06040,1.52663
2945.02092,1.53300
2942.98143,1.53405
2940.94194,1.53630
2938.90245,1.54501
2936.86296,1.55438
2934.82348,1.55828
2932.78399,1.56050
2930.74450,1.56148
2928.70501,1.55788
2926.66552,1.55473
2924.62603,1.55088
2922.58655,1.54336
2920.54706,1.53834
2918.50757,1.53535
2916.46808,1.52743
2914.42859,1.51950
2912.38911,1.51627
2910.34962,1.50987
2908.31013,1.50152
2906.27064,1.50076
2904.23115,1.50437
2902.19166,1.50268
2900.15218,1.49739
2898.11269,1.49555
2896.07320,1.49524
2894.03371,1.48874
2891.99422,1.47745
2889.95474,1.46995
2887.91525,1.46789
2885.87576,1.46606
2883.83627,1.45956
2881.79678,1.45076
2879.75729,1.44271
2877.71781,1.43496
2875.67832,1.42767
2873.63883,1.42061
2871.59934,1.41401
2869.55985,1.40611
2867.52037,1.39618
2865.48088,1.38861
2863.44139,1.38643
2861.40190,1.38372
2859.36241,1.37430
2857.32292,1.36382
2855.28344,1.35790
2853.24395,1.35406
2851.20446,1.34945
2849.16497,1.34185
2847.12548,1.33073
2845.08600,1.31918
2843.04651,1.30853
2841.00702,1.29902
2838.96753,1.29145
2836.92804,1.28439
2834.88855,1.27726
2832.84907,1.27046
2830.80958,1.26252
2828.77009,1.25482
2826.73060,1.24972
2824.69111,1.24447
2822.65163,1.23680
2820.61214,1.23081
2818.57265,1.22977
2816.53316,1.22844
2814.49367,1.22203
2812.45418,1.21468
2810.41470,1.21068
2808.37521,1.20934
2806.33572,1.20715
2804.29623,1.20161
2802.25674,1.19548
2800.21726,1.19124
2798.17777,1.18729
2796.13828,1.18335
2794.09879,1.18080
2792.05930,1.17888
2790.01982,1.17617
2787.98033,1.17317
2785.94084,1.17051
2783.90135,1.16804
2781.86186,1.16671
2779.82237,1.16686
2777.78289,1.16588
2775.74340,1.16239
2773.70391,1.15809
2771.66442,1.15469
2769.62493,1.15322
2767.58545,1.15404
2765.54596,1.15567
2763.50647,1.15543
2761.46698,1.15303
2759.42749,1.15049
2757.38800,1.14887
2755.34852,1.14797
2753.30903,1.14717
2751.26954,1.14635
2749.23005,1.14532
2747.19056,1.14318
2745.15108,1.13918
2743.11159,1.13424
2741.07210,1.13135
2739.03261,1.13072
2736.99312,1.12906
2734.95363,1.12635
2732.91415,1.12485
2730.87466,1.12428
2728.83517,1.12320
2726.79568,1.12043
2724.75619,1.11599
2722.71671,1.11196
2720.67722,1.10886
2718.63773,1.10526
2716.59824,1.10142
2714.55875,1.09837
2712.51926,1.09591
2710.47978,1.09334
2708.44029,1.09066
2706.40080,1.08766
2704.36131,1.08335
2702.32182,1.07856
2700.28234,1.07468
2698.24285,1.07124
2696.20336,1.06756
2694.16387,1.06403
2692.12438,1.06149
2690.08489,1.05948
2688.04541,1.05725
2686.00592,1.05435
2683.96643,1.05009
2681.92694,1.04542
2679.88745,1.04161
2677.84797,1.03838
2675.80848,1.03455
2673.76899,1.02993
2671.72950,1.02569
2669.69001,1.02218
2667.65052,1.01829
2665.61104,1.01333
2663.57155,1.00851
2661.53206,1.00538
2659.49257,1.00234
2657.45308,0.99728
2655.41360,0.99149
2653.37411,0.98667
2651.33462,0.98233
2649.29513,0.97743
2647.25564,0.97211
2645.21616,0.96704
2643.17667,0.96216
2641.13718,0.95694
2639.09769,0.95154
2637.05820,0.94696
2635.01871,0.94290
2632.97923,0.93822
2630.93974,0.93351
2628.90025,0.92966
2626.86076,0.92536
2624.82127,0.91993
2622.78179,0.91543
2620.74230,0.91192
2618.70281,0.90792
2616.66332,0.90430
2614.62383,0.90181
2612.58434,0.89950
2610.54486,0.89676
2608.50537,0.89411
2606.46588,0.89198
2604.42639,0.88986
2602.38690,0.88729
2600.34742,0.88448
2598.30793,0.88194
2596.26844,0.88028
2594.22895,0.87927
2592.18946,0.87758
2590.14997,0.87476
2588.11049,0.87207
2586.07100,0.87007
2584.03151,0.86781
2581.99202,0.86483
2579.95253,0.86153
2577.91305,0.85788
2575.87356,0.85464
2573.83407,0.85295
2571.79458,0.85100
2569.75509,0.84745
2567.71560,0.84405
2565.67612,0.84144
2563.63663,0.83865
2561.59714,0.83585
2559.55765,0.83309
2557.51816,0.82927
2555.47868,0.82506
2553.43919,0.82145
2551.39970,0.81821
2549.36021,0.81524
2547.32072,0.81206
2545.28123,0.80862
2543.24175,0.80544
2541.20226,0.80268
2539.16277,0.79970
2537.12328,0.79566
2535.08379,0.79124
2533.04431,0.78698
2531.00482,0.78248
2528.96533,0.77859
2526.92584,0.77614
2524.88635,0.77426
2522.84686,0.77173
2520.80738,0.76850
2518.76789,0.76539
2516.72840,0.76260
2514.68891,0.76005
2512.64942,0.75789
2510.60994,0.75596
2508.57045,0.75418
2506.53096,0.75241
2504.49147,0.75024
2502.45198,0.74747
2500.41250,0.74483
2498.37301,0.74273
2496.33352,0.74025
2494.29403,0.73709
2492.25454,0.73446
2490.21505,0.73258
2488.17557,0.73046
2486.13608,0.72793
2484.09659,0.72538
2482.05710,0.72296
2480.01761,0.72022
2477.97813,0.71659
2475.93864,0.71294
2473.89915,0.70996
2471.85966,0.70669
2469.82017,0.70284
2467.78068,0.69915
2465.74120,0.69573
2463.70171,0.69236
2461.66222,0.68879
2459.62273,0.68481
2457.58324,0.68099
2455.54376,0.67770
2453.50427,0.67404
2451.46478,0.66963
2449.42529,0.66549
2447.38580,0.66211
2445.34631,0.65848
2443.30683,0.65423
2441.26734,0.65013
2439.22785,0.64638
2437.18836,0.64273
2435.14887,0.63889
2433.10939,0.63459
2431.06990,0.63036
2429.03041,0.62677
2426.99092,0.62335
2424.95143,0.61957
2422.91194,0.61576
2420.87246,0.61258
2418.83297,0.60990
2416.79348,0.60695
2414.75399,0.60392
2412.71450,0.60145
2410.67502,0.59890
2408.63553,0.59565
2406.59604,0.59258
2404.55655,0.59031
2402.51706,0.58849
2400.47757,0.58644
2398.43809,0.58396
2396.39860,0.58164
2394.35911,0.57976
2392.31962,0.57792
2390.28013,0.57591
2388.24065,0.57429
2386.20116,0.57363
2384.16167,0.57388
2382.12218,0.57454
2380.08269,0.57508
2378.04320,0.57536
2376.00372,0.57544
2373.96423,0.57495
2371.92474,0.57357
2369.88525,0.57186
2367.84576,0.57078
2365.80628,0.57023
2363.76679,0.56945
2361.72730,0.56842
2359.68781,0.56679
2357.64832,0.56381
2355.60884,0.56009
2353.56935,0.55783
2351.52986,0.55827
2349.49037,0.55870
2347.45088,0.55607
2345.41139,0.55192
2343.37191,0.54928
2341.33242,0.54791
2339.29293,0.54647
2337.25344,0.54457
2335.21395,0.54246
2333.17447,0.54047
2331.13498,0.53831
2329.09549,0.53623
2327.05600,0.53502
2325.01651,0.53418
2322.97702,0.53260
2320.93754,0.53039
2318.89805,0.52833
2316.85856,0.52658
2314.81907,0.52499
2312.77958,0.52346
2310.74010,0.52199
2308.70061,0.52065
2306.66112,0.51937
2304.62163,0.51794
2302.58214,0.51626
2300.54265,0.51460
2298.50317,0.51321
2296.46368,0.51201
2294.42419,0.51100
2292.38470,0.51015
2290.34521,0.50926
2288.30573,0.50824
2286.26624,0.50749
2284.22675,0.50739
2282.18726,0.50774
2280.14777,0.50799
2278.10828,0.50799
2276.06880,0.50793
2274.02931,0.50809
2271.98982,0.50872
2269.95033,0.50963
2267.91084,0.51009
2265.87136,0.51008
2263.83187,0.51047
2261.79238,0.51141
2259.75289,0.51206
2257.71340,0.51217
2255.67391,0.51215
2253.63443,0.51217
2251.59494,0.51241
2249.55545,0.51296
2247.51596,0.51356
2245.47647,0.51360
2243.43699,0.51361
2241.39750,0.51408
2239.35801,0.51467
2237.31852,0.51524
2235.27903,0.51606
2233.23954,0.51686
2231.20006,0.51724
2229.16057,0.51740
2227.12108,0.51775
2225.08159,0.51850
2223.04210,0.51947
2221.00262,0.52033
2218.96313,0.52111
2216.92364,0.52207
2214.88415,0.52350
2212.84466,0.52533
2210.80518,0.52704
2208.76569,0.52844
2206.72620,0.52988
2204.68671,0.53149
2202.64722,0.53297
2200.60773,0.53423
2198.56825,0.53546
2196.52876,0.53675
2194.48927,0.53823
2192.44978,0.53971
2190.41029,0.54091
2188.37081,0.54230
2186.33132,0.54414
2184.29183,0.54592
2182.25234,0.54735
2180.21285,0.54903
2178.17336,0.55114
2176.13388,0.55322
2174.09439,0.55527
2172.05490,0.55715
2170.01541,0.55874
2167.97592,0.56025
2165.93644,0.56146
2163.89695,0.56245
2161.85746,0.56358
2159.81797,0.56478
2157.77848,0.56560
2155.73899,0.56594
2153.69951,0.56607
2151.66002,0.56578
2149.62053,0.56505
2147.58104,0.56449
2145.54155,0.56422
2143.50207,0.56383
2141.46258,0.56298
2139.42309,0.56188
2137.38360,0.56110
2135.34411,0.56068
2133.30462,0.56020
2131.26514,0.55926
2129.22565,0.55806
2127.18616,0.55730
2125.14667,0.55698
2123.10718,0.55633
2121.06770,0.55534
2119.02821,0.55440
2116.98872,0.55354
2114.94923,0.55261
2112.90974,0.55188
2110.87025,0.55178
2108.83077,0.55172
2106.79128,0.55130
2104.75179,0.55113
2102.71230,0.55143
2100.67281,0.55181
2098.63333,0.55207
2096.59384,0.55211
2094.55435,0.55192
2092.51486,0.55186
2090.47537,0.55207
2088.43588,0.55209
2086.39640,0.55185
2084.35691,0.55158
2082.31742,0.55105
2080.27793,0.55033
2078.23844,0.54985
2076.19896,0.54973
2074.15947,0.54970
2072.11998,0.54936
2070.08049,0.54889
2068.04100,0.54867
2066.00152,0.54863
2063.96203,0.54851
2061.92254,0.54840
2059.88305,0.54838
2057.84356,0.54815
2055.80407,0.54755
2053.76459,0.54688
2051.72510,0.54621
2049.68561,0.54526
2047.64612,0.54393
2045.60663,0.54222
2043.56715,0.54025
2041.52766,0.53818
2039.48817,0.53561
2037.44868,0.53237
2035.40919,0.52900
2033.36970,0.52578
2031.33022,0.52261
2029.29073,0.51966
2027.25124,0.51701
2025.21175,0.51435
2023.17226,0.51150
2021.13278,0.50864
2019.09329,0.50590
2017.05380,0.50298
2015.01431,0.49989
2012.97482,0.49704
2010.93533,0.49445
2008.89585,0.49221
2006.85636,0.49050
2004.81687,0.48901
2002.77738,0.48744
2000.73789,0.48597
1998.69841,0.48495
1996.65892,0.48441
1994.61943,0.48425
1992.57994,0.48408
1990.54045,0.48333
1988.50096,0.48246
1986.46148,0.48198
1984.42199,0.48174
1982.38250,0.48146
1980.34301,0.48092
1978.30352,0.48029
1976.26404,0.47995
1974.22455,0.48002
1972.18506,0.48031
1970.14557,0.48076
1968.10608,0.48134
1966.06659,0.48139
1964.02711,0.48089
1961.98762,0.48074
1959.94813,0.48124
1957.90864,0.48194
1955.86915,0.48230
1953.82967,0.48222
1951.79018,0.48219
1949.75069,0.48256
1947.71120,0.48309
1945.67171,0.48381
1943.63222,0.48471
1941.59274,0.48469
1939.55325,0.48370
1937.51376,0.48299
1935.47427,0.48272
1933.43478,0.48244
1931.39530,0.48205
1929.35581,0.48161
1927.31632,0.48158
1925.27683,0.48238
1923.23734,0.48322
1921.19786,0.48337
1919.15837,0.48329
1917.11888,0.48283
1915.07939,0.48212
1913.03990,0.48199
1911.00041,0.48197
1908.96093,0.48114
1906.92144,0.47972
1904.88195,0.47861
1902.84246,0.47809
1900.80297,0.47793
1898.76349,0.47809
1896.72400,0.47857
1894.68451,0.47931
1892.64502,0.48048
1890.60553,0.48180
1888.56604,0.48215
1886.52656,0.48172
1884.48707,0.48193
1882.44758,0.48294
1880.40809,0.48403
1878.36860,0.48483
1876.32912,0.48548
1874.28963,0.48636
1872.25014,0.48782
1870.21065,0.48927
1868.17116,0.48907
1866.13167,0.48709
1864.09219,0.48518
1862.05270,0.48405
1860.01321,0.48322
1857.97372,0.48246
1855.93423,0.48189
1853.89475,0.48148
1851.85526,0.48125
1849.81577,0.48153
1847.77628,0.48247
1845.73679,0.48348
1843.69730,0.48315
1841.65782,0.48156
1839.61833,0.48041
1837.57884,0.48008
1835.53935,0.48023
1833.49986,0.48139
1831.46038,0.48350
1829.42089,0.48500
1827.38140,0.48536
1825.34191,0.48564
1823.30242,0.48595
1821.26293,0.48620
1819.22345,0.48692
1817.18396,0.48836
1815.14447,0.49049
1813.10498,0.49305
1811.06549,0.49527
1809.02601,0.49656
1806.98652,0.49775
1804.94703,0.50005
1802.90754,0.50338
1800.86805,0.50633
1798.82856,0.50814
1796.78908,0.51002
1794.74959,0.51327
1792.71010,0.51703
1790.67061,0.51924
1788.63112,0.52053
1786.59164,0.52261
1784.55215,0.52531
1782.51266,0.52807
1780.47317,0.53067
1778.43368,0.53292
1776.39420,0.53575
1774.35471,0.54029
1772.31522,0.54535
1770.27573,0.54857
1768.23624,0.55041
1766.19675,0.55290
1764.15727,0.55703
1762.11778,0.56203
1760.07829,0.56650
1758.03880,0.57080
1755.99931,0.57581
1753.95983,0.58227
1751.92034,0.59090
1749.88085,0.60012
1747.84136,0.60747
1745.80187,0.61338
1743.76238,0.61897
1741.72290,0.62453
1739.68341,0.63042
1737.64392,0.63712
1735.60443,0.64545
1733.56494,0.65476
1731.52546,0.66243
1729.48597,0.66921
1727.44648,0.67749
1725.40699,0.68781
1723.36750,0.69926
1721.32801,0.71180
1719.28853,0.72801
1717.24904,0.74759
1715.20955,0.76512
1713.17006,0.78009
1711.13057,0.79625
1709.09109,0.81492
1707.05160,0.83644
1705.01211,0.86065
1702.97262,0.88682
1700.93313,0.91798
1698.89364,0.95438
1696.85416,0.99091
1694.81467,1.02649
1692.77518,1.05884
1690.73569,1.09109
1688.69620,1.12617
1686.65672,1.16339
1684.61723,1.20733
1682.57774,1.25134
1680.53825,1.28156
1678.49876,1.30502
1676.45927,1.33295
1674.41979,1.36568
1672.38030,1.39586
1670.34081,1.42104
1668.30132,1.44240
1666.26183,1.45874
1664.22235,1.47079
1662.18286,1.48012
1660.14337,1.48875
1658.10388,1.49777
1656.06439,1.50497
1654.02490,1.50633
1651.98542,1.50127
1649.94593,1.50023
1647.90644,1.50392
1645.86695,1.50188
1643.82746,1.49415
1641.78798,1.49097
1639.74849,1.49320
1637.70900,1.49380
1635.66951,1.49015
1633.63002,1.48645
1631.59054,1.48510
1629.55105,1.48576
1627.51156,1.48741
1625.47207,1.48735
1623.43258,1.48484
1621.39309,1.48023
1619.35361,1.47382
1617.31412,1.46834
1615.27463,1.46561
1613.23514,1.46372
1611.19565,1.46275
1609.15617,1.46534
1607.11668,1.47125
1605.07719,1.47681
1603.03770,1.47956
1600.99821,1.48199
1598.95872,1.48672
1596.91924,1.49046
1594.87975,1.48828
1592.84026,1.48294
1590.80077,1.48156
1588.76128,1.48423
1586.72180,1.48644
1584.68231,1.48667
1582.64282,1.48680
1580.60333,1.48752
1578.56384,1.48626
1576.52435,1.48321
1574.48487,1.48377
1572.44538,1.48719
1570.40589,1.48817
1568.36640,1.48810
1566.32691,1.48955
1564.28743,1.49047
1562.24794,1.48773
1560.20845,1.47691
1558.16896,1.45864
1556.12947,1.44344
1554.08998,1.43245
1552.05050,1.42231
1550.01101,1.41232
1547.97152,1.40217
1545.93203,1.39060
1543.89254,1.37779
1541.85306,1.36663
1539.81357,1.35582
1537.77408,1.34162
1535.73459,1.32465
1533.69510,1.30809
1531.65561,1.29704
1529.61613,1.29080
1527.57664,1.28431
1525.53715,1.27609
1523.49766,1.26739
1521.45817,1.26107
1519.41869,1.25927
1517.37920,1.25801
1515.33971,1.25373
1513.30022,1.24822
1511.26073,1.24408
1509.22124,1.23998
1507.18176,1.23234
1505.14227,1.22499
1503.10278,1.22328
1501.06329,1.22418
1499.02380,1.22550
1496.98432,1.22764
1494.94483,1.23018
1492.90534,1.23351
1490.86585,1.23962
1488.82636,1.24900
1486.78688,1.26030
1484.74739,1.27276
1482.70790,1.28717
1480.66841,1.30563
1478.62892,1.32912
1476.58943,1.35681
1474.54995,1.38761
1472.51046,1.42149
1470.47097,1.45659
1468.43148,1.48803
1466.39199,1.51338
1464.35251,1.53342
1462.31302,1.55061
1460.27353,1.56245
1458.23404,1.56136
1456.19455,1.55155
1454.15506,1.54748
1452.11558,1.54654
1450.07609,1.54425
1448.03660,1.54298
1445.99711,1.54449
1443.95762,1.54811
1441.91814,1.55229
1439.87865,1.55775
1437.83916,1.56720
1435.79967,1.57793
1433.76018,1.58121
1431.72069,1.57662
1429.68121,1.57318
1427.64172,1.57961
1425.60223,1.59424
1423.56274,1.60607
1421.52325,1.60717
1419.48377,1.60152
1417.44428,1.60084
1415.40479,1.60782
1413.36530,1.61347
1411.32581,1.61422
1409.28632,1.61601
1407.24684,1.62162
1405.20735,1.62452
1403.16786,1.62350
1401.12837,1.62651
1399.08888,1.63023
1397.04940,1.62443
1395.00991,1.61308
1392.97042,1.60738
1390.93093,1.60828
1388.89144,1.60807
1386.85195,1.60498
1384.81247,1.60370
1382.77298,1.60527
1380.73349,1.61165
1378.69400,1.62395
1376.65451,1.63488
1374.61503,1.63956
1372.57554,1.64013
1370.53605,1.63558
1368.49656,1.62815
1366.45707,1.62768
1364.41758,1.63319
1362.37810,1.63284
1360.33861,1.62720
1358.29912,1.62614
1356.25963,1.62848
1354.22014,1.62735
1352.18066,1.62082
1350.14117,1.61165
1348.10168,1.60519
1346.06219,1.60291
1344.02270,1.60287
1341.98322,1.60372
1339.94373,1.60453
1337.90424,1.60580
1335.86475,1.60364
1333.82526,1.59339
1331.78577,1.58018
1329.74629,1.57128
1327.70680,1.56729
1325.66731,1.56502
1323.62782,1.56071
1321.58833,1.55365
1319.54885,1.54600
1317.50936,1.53824
1315.46987,1.53247
1313.43038,1.53184
1311.39089,1.53274
1309.35140,1.52924
1307.31192,1.52230
1305.27243,1.51706
1303.23294,1.51473
1301.19345,1.51036
1299.15396,1.50160
1297.11448,1.49147
1295.07499,1.48198
1293.03550,1.47433
1290.99601,1.46805
1288.95652,1.46023
1286.91703,1.45015
1284.87755,1.44094
1282.83806,1.43256
1280.79857,1.42172
1278.75908,1.41065
1276.71959,1.40316
1274.68011,1.39750
1272.64062,1.39232
1270.60113,1.39138
1268.56164,1.39600
1266.52215,1.40165
1264.48266,1.40598
1262.44318,1.41035
1260.40369,1.41371
1258.36420,1.41367
1256.32471,1.41170
1254.28522,1.41189
1252.24574,1.41668
1250.20625,1.42399
1248.16676,1.43112
1246.12727,1.43784
1244.08778,1.44122
1242.04829,1.43952
1240.00881,1.43469
1237.96932,1.42729
1235.92983,1.41866
1233.89034,1.40695
1231.85085,1.39179
1229.81137,1.38056
1227.77188,1.37322
1225.73239,1.36229
1223.69290,1.34943
1221.65341,1.34242
1219.61392,1.34228
1217.57444,1.34611
1215.53495,1.35317
1213.49546,1.36297
1211.45597,1.37550
1209.41648,1.38905
1207.37700,1.40123
1205.33751,1.41074
1203.29802,1.41565
1201.25853,1.41572
1199.21904,1.40917
1197.17956,1.39612
1195.14007,1.38325
1193.10058,1.37565
1191.06109,1.37397
1189.02160,1.37806
1186.98211,1.39053
1184.94263,1.41502
1182.90314,1.45290
1180.86365,1.50333
1178.82416,1.56499
1176.78467,1.63573
1174.74519,1.70675
1172.70570,1.77398
1170.66621,1.83618
1168.62672,1.87688
1166.58723,1.89767
1164.54774,1.91089
1162.50826,1.89871
1160.46877,1.86641
1158.42928,1.83858
1156.38979,1.81637
1154.35030,1.79351
1152.31082,1.77187
1150.27133,1.75532
1148.23184,1.74658
1146.19235,1.73980
1144.15286,1.72709
1142.11337,1.71518
1140.07389,1.71037
1138.03440,1.70804
1135.99491,1.70457
1133.95542,1.70781
1131.91593,1.72610
1129.87645,1.74553
1127.83696,1.74863
1125.79747,1.74153
1123.75798,1.74212
1121.71849,1.75213
1119.67900,1.75922
1117.63952,1.75926
1115.60003,1.75209
1113.56054,1.75156
1111.52105,1.76605
1109.48156,1.77903
1107.44208,1.78168
1105.40259,1.77750
1103.36310,1.77508
1101.32361,1.77778
1099.28412,1.78117
1097.24463,1.78438
1095.20515,1.78182
1093.16566,1.77501
1091.12617,1.77795
1089.08668,1.79773
1087.04719,1.81610
1085.00771,1.80593
1082.96822,1.77806
1080.92873,1.76326
1078.88924,1.76488
1076.84975,1.76456
1074.81027,1.75373
1072.77078,1.74542
1070.73129,1.75251
1068.69180,1.77321
1066.65231,1.79547
1064.61282,1.81001
1062.57334,1.81750
1060.53385,1.80868
1058.49436,1.77315
1056.45487,1.73047
1054.41538,1.69965
1052.37590,1.67496
1050.33641,1.65165
1048.29692,1.63222
1046.25743,1.61854
1044.21794,1.61188
1042.17845,1.60979
1040.13897,1.60827
1038.09948,1.60419
1036.05999,1.59743
1034.02050,1.58603
1031.98101,1.57349
1029.94153,1.56866
1027.90204,1.56639
1025.86255,1.55784
1023.82306,1.54493
1021.78357,1.53563
1019.74408,1.53170
1017.70460,1.52737
1015.66511,1.52208
1013.62562,1.51877
1011.58613,1.51788
1009.54664,1.51999
1007.50716,1.52433
1005.46767,1.52331
1003.42818,1.51128
1001.38869,1.50043
999.34920,1.49726
997.30971,1.49174
995.27023,1.48455
993.23074,1.48033
991.19125,1.47207
989.15176,1.45246
987.11227,1.42338
985.07279,1.38975
983.03330,1.35172
980.99381,1.30775
978.95432,1.26067
976.91483,1.21762
974.87534,1.18139
972.83586,1.14975
970.79637,1.12217
968.75688,1.09899
966.71739,1.08067
964.67790,1.06655
962.63842,1.05323
960.59893,1.04089
958.55944,1.03435
956.51995,1.03537
954.48046,1.04130
952.44097,1.05307
950.40149,1.07454
948.36200,1.10610
946.32251,1.14299
944.28302,1.17853
942.24353,1.21169
940.20405,1.23956
938.16456,1.25630
936.12507,1.26503
934.08558,1.27020
932.04609,1.27238
930.00661,1.27039
927.96712,1.26472
925.92763,1.25724
923.88814,1.24539
921.84865,1.22545
919.80916,1.19947
917.76968,1.17281
915.73019,1.14787
913.69070,1.12462
911.65121,1.10380
909.61172,1.08771
907.57224,1.07737
905.53275,1.07203
903.49326,1.07127
901.45377,1.07195
899.41428,1.06870
897.37479,1.06291
895.33531,1.05925
893.29582,1.05526
891.25633,1.04782
889.21684,1.04094
887.17735,1.03778
885.13787,1.03716
883.09838,1.04016
881.05889,1.04927
879.01940,1.06630
876.97991,1.09337
874.94042,1.12896
872.90094,1.16842
870.86145,1.21103
868.82196,1.25576
866.78247,1.29474
864.74298,1.31920
862.70350,1.32360
860.66401,1.31069
858.62452,1.29048
856.58503,1.27026
854.54554,1.25485
852.50605,1.24525
850.46657,1.23725
848.42708,1.22779
846.38759,1.21883
844.34810,1.21288
842.30861,1.20654
840.26913,1.19628
838.22964,1.18605
836.19015,1.17915
834.15066,1.17211
832.11117,1.16414
830.07168,1.15888
828.03220,1.15568
825.99271,1.15432
823.95322,1.15673
821.91373,1.16149
819.87424,1.16795
817.83476,1.17563
815.79527,1.18194
813.75578,1.18855
811.71629,1.19740
809.67680,1.20392
807.63731,1.20805
805.59783,1.21852
803.55834,1.23488
801.51885,1.24935
799.47936,1.26256
797.43987,1.27571
795.40039,1.28816
793.36090,1.30389
791.32141,1.32092
789.28192,1.33128
787.24243,1.34178
785.20295,1.36108
783.16346,1.37323
781.12397,1.37171
779.08448,1.37708
777.04499,1.39917
775.00550,1.42793
772.96602,1.45042
770.92653,1.46473
768.88704,1.47216
766.84755,1.47462
764.80806,1.47352
762.76858,1.46369
760.72909,1.45096
758.68960,1.44281
756.65011,1.43252
754.61062,1.41743
752.57113,1.41055
750.53165,1.41417
748.49216,1.41280
746.45267,1.40209
744.41318,1.39542
742.37369,1.40336
740.33421,1.41660
738.29472,1.41975
736.25523,1.41826
734.21574,1.41985
732.17625,1.42904
730.13676,1.44239
728.09728,1.45332
726.05779,1.47309
724.01830,1.49917
721.97881,1.50820
719.93932,1.49880
717.89984,1.49514
715.86035,1.50181
713.82086,1.50384
711.78137,1.50180
709.74188,1.50258
707.70239,1.50654
705.66291,1.50885
703.62342,1.50302
701.58393,1.49228
699.54444,1.48666
697.50495,1.49060
695.46547,1.49456
693.42598,1.48723
691.38649,1.47918
689.34700,1.48483
687.30751,1.49476
685.26802,1.49769
683.22854,1.50400
681.18905,1.51443
679.14956,1.51252
677.11007,1.50096
675.07058,1.49755
673.03110,1.50291
670.99161,1.50113
668.95212,1.49103
666.91263,1.49296
664.87314,1.50943
662.83365,1.52183
660.79417,1.51739
658.75468,1.50444
656.71519,1.50376
654.67570,1.51302
652.63621,1.50667
650.59673,1.48483
648.55724,1.48129
646.51775,1.50173
644.47826,1.51586
642.43877,1.51557
640.39929,1.51359
638.35980,1.51647
636.32031,1.52723
634.28082,1.53634
632.24133,1.52878
630.20184,1.51497
628.16236,1.51405
626.12287,1.52106
624.08338,1.51721
622.04389,1.53088
620.00440,1.58937
617.96492,1.62693
615.92543,1.58168
613.88594,1.53278
611.84645,1.52945
609.80696,1.53975
607.76747,1.53738
605.72799,1.54675
603.68850,1.54931
601.64901,1.51573
599.60952,1.48223
597.57003,1.47145
595.53055,1.46999
593.49106,1.47426
591.45157,1.49497
589.41208,1.50660
587.37259,1.47728
585.33310,1.47186
583.29362,1.52241
581.25413,1.55567
579.21464,1.55898
577.17515,1.56424
575.13566,1.55622
573.09618,1.53984
571.05669,1.54518
569.01720,1.52583
566.97771,1.46960
564.93822,1.45291
562.89873,1.50289
560.85925,1.53097
558.81976,1.47952
556.78027,1.45254
554.74078,1.46580
552.70129,1.43321
550.66181,1.40999
548.62232,1.42739
546.58283,1.41744
544.54334,1.38633
542.50385,1.42696
540.46436,1.50253
538.42488,1.58720
536.38539,1.58842
534.34590,1.54084
532.30641,1.54621
530.26692,1.51837
528.22744,1.45423
526.18795,1.47626
524.14846,1.53937
522.10897,1.42496
520.06948,1.31327
518.02999,1.40682
515.99051,1.69950
513.95102,1.45584
511.91153,1.32203
509.87204,1.36629
507.83255,1.52285
505.79307,1.38820
503.75358,1.18210
501.71409,1.05115
499.67460,0.98682
