3997.39681,0.40953
3995.35732,0.40923
3993.31783,0.40871
3991.27835,0.40827
3989.23886,0.40782
3987.19937,0.40744
3985.15988,0.40721
3983.12039,0.40641
3981.08091,0.40484
3979.04142,0.40364
3977.00193,0.40310
3974.96244,0.40220
3972.92295,0.40071
3970.88346,0.39943
3968.84398,0.39852
3966.80449,0.39728
3964.76500,0.39550
3962.72551,0.39377
3960.68602,0.39275
3958.64654,0.39209
3956.60705,0.39062
3954.56756,0.38861
3952.52807,0.38748
3950.48858,0.38712
3948.44909,0.38633
3946.40961,0.38515
3944.37012,0.38431
3942.33063,0.38341
3940.29114,0.38154
3938.25165,0.37922
3936.21217,0.37793
3934.17268,0.37768
3932.13319,0.37686
3930.09370,0.37489
3928.05421,0.37278
3926.01473,0.37096
3923.97524,0.36898
3921.93575,0.36723
3919.89626,0.36586
3917.85677,0.36363
3915.81728,0.36032
3913.77780,0.35727
3911.73831,0.35523
3909.69882,0.35397
3907.65933,0.35319
3905.61984,0.35245
3903.58036,0.35139
3901.54087,0.34982
3899.50138,0.34769
3897.46189,0.34579
3895.42240,0.34486
3893.38291,0.34437
3891.34343,0.34341
3889.30394,0.34222
3887.26445,0.34143
3885.22496,0.34039
3883.18547,0.33867
3881.14599,0.33687
3879.10650,0.33552
3877.06701,0.33526
3875.02752,0.33609
3872.98803,0.33696
3870.94854,0.33662
3868.90906,0.33482
3866.86957,0.33330
3864.83008,0.33324
3862.79059,0.33378
3860.75110,0.33411
3858.71162,0.33449
3856.67213,0.33503
3854.63264,0.33440
3852.59315,0.33208
3850.55366,0.33052
3848.51417,0.33085
3846.47469,0.33193
3844.43520,0.33298
3842.39571,0.33351
3840.35622,0.33290
3838.31673,0.33144
3836.27725,0.33040
3834.23776,0.33007
3832.19827,0.33000
3830.15878,0.33026
3828.11929,0.33109
3826.07980,0.33239
3824.04032,0.33350
3822.00083,0.33369
3819.96134,0.33305
3817.92185,0.33237
3815.88236,0.33219
3813.84288,0.33259
3811.80339,0.33347
3809.76390,0.33464
3807.72441,0.33584
3805.68492,0.33699
3803.64543,0.33823
3801.60595,0.33904
3799.56646,0.33936
3797.52697,0.33985
3795.48748,0.34059
3793.44799,0.34186
3791.40851,0.34378
3789.36902,0.34578
3787.32953,0.34750
3785.29004,0.34882
3783.25055,0.34989
3781.21107,0.35085
3779.17158,0.35187
3777.13209,0.35354
3775.09260,0.35581
3773.05311,0.35804
3771.01362,0.36006
3768.97414,0.36204
3766.93465,0.36411
3764.89516,0.36627
3762.85567,0.36858
3760.81618,0.37117
3758.77670,0.37392
3756.73721,0.37652
3754.69772,0.37898
3752.65823,0.38140
3750.61874,0.38418
3748.57925,0.38775
3746.53977,0.39152
3744.50028,0.39465
3742.46079,0.39739
3740.42130,0.40072
3738.38181,0.40417
3736.34233,0.40617
3734.30284,0.40666
3732.26335,0.40836
3730.22386,0.41309
3728.18437,0.41935
3726.14488,0.42479
3724.10540,0.42903
3722.06591,0.43302
3720.02642,0.43712
3717.98693,0.44131
3715.94744,0.44577
3713.90796,0.45096
3711.86847,0.45713
3709.82898,0.46389
3707.78949,0.47094
3705.75000,0.47817
3703.71051,0.48579
3701.67103,0.49452
3699.63154,0.50422
3697.59205,0.51426
3695.55256,0.52448
3693.51307,0.53485
3691.47359,0.54618
3689.43410,0.55960
3687.39461,0.57445
3685.35512,0.58923
3683.31563,0.60455
3681.27614,0.62152
3679.23666,0.63994
3677.19717,0.66021
3675.15768,0.68290
3673.11819,0.70588
3671.07870,0.72900
3669.03922,0.75271
3666.99973,0.77463
3664.96024,0.79585
3662.92075,0.81902
3660.88126,0.84444
3658.84177,0.87165
3656.80229,0.90008
3654.76280,0.92679
3652.72331,0.95063
3650.68382,0.97724
3648.64433,1.00884
3646.60485,1.03688
3644.56536,1.05865
3642.52587,1.08116
3640.48638,1.10639
3638.44689,1.13129
3636.40741,1.15519
3634.36792,1.17876
3632.32843,1.20337
3630.28894,1.23038
3628.24945,1.25611
3626.20996,1.27659
3624.17048,1.29666
3622.13099,1.32108
3620.09150,1.34710
3618.05201,1.36838
3616.01252,1.38456
3613.97304,1.40272
3611.93355,1.42507
3609.89406,1.44739
3607.85457,1.46872
3605.81508,1.48918
3603.77559,1.50612
3601.73611,1.51833
3599.69662,1.52850
3597.65713,1.54425
3595.61764,1.57065
3593.57815,1.59930
3591.53867,1.61531
3589.49918,1.61952
3587.45969,1.62728
3585.42020,1.64132
3583.38071,1.65099
3581.34122,1.65731
3579.30174,1.66696
3577.26225,1.67737
3575.22276,1.68664
3573.18327,1.69701
3571.14378,1.70683
3569.10430,1.72060
3567.06481,1.73989
3565.02532,1.74722
3562.98583,1.73868
3560.94634,1.72821
3558.90685,1.72403
3556.86737,1.73039
3554.82788,1.74176
3552.78839,1.74446
3550.74890,1.74010
3548.70941,1.74430
3546.66993,1.75877
3544.63044,1.77146
3542.59095,1.78163
3540.55146,1.79458
3538.51197,1.80194
3536.47248,1.79641
3534.43300,1.78818
3532.39351,1.78475
3530.35402,1.77797
3528.31453,1.77277
3526.27504,1.78441
3524.23556,1.80160
3522.19607,1.80525
3520.15658,1.79648
3518.11709,1.78159
3516.07760,1.76754
3514.03811,1.76380
3511.99863,1.77243
3509.95914,1.78881
3507.91965,1.80268
3505.88016,1.80032
3503.84067,1.78971
3501.80119,1.78711
3499.76170,1.78739
3497.72221,1.78612
3495.68272,1.78707
3493.64323,1.78670
3491.60375,1.78430
3489.56426,1.78575
3487.52477,1.79547
3485.48528,1.80992
3483.44579,1.81369
3481.40630,1.80124
3479.36682,1.78015
3477.32733,1.76022
3475.28784,1.76059
3473.24835,1.78148
3471.20886,1.79008
3469.16938,1.78113
3467.12989,1.78033
3465.09040,1.78777
3463.05091,1.79073
3461.01142,1.78910
3458.97193,1.79074
3456.93245,1.79875
3454.89296,1.80668
3452.85347,1.80372
3450.81398,1.78404
3448.77449,1.76137
3446.73501,1.75247
3444.69552,1.75823
3442.65603,1.76866
3440.61654,1.77767
3438.57705,1.78710
3436.53756,1.79271
3434.49808,1.78591
3432.45859,1.77015
3430.41910,1.75725
3428.37961,1.75473
3426.34012,1.76235
3424.30064,1.77332
3422.26115,1.77774
3420.22166,1.77187
3418.18217,1.76548
3416.14268,1.76676
3414.10319,1.76673
3412.06371,1.75543
3410.02422,1.74313
3407.98473,1.74659
3405.94524,1.75876
3403.90575,1.75885
3401.86627,1.75121
3399.82678,1.75426
3397.78729,1.76402
3395.74780,1.76546
3393.70831,1.76462
3391.66882,1.77034
3389.62934,1.77023
3387.58985,1.75842
3385.55036,1.74578
3383.51087,1.73942
3381.47138,1.73966
3379.43190,1.74049
3377.39241,1.73811
3375.35292,1.73553
3373.31343,1.73599
3371.27394,1.73930
3369.23446,1.73626
3367.19497,1.72502
3365.15548,1.72201
3363.11599,1.72860
3361.07650,1.73107
3359.03701,1.73204
3356.99753,1.73994
3354.95804,1.74672
3352.91855,1.74296
3350.87906,1.73762
3348.83957,1.73915
3346.80009,1.73803
3344.76060,1.72628
3342.72111,1.71434
3340.68162,1.70948
3338.64213,1.70730
3336.60264,1.70848
3334.56316,1.71503
3332.52367,1.72141
3330.48418,1.72522
3328.44469,1.72602
3326.40520,1.72604
3324.36572,1.73305
3322.32623,1.74154
3320.28674,1.74011
3318.24725,1.73340
3316.20776,1.72690
3314.16827,1.71891
3312.12879,1.71472
3310.08930,1.71822
3308.04981,1.72203
3306.01032,1.71857
3303.97083,1.70641
3301.93135,1.69452
3299.89186,1.69474
3297.85237,1.70688
3295.81288,1.71776
3293.77339,1.71334
3291.73390,1.69981
3289.69442,1.69171
3287.65493,1.69541
3285.61544,1.70575
3283.57595,1.70912
3281.53646,1.70420
3279.49698,1.70125
3277.45749,1.69991
3275.41800,1.69146
3273.37851,1.67978
3271.33902,1.67733
3269.29953,1.68575
3267.26005,1.69711
3265.22056,1.69976
3263.18107,1.69233
3261.14158,1.68598
3259.10209,1.68161
3257.06261,1.67227
3255.02312,1.65825
3252.98363,1.64994
3250.94414,1.65685
3248.90465,1.67343
3246.86516,1.68729
3244.82568,1.69333
3242.78619,1.69247
3240.74670,1.68703
3238.70721,1.68076
3236.66772,1.67734
3234.62824,1.67714
3232.58875,1.67616
3230.54926,1.67230
3228.50977,1.67147
3226.47028,1.67758
3224.43080,1.68204
3222.39131,1.67647
3220.35182,1.67009
3218.31233,1.67181
3216.27284,1.67487
3214.23335,1.67353
3212.19387,1.66865
3210.15438,1.66353
3208.11489,1.66220
3206.07540,1.66242
3204.03591,1.65716
3201.99643,1.64851
3199.95694,1.64624
3197.91745,1.65419
3195.87796,1.66353
3193.83847,1.66358
3191.79898,1.65863
3189.75950,1.65535
3187.72001,1.65389
3185.68052,1.65500
3183.64103,1.65647
3181.60154,1.65562
3179.56206,1.65534
3177.52257,1.65791
3175.48308,1.65905
3173.44359,1.65462
3171.40410,1.64884
3169.36461,1.64848
3167.32513,1.65218
3165.28564,1.65208
3163.24615,1.64682
3161.20666,1.64019
3159.16717,1.63396
3157.12769,1.63225
3155.08820,1.63834
3153.04871,1.64306
3151.00922,1.63796
3148.96973,1.63388
3146.93024,1.63776
3144.89076,1.63884
3142.85127,1.63130
3140.81178,1.62290
3138.77229,1.61997
3136.73280,1.62012
3134.69332,1.62024
3132.65383,1.62141
3130.61434,1.62384
3128.57485,1.62707
3126.53536,1.63292
3124.49587,1.63544
3122.45639,1.62610
3120.41690,1.61370
3118.37741,1.60954
3116.33792,1.60958
3114.29843,1.60832
3112.25895,1.60696
3110.21946,1.60447
3108.17997,1.59801
3106.14048,1.59060
3104.10099,1.58519
3102.06150,1.58043
3100.02202,1.57843
3097.98253,1.58057
3095.94304,1.58384
3093.90355,1.58615
3091.86406,1.58335
3089.82458,1.57453
3087.78509,1.56518
3085.74560,1.55920
3083.70611,1.55706
3081.66662,1.55456
3079.62714,1.55068
3077.58765,1.54768
3075.54816,1.54308
3073.50867,1.53835
3071.46918,1.53889
3069.42969,1.54214
3067.39021,1.54048
3065.35072,1.53252
3063.31123,1.52204
3061.27174,1.51156
3059.23225,1.50527
3057.19277,1.50501
3055.15328,1.50466
3053.11379,1.50046
3051.07430,1.49515
3049.03481,1.48982
3046.99532,1.48538
3044.95584,1.48344
3042.91635,1.48051
3040.87686,1.47446
3038.83737,1.47082
3036.79788,1.46950
3034.75840,1.46415
3032.71891,1.45563
3030.67942,1.44776
3028.63993,1.44370
3026.60044,1.44391
3024.56095,1.44401
3022.52147,1.44032
3020.48198,1.43226
3018.44249,1.42353
3016.40300,1.41738
3014.36351,1.41447
3012.32403,1.41502
3010.28454,1.41720
3008.24505,1.41978
3006.20556,1.42055
3004.16607,1.41865
3002.12658,1.41869
3000.08710,1.42184
2998.04761,1.42518
2996.00812,1.42896
2993.96863,1.43374
2991.92914,1.43761
2989.88966,1.44167
2987.85017,1.44799
2985.81068,1.45571
2983.77119,1.46226
2981.73170,1.46824
2979.69221,1.47720
2977.65273,1.48919
2975.61324,1.50209
2973.57375,1.51435
2971.53426,1.52469
2969.49477,1.53303
2967.45529,1.53995
2965.41580,1.54535
2963.37631,1.55113
2961.33682,1.55832
2959.29733,1.56433
2957.25784,1.57399
2955.21836,1.58990
2953.17887,1.60220
2951.13938,1.60892
2949.09989,1.61592
2947.06040,1.62207
2945.02092,1.62686
2942.98143,1.63192
2940.94194,1.63604
2938.90245,1.63907
2936.86296,1.64287
2934.82348,1.64582
2932.78399,1.63986
2930.74450,1.63049
2928.70501,1.63105
2926.66552,1.63405
2924.62603,1.62676
2922.58655,1.61603
2920.54706,1.61046
2918.50757,1.60694
2916.46808,1.60368
2914.42859,1.60166
2912.38911,1.59917
2910.34962,1.59481
2908.31013,1.58931
2906.27064,1.58282
2904.23115,1.57900
2902.19166,1.58094
2900.15218,1.58279
2898.11269,1.58156
2896.07320,1.58032
2894.03371,1.57767
2891.99422,1.57083
2889.95474,1.56113
2887.91525,1.55250
2885.87576,1.54724
2883.83627,1.54335
2881.79678,1.53693
2879.75729,1.52957
2877.71781,1.52472
2875.67832,1.51956
2873.63883,1.50954
2871.59934,1.49620
2869.55985,1.48541
2867.52037,1.47845
2865.48088,1.47078
2863.44139,1.45843
2861.40190,1.44465
2859.36241,1.43718
2857.32292,1.43627
2855.28344,1.43441
2853.24395,1.42925
2851.20446,1.42183
2849.16497,1.41080
2847.12548,1.39752
2845.08600,1.38621
2843.04651,1.37966
2841.00702,1.37587
2838.96753,1.37085
2836.92804,1.36073
2834.88855,1.34532
2832.84907,1.33325
2830.80958,1.32810
2828.77009,1.32376
2826.73060,1.31809
2824.69111,1.31235
2822.65163,1.30644
2820.61214,1.30036
2818.57265,1.29394
2816.53316,1.28820
2814.49367,1.28179
2812.45418,1.27344
2810.41470,1.26706
2808.37521,1.26348
2806.33572,1.26020
2804.29623,1.25577
2802.25674,1.25092
2800.21726,1.24689
2798.17777,1.24307
2796.13828,1.24007
2794.09879,1.23646
2792.05930,1.23166
2790.01982,1.22832
2787.98033,1.22628
2785.94084,1.22389
2783.90135,1.21998
2781.86186,1.21564
2779.82237,1.21303
2777.78289,1.21232
2775.74340,1.21205
2773.70391,1.21076
2771.66442,1.20980
2769.62493,1.21020
2767.58545,1.20892
2765.54596,1.20486
2763.50647,1.20206
2761.46698,1.20249
2759.42749,1.20238
2757.38800,1.19937
2755.34852,1.19663
2753.30903,1.19511
2751.26954,1.19232
2749.23005,1.18958
2747.19056,1.18868
2745.15108,1.18768
2743.11159,1.18564
2741.07210,1.18353
2739.03261,1.18088
2736.99312,1.17739
2734.95363,1.17439
2732.91415,1.17166
2730.87466,1.16887
2728.83517,1.16716
2726.79568,1.16508
2724.75619,1.16095
2722.71671,1.15661
2720.67722,1.15283
2718.63773,1.14875
2716.59824,1.14524
2714.55875,1.14293
2712.51926,1.13989
2710.47978,1.13363
2708.44029,1.12545
2706.40080,1.11917
2704.36131,1.11550
2702.32182,1.11258
2700.28234,1.10997
2698.24285,1.10799
2696.20336,1.10424
2694.16387,1.09768
2692.12438,1.09291
2690.08489,1.09060
2688.04541,1.08652
2686.00592,1.08173
2683.96643,1.07850
2681.92694,1.07475
2679.88745,1.06992
2677.84797,1.06595
2675.80848,1.06337
2673.76899,1.06108
2671.72950,1.05732
2669.69001,1.05183
2667.65052,1.04689
2665.61104,1.04327
2663.57155,1.03921
2661.53206,1.03429
2659.49257,1.02913
2657.45308,1.02323
2655.41360,1.01698
2653.37411,1.01198
2651.33462,1.00774
2649.29513,1.00303
2647.25564,0.99800
2645.21616,0.99216
2643.17667,0.98620
2641.13718,0.98178
2639.09769,0.97818
2637.05820,0.97324
2635.01871,0.96637
2632.97923,0.95930
2630.93974,0.95314
2628.90025,0.94845
2626.86076,0.94514
2624.82127,0.94147
2622.78179,0.93668
2620.74230,0.93154
2618.70281,0.92713
2616.66332,0.92321
2614.62383,0.91921
2612.58434,0.91623
2610.54486,0.91438
2608.50537,0.91263
2606.46588,0.91000
2604.42639,0.90636
2602.38690,0.90361
2600.34742,0.90260
2598.30793,0.90193
2596.26844,0.90020
2594.22895,0.89763
2592.18946,0.89555
2590.14997,0.89409
2588.11049,0.89214
2586.07100,0.88942
2584.03151,0.88646
2581.99202,0.88388
2579.95253,0.88193
2577.91305,0.87955
2575.87356,0.87592
2573.83407,0.87171
2571.79458,0.86775
2569.75509,0.86443
2567.71560,0.86188
2565.67612,0.85951
2563.63663,0.85648
2561.59714,0.85285
2559.55765,0.84890
2557.51816,0.84452
2555.47868,0.84018
2553.43919,0.83657
2551.39970,0.83322
2549.36021,0.82942
2547.32072,0.82538
2545.28123,0.82103
2543.24175,0.81632
2541.20226,0.81166
2539.16277,0.80756
2537.12328,0.80445
2535.08379,0.80157
2533.04431,0.79826
2531.00482,0.79518
2528.96533,0.79224
2526.92584,0.78904
2524.88635,0.78612
2522.84686,0.78365
2520.80738,0.78104
2518.76789,0.77831
2516.72840,0.77602
2514.68891,0.77383
2512.64942,0.77149
2510.60994,0.76907
2508.57045,0.76611
2506.53096,0.76323
2504.49147,0.76123
2502.45198,0.75963
2500.41250,0.75795
2498.37301,0.75626
2496.33352,0.75467
2494.29403,0.75270
2492.25454,0.75030
2490.21505,0.74780
2488.17557,0.74497
2486.13608,0.74202
2484.09659,0.73951
2482.05710,0.73724
2480.01761,0.73466
2477.97813,0.73188
2475.93864,0.72902
2473.89915,0.72565
2471.85966,0.72170
2469.82017,0.71793
2467.78068,0.71509
2465.74120,0.71249
2463.70171,0.70865
2461.66222,0.70400
2459.62273,0.70020
2457.58324,0.69691
2455.54376,0.69322
2453.50427,0.68957
2451.46478,0.68577
2449.42529,0.68133
2447.38580,0.67698
2445.34631,0.67298
2443.30683,0.66884
2441.26734,0.66472
2439.22785,0.66095
2437.18836,0.65709
2435.14887,0.65270
2433.10939,0.64844
2431.06990,0.64449
2429.03041,0.64023
2426.99092,0.63583
2424.95143,0.63199
2422.91194,0.62871
2420.87246,0.62551
2418.83297,0.62236
2416.79348,0.61919
2414.75399,0.61578
2412.71450,0.61229
2410.67502,0.60888
2408.63553,0.60576
2406.59604,0.60303
2404.55655,0.60055
2402.51706,0.59827
2400.47757,0.59632
2398.43809,0.59462
2396.39860,0.59265
2394.35911,0.59031
2392.31962,0.58826
2390.28013,0.58684
2388.24065,0.58577
2386.20116,0.58509
2384.16167,0.58506
2382.12218,0.58546
2380.08269,0.58592
2378.04320,0.58638
2376.00372,0.58672
2373.96423,0.58683
2371.92474,0.58706
2369.88525,0.58776
2367.84576,0.58883
2365.80628,0.58953
2363.76679,0.58854
2361.72730,0.58572
2359.68781,0.58240
2357.64832,0.57959
2355.60884,0.57685
2353.56935,0.57447
2351.52986,0.57427
2349.49037,0.57448
2347.45088,0.57177
2345.41139,0.56767
2343.37191,0.56576
2341.33242,0.56548
2339.29293,0.56446
2337.25344,0.56191
2335.21395,0.55888
2333.17447,0.55705
2331.13498,0.55657
2329.09549,0.55617
2327.05600,0.55506
2325.01651,0.55325
2322.97702,0.55096
2320.93754,0.54874
2318.89805,0.54711
2316.85856,0.54563
2314.81907,0.54375
2312.77958,0.54208
2310.74010,0.54093
2308.70061,0.53959
2306.66112,0.53809
2304.62163,0.53706
2302.58214,0.53627
2300.54265,0.53518
2298.50317,0.53397
2296.46368,0.53307
2294.42419,0.53263
2292.38470,0.53260
2290.34521,0.53262
2288.30573,0.53245
2286.26624,0.53228
2284.22675,0.53222
2282.18726,0.53219
2280.14777,0.53233
2278.10828,0.53296
2276.06880,0.53410
2274.02931,0.53531
2271.98982,0.53630
2269.95033,0.53710
2267.91084,0.53785
2265.87136,0.53875
2263.83187,0.53990
2261.79238,0.54085
2259.75289,0.54111
2257.71340,0.54113
2255.67391,0.54172
2253.63443,0.54268
2251.59494,0.54353
2249.55545,0.54438
2247.51596,0.54521
2245.47647,0.54590
2243.43699,0.54671
2241.39750,0.54773
2239.35801,0.54876
2237.31852,0.54968
2235.27903,0.55064
2233.23954,0.55152
2231.20006,0.55211
2229.16057,0.55295
2227.12108,0.55452
2225.08159,0.55631
2223.04210,0.55797
2221.00262,0.55968
2218.96313,0.56152
2216.92364,0.56325
2214.88415,0.56495
2212.84466,0.56704
2210.80518,0.56964
2208.76569,0.57235
2206.72620,0.57444
2204.68671,0.57615
2202.64722,0.57813
2200.60773,0.57995
2198.56825,0.58150
2196.52876,0.58330
2194.48927,0.58552
2192.44978,0.58777
2190.41029,0.58971
2188.37081,0.59167
2186.33132,0.59415
2184.29183,0.59653
2182.25234,0.59839
2180.21285,0.60070
2178.17336,0.60373
2176.13388,0.60682
2174.09439,0.60990
2172.05490,0.61297
2170.01541,0.61578
2167.97592,0.61829
2165.93644,0.62051
2163.89695,0.62206
2161.85746,0.62303
2159.81797,0.62400
2157.77848,0.62496
2155.73899,0.62567
2153.69951,0.62627
2151.66002,0.62691
2149.62053,0.62724
2147.58104,0.62710
2145.54155,0.62669
2143.50207,0.62606
2141.46258,0.62552
2139.42309,0.62507
2137.38360,0.62431
2135.34411,0.62347
2133.30462,0.62283
2131.26514,0.62237
2129.22565,0.62206
2127.18616,0.62157
2125.14667,0.62081
2123.10718,0.62007
2121.06770,0.61928
2119.02821,0.61855
2116.98872,0.61833
2114.94923,0.61817
2112.90974,0.61795
2110.87025,0.61813
2108.83077,0.61827
2106.79128,0.61801
2104.75179,0.61799
2102.71230,0.61836
2100.67281,0.61853
2098.63333,0.61872
2096.59384,0.61926
2094.55435,0.61968
2092.51486,0.61985
2090.47537,0.61998
2088.43588,0.61982
2086.39640,0.61948
2084.35691,0.61931
2082.31742,0.61930
2080.27793,0.61952
2078.23844,0.61964
2076.19896,0.61922
2074.15947,0.61860
2072.11998,0.61823
2070.08049,0.61822
2068.04100,0.61844
2066.00152,0.61845
2063.96203,0.61793
2061.92254,0.61730
2059.88305,0.61694
2057.84356,0.61670
2055.80407,0.61624
2053.76459,0.61543
2051.72510,0.61432
2049.68561,0.61301
2047.64612,0.61137
2045.60663,0.60930
2043.56715,0.60697
2041.52766,0.60431
2039.48817,0.60094
2037.44868,0.59713
2035.40919,0.59374
2033.36970,0.59072
2031.33022,0.58730
2029.29073,0.58335
2027.25124,0.57938
2025.21175,0.57568
2023.17226,0.57228
2021.13278,0.56926
2019.09329,0.56629
2017.05380,0.56271
2015.01431,0.55864
2012.97482,0.55468
2010.93533,0.55095
2008.89585,0.54770
2006.85636,0.54516
2004.81687,0.54302
2002.77738,0.54092
2000.73789,0.53901
1998.69841,0.53760
1996.65892,0.53665
1994.61943,0.53622
1992.57994,0.53582
1990.54045,0.53459
1988.50096,0.53292
1986.46148,0.53152
1984.42199,0.53064
1982.38250,0.53026
1980.34301,0.52990
1978.30352,0.52930
1976.26404,0.52866
1974.22455,0.52808
1972.18506,0.52764
1970.14557,0.52784
1968.10608,0.52871
1966.06659,0.52921
1964.02711,0.52886
1961.98762,0.52838
1959.94813,0.52808
1957.90864,0.52774
1955.86915,0.52752
1953.82967,0.52766
1951.79018,0.52813
1949.75069,0.52870
1947.71120,0.52930
1945.67171,0.53015
1943.63222,0.53086
1941.59274,0.53019
1939.55325,0.52848
1937.51376,0.52722
1935.47427,0.52657
1933.43478,0.52596
1931.39530,0.52509
1929.35581,0.52408
1927.31632,0.52345
1925.27683,0.52368
1923.23734,0.52417
1921.19786,0.52404
1919.15837,0.52373
1917.11888,0.52321
1915.07939,0.52213
1913.03990,0.52113
1911.00041,0.52042
1908.96093,0.51941
1906.92144,0.51787
1904.88195,0.51624
1902.84246,0.51483
1900.80297,0.51385
1898.76349,0.51373
1896.72400,0.51426
1894.68451,0.51463
1892.64502,0.51512
1890.60553,0.51604
1888.56604,0.51624
1886.52656,0.51572
1884.48707,0.51584
1882.44758,0.51664
1880.40809,0.51763
1878.36860,0.51864
1876.32912,0.51954
1874.28963,0.52044
1872.25014,0.52184
1870.21065,0.52334
1868.17116,0.52301
1866.13167,0.52061
1864.09219,0.51835
1862.05270,0.51712
1860.01321,0.51623
1857.97372,0.51522
1855.93423,0.51426
1853.89475,0.51342
1851.85526,0.51255
1849.81577,0.51206
1847.77628,0.51257
1845.73679,0.51343
1843.69730,0.51277
1841.65782,0.51033
1839.61833,0.50823
1837.57884,0.50740
1835.53935,0.50732
1833.49986,0.50801
1831.46038,0.50964
1829.42089,0.51123
1827.38140,0.51208
1825.34191,0.51247
1823.30242,0.51257
1821.26293,0.51296
1819.22345,0.51416
1817.18396,0.51582
1815.14447,0.51763
1813.10498,0.51988
1811.06549,0.52221
1809.02601,0.52372
1806.98652,0.52498
1804.94703,0.52751
1802.90754,0.53125
1800.86805,0.53428
1798.82856,0.53596
1796.78908,0.53838
1794.74959,0.54291
1792.71010,0.54770
1790.67061,0.55007
1788.63112,0.55092
1786.59164,0.55264
1784.55215,0.55539
1782.51266,0.55829
1780.47317,0.56114
1778.43368,0.56416
1776.39420,0.56789
1774.35471,0.57296
1772.31522,0.57863
1770.27573,0.58271
1768.23624,0.58494
1766.19675,0.58729
1764.15727,0.59129
1762.11778,0.59649
1760.07829,0.60135
1758.03880,0.60573
1755.99931,0.61057
1753.95983,0.61675
1751.92034,0.62486
1749.88085,0.63360
1747.84136,0.64095
1745.80187,0.64768
1743.76238,0.65531
1741.72290,0.66357
1739.68341,0.67155
1737.64392,0.67935
1735.60443,0.68841
1733.56494,0.69848
1731.52546,0.70686
1729.48597,0.71420
1727.44648,0.72302
1725.40699,0.73410
1723.36750,0.74646
1721.32801,0.75914
1719.28853,0.77437
1717.24904,0.79341
1715.20955,0.81138
1713.17006,0.82604
1711.13057,0.84126
1709.09109,0.85998
1707.05160,0.88240
1705.01211,0.90633
1702.97262,0.92968
1700.93313,0.95617
1698.89364,0.98742
1696.85416,1.01870
1694.81467,1.04970
1692.77518,1.07897
1690.73569,1.10755
1688.69620,1.13696
1686.65672,1.16690
1684.61723,1.20063
1682.57774,1.23285
1680.53825,1.25557
1678.49876,1.27500
1676.45927,1.29733
1674.41979,1.32124
1672.38030,1.34358
1670.34081,1.36651
1668.30132,1.39158
1666.26183,1.41363
1664.22235,1.42974
1662.18286,1.44161
1660.14337,1.45175
1658.10388,1.46247
1656.06439,1.47429
1654.02490,1.48680
1651.98542,1.49892
1649.94593,1.50707
1647.90644,1.50785
1645.86695,1.50432
1643.82746,1.50428
1641.78798,1.50853
1639.74849,1.51171
1637.70900,1.50698
1635.66951,1.49419
1633.63002,1.48393
1631.59054,1.47745
1629.55105,1.46754
1627.51156,1.45529
1625.47207,1.44538
1623.43258,1.43705
1621.39309,1.42734
1619.35361,1.41722
1617.31412,1.40815
1615.27463,1.39895
1613.23514,1.38946
1611.19565,1.38074
1609.15617,1.37276
1607.11668,1.36477
1605.07719,1.35841
1603.03770,1.35557
1600.99821,1.35459
1598.95872,1.35299
1596.91924,1.35086
1594.87975,1.34890
1592.84026,1.34718
1590.80077,1.34715
1588.76128,1.34953
1586.72180,1.35195
1584.68231,1.35291
1582.64282,1.35370
1580.60333,1.35434
1578.56384,1.35394
1576.52435,1.35496
1574.48487,1.35997
1572.44538,1.36495
1570.40589,1.36572
1568.36640,1.36456
1566.32691,1.36470
1564.28743,1.36497
1562.24794,1.36230
1560.20845,1.35212
1558.16896,1.33647
1556.12947,1.32702
1554.08998,1.32105
1552.05050,1.31161
1550.01101,1.30010
1547.97152,1.29208
1545.93203,1.28894
1543.89254,1.28628
1541.85306,1.27824
1539.81357,1.26404
1537.77408,1.25234
1535.73459,1.24450
1533.69510,1.23508
1531.65561,1.22559
1529.61613,1.21978
1527.57664,1.21631
1525.53715,1.21279
1523.49766,1.20859
1521.45817,1.20552
1519.41869,1.20512
1517.37920,1.20471
1515.33971,1.20177
1513.30022,1.19719
1511.26073,1.19205
1509.22124,1.18617
1507.18176,1.18054
1505.14227,1.17906
1503.10278,1.18198
1501.06329,1.18607
1499.02380,1.19030
1496.98432,1.19490
1494.94483,1.20025
1492.90534,1.20718
1490.86585,1.21696
1488.82636,1.22994
1486.78688,1.24503
1484.74739,1.26240
1482.70790,1.28274
1480.66841,1.30583
1478.62892,1.33100
1476.58943,1.35883
1474.54995,1.39241
1472.51046,1.43616
1470.47097,1.48487
1468.43148,1.52756
1466.39199,1.56212
1464.35251,1.58885
1462.31302,1.60618
1460.27353,1.61145
1458.23404,1.60586
1456.19455,1.59988
1454.15506,1.59949
1452.11558,1.59898
1450.07609,1.59830
1448.03660,1.60201
1445.99711,1.60976
1443.95762,1.61777
1441.91814,1.62365
1439.87865,1.62709
1437.83916,1.63060
1435.79967,1.63708
1433.76018,1.64463
1431.72069,1.64860
1429.68121,1.64815
1427.64172,1.64967
1425.60223,1.65934
1423.56274,1.67263
1421.52325,1.67868
1419.48377,1.67725
1417.44428,1.67632
1415.40479,1.67639
1413.36530,1.67456
1411.32581,1.67104
1409.28632,1.66614
1407.24684,1.65894
1405.20735,1.65229
1403.16786,1.65285
1401.12837,1.65811
1399.08888,1.65612
1397.04940,1.64637
1395.00991,1.64158
1392.97042,1.64554
1390.93093,1.65226
1388.89144,1.65810
1386.85195,1.66007
1384.81247,1.65775
1382.77298,1.65764
1380.73349,1.66421
1378.69400,1.67373
1376.65451,1.67873
1374.61503,1.67885
1372.57554,1.68071
1370.53605,1.68474
1368.49656,1.68570
1366.45707,1.68473
1364.41758,1.68727
1362.37810,1.69042
1360.33861,1.68909
1358.29912,1.68737
1356.25963,1.68889
1354.22014,1.69177
1352.18066,1.69310
1350.14117,1.69396
1348.10168,1.69918
1346.06219,1.70800
1344.02270,1.71385
1341.98322,1.71348
1339.94373,1.70700
1337.90424,1.69674
1335.86475,1.68610
1333.82526,1.67496
1331.78577,1.66503
1329.74629,1.65914
1327.70680,1.65515
1325.66731,1.64741
1323.62782,1.63394
1321.58833,1.62241
1319.54885,1.61840
1317.50936,1.61833
1315.46987,1.61791
1313.43038,1.61354
1311.39089,1.60554
1309.35140,1.59782
1307.31192,1.59091
1305.27243,1.58312
1303.23294,1.57619
1301.19345,1.57335
1299.15396,1.57259
1297.11448,1.56951
1295.07499,1.56430
1293.03550,1.55905
1290.99601,1.55303
1288.95652,1.54190
1286.91703,1.52614
1284.87755,1.51409
1282.83806,1.50540
1280.79857,1.49329
1278.75908,1.48185
1276.71959,1.47822
1274.68011,1.47900
1272.64062,1.47835
1270.60113,1.47783
1268.56164,1.47991
1266.52215,1.48355
1264.48266,1.48680
1262.44318,1.48872
1260.40369,1.49009
1258.36420,1.48879
1256.32471,1.48545
1254.28522,1.48846
1252.24574,1.50034
1250.20625,1.51358
1248.16676,1.52282
1246.12727,1.52985
1244.08778,1.53560
1242.04829,1.53731
1240.00881,1.53371
1237.96932,1.52478
1235.92983,1.51297
1233.89034,1.50102
1231.85085,1.48761
1229.81137,1.47137
1227.77188,1.45522
1225.73239,1.44270
1223.69290,1.43412
1221.65341,1.43133
1219.61392,1.43681
1217.57444,1.44830
1215.53495,1.46113
1213.49546,1.47339
1211.45597,1.48345
1209.41648,1.48971
1207.37700,1.49808
1205.33751,1.50796
1203.29802,1.50991
1201.25853,1.50655
1199.21904,1.50223
1197.17956,1.49244
1195.14007,1.47779
1193.10058,1.46541
1191.06109,1.46196
1189.02160,1.46982
1186.98211,1.48504
1184.94263,1.50771
1182.90314,1.54130
1180.86365,1.58719
1178.82416,1.64673
1176.78467,1.71601
1174.74519,1.79222
1172.70570,1.87432
1170.66621,1.95113
1168.62672,2.00444
1166.58723,2.03038
1164.54774,2.03128
1162.50826,2.00003
1160.46877,1.94713
1158.42928,1.89336
1156.38979,1.85010
1154.35030,1.82059
1152.31082,1.80274
1150.27133,1.79211
1148.23184,1.78236
1146.19235,1.76761
1144.15286,1.75573
1142.11337,1.75692
1140.07389,1.77187
1138.03440,1.80006
1135.99491,1.82759
1133.95542,1.83542
1131.91593,1.82682
1129.87645,1.82129
1127.83696,1.82621
1125.79747,1.83024
1123.75798,1.83292
1121.71849,1.83508
1119.67900,1.82986
1117.63952,1.82304
1115.60003,1.81923
1113.56054,1.82586
1111.52105,1.84414
1109.48156,1.84694
1107.44208,1.82798
1105.40259,1.81141
1103.36310,1.80748
1101.32361,1.80784
1099.28412,1.80373
1097.24463,1.80445
1095.20515,1.82022
1093.16566,1.84633
1091.12617,1.86290
1089.08668,1.85961
1087.04719,1.85052
1085.00771,1.84425
1082.96822,1.83553
1080.92873,1.81103
1078.88924,1.77712
1076.84975,1.75543
1074.81027,1.75101
1072.77078,1.75838
1070.73129,1.78230
1068.69180,1.82164
1066.65231,1.85512
1064.61282,1.86247
1062.57334,1.85436
1060.53385,1.84106
1058.49436,1.81424
1056.45487,1.78056
1054.41538,1.74517
1052.37590,1.70351
1050.33641,1.66314
1048.29692,1.63779
1046.25743,1.62580
1044.21794,1.61825
1042.17845,1.61311
1040.13897,1.60909
1038.09948,1.60779
1036.05999,1.60940
1034.02050,1.60672
1031.98101,1.59807
1029.94153,1.58299
1027.90204,1.56047
1025.86255,1.54216
1023.82306,1.53560
1021.78357,1.53540
1019.74408,1.54068
1017.70460,1.54731
1015.66511,1.54498
1013.62562,1.53889
1011.58613,1.53851
1009.54664,1.53507
1007.50716,1.52425
1005.46767,1.51835
1003.42818,1.51835
1001.38869,1.51510
999.34920,1.51003
997.30971,1.50805
995.27023,1.50818
993.23074,1.50805
991.19125,1.50661
989.15176,1.50311
987.11227,1.49335
985.07279,1.47137
983.03330,1.43848
980.99381,1.39710
978.95432,1.35026
976.91483,1.30822
974.87534,1.27529
972.83586,1.24683
970.79637,1.21964
968.75688,1.19554
966.71739,1.17558
964.67790,1.15860
962.63842,1.14470
960.59893,1.13367
958.55944,1.12448
956.51995,1.11875
954.48046,1.12118
952.44097,1.13456
950.40149,1.15844
948.36200,1.19154
946.32251,1.23164
944.28302,1.27567
942.24353,1.31917
940.20405,1.35491
938.16456,1.37525
936.12507,1.38236
934.08558,1.38787
932.04609,1.39313
930.00661,1.39132
927.96712,1.38457
925.92763,1.37490
923.88814,1.35984
921.84865,1.34137
919.80916,1.31859
917.76968,1.29099
915.73019,1.26656
913.69070,1.24697
911.65121,1.22801
909.61172,1.21079
907.57224,1.19749
905.53275,1.18755
903.49326,1.18024
901.45377,1.17645
899.41428,1.17340
897.37479,1.16768
895.33531,1.16142
893.29582,1.15503
891.25633,1.14687
889.21684,1.13791
887.17735,1.13177
885.13787,1.13061
883.09838,1.13392
881.05889,1.14371
879.01940,1.16223
876.97991,1.18869
874.94042,1.22348
872.90094,1.26771
870.86145,1.31921
868.82196,1.37185
866.78247,1.41357
864.74298,1.43353
862.70350,1.43336
860.66401,1.42000
858.62452,1.40107
856.58503,1.38498
854.54554,1.37121
852.50605,1.35421
850.46657,1.33801
848.42708,1.32776
846.38759,1.32161
844.34810,1.31723
842.30861,1.31185
840.26913,1.30410
838.22964,1.29497
836.19015,1.28412
834.15066,1.27376
832.11117,1.26369
830.07168,1.25120
828.03220,1.24055
825.99271,1.23542
823.95322,1.23601
821.91373,1.24355
819.87424,1.25457
817.83476,1.26438
815.79527,1.27635
813.75578,1.29125
811.71629,1.30098
809.67680,1.30345
807.63731,1.30628
805.59783,1.31645
803.55834,1.33268
801.51885,1.34780
799.47936,1.35963
797.43987,1.37697
795.40039,1.40426
793.36090,1.42643
791.32141,1.43297
789.28192,1.43464
787.24243,1.44063
785.20295,1.45254
783.16346,1.46957
781.12397,1.48631
779.08448,1.49806
777.04499,1.50768
775.00550,1.51890
772.96602,1.53279
770.92653,1.54900
768.88704,1.55873
766.84755,1.55905
764.80806,1.56505
762.76858,1.57584
760.72909,1.57088
758.68960,1.55178
756.65011,1.53637
754.61062,1.52315
752.57113,1.50839
750.53165,1.50152
748.49216,1.50461
746.45267,1.51225
744.41318,1.51469
742.37369,1.51033
740.33421,1.51026
738.29472,1.51308
736.25523,1.51318
734.21574,1.51804
732.17625,1.53034
730.13676,1.54079
728.09728,1.54654
726.05779,1.55269
724.01830,1.56451
721.97881,1.58053
719.93932,1.59614
717.89984,1.61236
715.86035,1.63157
713.82086,1.64562
711.78137,1.64353
709.74188,1.62687
707.70239,1.60365
705.66291,1.57686
703.62342,1.55226
701.58393,1.54167
699.54444,1.54962
697.50495,1.56665
695.46547,1.57979
693.42598,1.58137
691.38649,1.57303
689.34700,1.57139
687.30751,1.58420
685.26802,1.59444
683.22854,1.59038
681.18905,1.58043
679.14956,1.57737
677.11007,1.58281
675.07058,1.58824
673.03110,1.58793
670.99161,1.58286
668.95212,1.58119
666.91263,1.59172
664.87314,1.60465
662.83365,1.61005
660.79417,1.60982
658.75468,1.60274
656.71519,1.58888
654.67570,1.58333
652.63621,1.59227
650.59673,1.59340
648.55724,1.57388
646.51775,1.55954
644.47826,1.56976
642.43877,1.59500
640.39929,1.61904
638.35980,1.62690
636.32031,1.61353
634.28082,1.59445
632.24133,1.59038
630.20184,1.60416
628.16236,1.61693
626.12287,1.60520
624.08338,1.58796
622.04389,1.60285
620.00440,1.66165
617.96492,1.74417
615.92543,1.78681
613.88594,1.77321
611.84645,1.74270
609.80696,1.69026
607.76747,1.64087
605.72799,1.62102
603.68850,1.61381
601.64901,1.61573
599.60952,1.61124
597.57003,1.61591
595.53055,1.64120
593.49106,1.65569
591.45157,1.67150
589.41208,1.73206
587.37259,1.77214
585.33310,1.69741
583.29362,1.61624
581.25413,1.60674
579.21464,1.61089
577.17515,1.54903
575.13566,1.47495
573.09618,1.46395
571.05669,1.52691
569.01720,1.60734
566.97771,1.61726
564.93822,1.60306
562.89873,1.63048
560.85925,1.62451
558.81976,1.60381
556.78027,1.60443
554.74078,1.59659
552.70129,1.53037
550.66181,1.46269
548.62232,1.44251
546.58283,1.47556
544.54334,1.51523
542.50385,1.54122
540.46436,1.61826
538.42488,1.63410
536.38539,1.52494
534.34590,1.45787
532.30641,1.42471
530.26692,1.39034
528.22744,1.39700
526.18795,1.45800
524.14846,1.48539
522.10897,1.43789
520.06948,1.34684
518.02999,1.26170
515.99051,1.24845
513.95102,1.34711
511.91153,1.44022
509.87204,1.34750
507.83255,1.25718
505.79307,1.21319
503.75358,1.08482
501.71409,0.92554
499.67460,0.80332
