3997.39681,0.39397
3995.35732,0.39437
3993.31783,0.39376
3991.27835,0.39237
3989.23886,0.39116
3987.19937,0.39075
3985.15988,0.39086
3983.12039,0.39070
3981.08091,0.38965
3979.04142,0.38817
3977.00193,0.38731
3974.96244,0.38703
3972.92295,0.38666
3970.88346,0.38617
3968.84398,0.38528
3966.80449,0.38371
3964.76500,0.38225
3962.72551,0.38135
3960.68602,0.38023
3958.64654,0.37837
3956.60705,0.37647
3954.56756,0.37520
3952.52807,0.37447
3950.48858,0.37396
3948.44909,0.37324
3946.40961,0.37193
3944.37012,0.37041
3942.33063,0.36919
3940.29114,0.36831
3938.25165,0.36752
3936.21217,0.36687
3934.17268,0.36631
3932.13319,0.36507
3930.09370,0.36275
3928.05421,0.36033
3926.01473,0.35865
3923.97524,0.35728
3921.93575,0.35583
3919.89626,0.35451
3917.85677,0.35291
3915.81728,0.35057
3913.77780,0.34807
3911.73831,0.34604
3909.69882,0.34445
3907.65933,0.34350
3905.61984,0.34333
3903.58036,0.34314
3901.54087,0.34221
3899.50138,0.34053
3897.46189,0.33824
3895.42240,0.33600
3893.38291,0.33440
3891.34343,0.33319
3889.30394,0.33216
3887.26445,0.33167
3885.22496,0.33153
3883.18547,0.33115
3881.14599,0.33029
3879.10650,0.32899
3877.06701,0.32806
3875.02752,0.32824
3872.98803,0.32877
3870.94854,0.32846
3868.90906,0.32730
3866.86957,0.32627
3864.83008,0.32571
3862.79059,0.32516
3860.75110,0.32455
3858.71162,0.32394
3856.67213,0.32300
3854.63264,0.32209
3852.59315,0.32182
3850.55366,0.32171
3848.51417,0.32147
3846.47469,0.32161
3844.43520,0.32215
3842.39571,0.32249
3840.35622,0.32254
3838.31673,0.32268
3836.27725,0.32286
3834.23776,0.32260
3832.19827,0.32189
3830.15878,0.32137
3828.11929,0.32165
3826.07980,0.32249
3824.04032,0.32353
3822.00083,0.32494
3819.96134,0.32590
3817.92185,0.32533
3815.88236,0.32429
3813.84288,0.32428
3811.80339,0.32486
3809.76390,0.32517
3807.72441,0.32571
3805.68492,0.32717
3803.64543,0.32885
3801.60595,0.32991
3799.56646,0.33059
3797.52697,0.33128
3795.48748,0.33213
3793.44799,0.33318
3791.40851,0.33421
3789.36902,0.33542
3787.32953,0.33716
3785.29004,0.33918
3783.25055,0.34101
3781.21107,0.34286
3779.17158,0.34470
3777.13209,0.34584
3775.09260,0.34654
3773.05311,0.34789
3771.01362,0.35030
3768.97414,0.35319
3766.93465,0.35571
3764.89516,0.35750
3762.85567,0.35914
3760.81618,0.36168
3758.77670,0.36501
3756.73721,0.36785
3754.69772,0.36986
3752.65823,0.37164
3750.61874,0.37373
3748.57925,0.37612
3746.53977,0.37861
3744.50028,0.38174
3742.46079,0.38528
3740.42130,0.38830
3738.38181,0.39152
3736.34233,0.39572
3734.30284,0.39981
3732.26335,0.40288
3730.22386,0.40552
3728.18437,0.40847
3726.14488,0.41233
3724.10540,0.41715
3722.06591,0.42204
3720.02642,0.42615
3717.98693,0.42988
3715.94744,0.43445
3713.90796,0.44087
3711.86847,0.44887
3709.82898,0.45658
3707.78949,0.46304
3705.75000,0.46919
3703.71051,0.47630
3701.67103,0.48481
3699.63154,0.49385
3697.59205,0.50288
3695.55256,0.51266
3693.51307,0.52372
3691.47359,0.53637
3689.43410,0.55067
3687.39461,0.56567
3685.35512,0.58052
3683.31563,0.59584
3681.27614,0.61220
3679.23666,0.62962
3677.19717,0.64984
3675.15768,0.67331
3673.11819,0.69543
3671.07870,0.71698
3669.03922,0.74146
3666.99973,0.76526
3664.96024,0.78707
3662.92075,0.80985
3660.88126,0.83429
3658.84177,0.85955
3656.80229,0.88592
3654.76280,0.91177
3652.72331,0.93465
3650.68382,0.95856
3648.64433,0.98862
3646.60485,1.01919
3644.56536,1.04336
3642.52587,1.06408
3640.48638,1.08559
3638.44689,1.10865
3636.40741,1.13244
3634.36792,1.15518
3632.32843,1.17623
3630.28894,1.19728
3628.24945,1.21816
3626.20996,1.23738
3624.17048,1.25845
3622.13099,1.28321
3620.09150,1.30836
3618.05201,1.33082
3616.01252,1.35082
3613.97304,1.36896
3611.93355,1.38450
3609.89406,1.39925
3607.85457,1.41708
3605.81508,1.43743
3603.77559,1.45383
3601.73611,1.46293
3599.69662,1.46777
3597.65713,1.47513
3595.61764,1.49243
3593.57815,1.51860
3591.53867,1.54108
3589.49918,1.54941
3587.45969,1.54931
3585.42020,1.55577
3583.38071,1.56989
3581.34122,1.58192
3579.30174,1.58923
3577.26225,1.59908
3575.22276,1.61503
3573.18327,1.63004
3571.14378,1.64047
3569.10430,1.64727
3567.06481,1.64756
3565.02532,1.64329
3562.98583,1.64246
3560.94634,1.64741
3558.90685,1.65325
3556.86737,1.65831
3554.82788,1.66947
3552.78839,1.68677
3550.74890,1.69821
3548.70941,1.70026
3546.66993,1.70252
3544.63044,1.70865
3542.59095,1.71471
3540.55146,1.71795
3538.51197,1.71424
3536.47248,1.70743
3534.43300,1.70952
3532.39351,1.72000
3530.35402,1.72764
3528.31453,1.73118
3526.27504,1.73484
3524.23556,1.73679
3522.19607,1.73455
3520.15658,1.73003
3518.11709,1.72786
3516.07760,1.73239
3514.03811,1.74062
3511.99863,1.74251
3509.95914,1.73672
3507.91965,1.73243
3505.88016,1.73062
3503.84067,1.72523
3501.80119,1.71714
3499.76170,1.71275
3497.72221,1.71818
3495.68272,1.73247
3493.64323,1.74576
3491.60375,1.75154
3489.56426,1.75066
3487.52477,1.75059
3485.48528,1.75670
3483.44579,1.76162
3481.40630,1.75800
3479.36682,1.75222
3477.32733,1.75581
3475.28784,1.76762
3473.24835,1.77449
3471.20886,1.76959
3469.16938,1.76510
3467.12989,1.77357
3465.09040,1.78539
3463.05091,1.78025
3461.01142,1.76088
3458.97193,1.75139
3456.93245,1.75530
3454.89296,1.76011
3452.85347,1.76177
3450.81398,1.76085
3448.77449,1.75964
3446.73501,1.75503
3444.69552,1.74565
3442.65603,1.74430
3440.61654,1.75651
3438.57705,1.76589
3436.53756,1.75928
3434.49808,1.74817
3432.45859,1.74552
3430.41910,1.74801
3428.37961,1.75334
3426.34012,1.76478
3424.30064,1.77044
3422.26115,1.75738
3420.22166,1.73886
3418.18217,1.73346
3416.14268,1.73830
3414.10319,1.73911
3412.06371,1.73634
3410.02422,1.73605
3407.98473,1.73498
3405.94524,1.73700
3403.90575,1.74854
3401.86627,1.75707
3399.82678,1.74674
3397.78729,1.73259
3395.74780,1.72784
3393.70831,1.72500
3391.66882,1.72143
3389.62934,1.72638
3387.58985,1.74067
3385.55036,1.75172
3383.51087,1.75245
3381.47138,1.74858
3379.43190,1.74576
3377.39241,1.74485
3375.35292,1.74021
3373.31343,1.72411
3371.27394,1.70988
3369.23446,1.71520
3367.19497,1.73038
3365.15548,1.73921
3363.11599,1.73990
3361.07650,1.73584
3359.03701,1.72953
3356.99753,1.72098
3354.95804,1.71130
3352.91855,1.70598
3350.87906,1.70608
3348.83957,1.70797
3346.80009,1.71042
3344.76060,1.71033
3342.72111,1.71076
3340.68162,1.71825
3338.64213,1.72848
3336.60264,1.72932
3334.56316,1.71378
3332.52367,1.69568
3330.48418,1.69148
3328.44469,1.69462
3326.40520,1.69137
3324.36572,1.68548
3322.32623,1.68299
3320.28674,1.68359
3318.24725,1.68962
3316.20776,1.69884
3314.16827,1.70339
3312.12879,1.70144
3310.08930,1.70084
3308.04981,1.70458
3306.01032,1.70359
3303.97083,1.69372
3301.93135,1.68317
3299.89186,1.67824
3297.85237,1.67606
3295.81288,1.67285
3293.77339,1.67571
3291.73390,1.68751
3289.69442,1.69569
3287.65493,1.69960
3285.61544,1.70412
3283.57595,1.70100
3281.53646,1.68934
3279.49698,1.67729
3277.45749,1.67007
3275.41800,1.67094
3273.37851,1.67560
3271.33902,1.67680
3269.29953,1.67849
3267.26005,1.68340
3265.22056,1.68344
3263.18107,1.67500
3261.14158,1.66304
3259.10209,1.65402
3257.06261,1.65470
3255.02312,1.65953
3252.98363,1.65748
3250.94414,1.65425
3248.90465,1.65600
3246.86516,1.65726
3244.82568,1.65736
3242.78619,1.66005
3240.74670,1.66051
3238.70721,1.65396
3236.66772,1.64686
3234.62824,1.64613
3232.58875,1.64985
3230.54926,1.65167
3228.50977,1.65018
3226.47028,1.64739
3224.43080,1.64234
3222.39131,1.63540
3220.35182,1.63114
3218.31233,1.63121
3216.27284,1.63303
3214.23335,1.63262
3212.19387,1.63068
3210.15438,1.63290
3208.11489,1.63562
3206.07540,1.62933
3204.03591,1.61702
3201.99643,1.61357
3199.95694,1.61918
3197.91745,1.61952
3195.87796,1.61407
3193.83847,1.60997
3191.79898,1.61174
3189.75950,1.61932
3187.72001,1.62171
3185.68052,1.61490
3183.64103,1.61126
3181.60154,1.61536
3179.56206,1.62051
3177.52257,1.62399
3175.48308,1.62334
3173.44359,1.61864
3171.40410,1.61388
3169.36461,1.60834
3167.32513,1.60275
3165.28564,1.59960
3163.24615,1.59758
3161.20666,1.59812
3159.16717,1.60138
3157.12769,1.60058
3155.08820,1.59568
3153.04871,1.59344
3151.00922,1.59446
3148.96973,1.59651
3146.93024,1.59661
3144.89076,1.59097
3142.85127,1.58141
3140.81178,1.57522
3138.77229,1.57535
3136.73280,1.57639
3134.69332,1.57400
3132.65383,1.56774
3130.61434,1.56203
3128.57485,1.56436
3126.53536,1.56943
3124.49587,1.56571
3122.45639,1.55621
3120.41690,1.55168
3118.37741,1.55324
3116.33792,1.55447
3114.29843,1.55342
3112.25895,1.54995
3110.21946,1.54442
3108.17997,1.53844
3106.14048,1.53288
3104.10099,1.53016
3102.06150,1.52993
3100.02202,1.52825
3097.98253,1.52299
3095.94304,1.51602
3093.90355,1.51164
3091.86406,1.51101
3089.82458,1.50977
3087.78509,1.50426
3085.74560,1.49651
3083.70611,1.49018
3081.66662,1.48693
3079.62714,1.48458
3077.58765,1.48191
3075.54816,1.48105
3073.50867,1.47934
3071.46918,1.47171
3069.42969,1.46161
3067.39021,1.45691
3065.35072,1.45655
3063.31123,1.45444
3061.27174,1.45220
3059.23225,1.45258
3057.19277,1.45115
3055.15328,1.44456
3053.11379,1.43459
3051.07430,1.42492
3049.03481,1.41882
3046.99532,1.41544
3044.95584,1.41130
3042.91635,1.40562
3040.87686,1.40045
3038.83737,1.39563
3036.79788,1.38942
3034.75840,1.38368
3032.71891,1.38170
3030.67942,1.38161
3028.63993,1.37851
3026.60044,1.37269
3024.56095,1.36870
3022.52147,1.36674
3020.48198,1.36371
3018.44249,1.35873
3016.40300,1.35220
3014.36351,1.34660
3012.32403,1.34429
3010.28454,1.34273
3008.24505,1.34027
3006.20556,1.33976
3004.16607,1.34201
3002.12658,1.34557
3000.08710,1.35078
2998.04761,1.35669
2996.00812,1.35982
2993.96863,1.36050
2991.92914,1.36302
2989.88966,1.36785
2987.85017,1.37323
2985.81068,1.37874
2983.77119,1.38414
2981.73170,1.39147
2979.69221,1.40122
2977.65273,1.40924
2975.61324,1.41442
2973.57375,1.42052
2971.53426,1.43002
2969.49477,1.44258
2967.45529,1.45682
2965.41580,1.47092
2963.37631,1.48208
2961.33682,1.49138
2959.29733,1.50324
2957.25784,1.51601
2955.21836,1.52272
2953.17887,1.52448
2951.13938,1.52893
2949.09989,1.53642
2947.06040,1.54465
2945.02092,1.55428
2942.98143,1.56370
2940.94194,1.57015
2938.90245,1.57249
2936.86296,1.57371
2934.82348,1.57718
2932.78399,1.57935
2930.74450,1.57865
2928.70501,1.57481
2926.66552,1.56707
2924.62603,1.56341
2922.58655,1.56234
2920.54706,1.55849
2918.50757,1.55454
2916.46808,1.54625
2914.42859,1.53442
2912.38911,1.52818
2910.34962,1.52650
2908.31013,1.52374
2906.27064,1.52253
2904.23115,1.52339
2902.19166,1.51946
2900.15218,1.51373
2898.11269,1.51549
2896.07320,1.52075
2894.03371,1.51682
2891.99422,1.50523
2889.95474,1.49792
2887.91525,1.49452
2885.87576,1.48861
2883.83627,1.48103
2881.79678,1.47422
2879.75729,1.46800
2877.71781,1.45910
2875.67832,1.44720
2873.63883,1.43617
2871.59934,1.42655
2869.55985,1.41637
2867.52037,1.40550
2865.48088,1.39484
2863.44139,1.38578
2861.40190,1.37875
2859.36241,1.37205
2857.32292,1.36615
2855.28344,1.36114
2853.24395,1.35476
2851.20446,1.34794
2849.16497,1.33958
2847.12548,1.32763
2845.08600,1.31606
2843.04651,1.30779
2841.00702,1.30115
2838.96753,1.29377
2836.92804,1.28488
2834.88855,1.27502
2832.84907,1.26543
2830.80958,1.25899
2828.77009,1.25576
2826.73060,1.25096
2824.69111,1.24245
2822.65163,1.23336
2820.61214,1.22634
2818.57265,1.22126
2816.53316,1.21718
2814.49367,1.21199
2812.45418,1.20493
2810.41470,1.19901
2808.37521,1.19545
2806.33572,1.19200
2804.29623,1.18784
2802.25674,1.18321
2800.21726,1.17825
2798.17777,1.17424
2796.13828,1.16984
2794.09879,1.16453
2792.05930,1.16157
2790.01982,1.16056
2787.98033,1.15849
2785.94084,1.15385
2783.90135,1.14848
2781.86186,1.14569
2779.82237,1.14394
2777.78289,1.14075
2775.74340,1.13777
2773.70391,1.13707
2771.66442,1.13851
2769.62493,1.13904
2767.58545,1.13722
2765.54596,1.13561
2763.50647,1.13501
2761.46698,1.13392
2759.42749,1.13208
2757.38800,1.13090
2755.34852,1.13066
2753.30903,1.12885
2751.26954,1.12571
2749.23005,1.12426
2747.19056,1.12395
2745.15108,1.12135
2743.11159,1.11653
2741.07210,1.11343
2739.03261,1.11301
2736.99312,1.11246
2734.95363,1.10928
2732.91415,1.10481
2730.87466,1.10170
2728.83517,1.09913
2726.79568,1.09658
2724.75619,1.09422
2722.71671,1.09057
2720.67722,1.08579
2718.63773,1.08116
2716.59824,1.07630
2714.55875,1.07163
2712.51926,1.06888
2710.47978,1.06710
2708.44029,1.06316
2706.40080,1.05706
2704.36131,1.05153
2702.32182,1.04782
2700.28234,1.04442
2698.24285,1.03997
2696.20336,1.03546
2694.16387,1.03224
2692.12438,1.03064
2690.08489,1.02858
2688.04541,1.02411
2686.00592,1.01895
2683.96643,1.01551
2681.92694,1.01399
2679.88745,1.01208
2677.84797,1.00712
2675.80848,1.00016
2673.76899,0.99532
2671.72950,0.99390
2669.69001,0.99310
2667.65052,0.99028
2665.61104,0.98533
2663.57155,0.97901
2661.53206,0.97216
2659.49257,0.96623
2657.45308,0.96171
2655.41360,0.95805
2653.37411,0.95374
2651.33462,0.94835
2649.29513,0.94307
2647.25564,0.93829
2645.21616,0.93412
2643.17667,0.93015
2641.13718,0.92500
2639.09769,0.91852
2637.05820,0.91208
2635.01871,0.90707
2632.97923,0.90347
2630.93974,0.89960
2628.90025,0.89480
2626.86076,0.88989
2624.82127,0.88547
2622.78179,0.88146
2620.74230,0.87748
2618.70281,0.87360
2616.66332,0.86979
2614.62383,0.86619
2612.58434,0.86354
2610.54486,0.86142
2608.50537,0.85879
2606.46588,0.85606
2604.42639,0.85393
2602.38690,0.85183
2600.34742,0.84958
2598.30793,0.84765
2596.26844,0.84592
2594.22895,0.84396
2592.18946,0.84154
2590.14997,0.83916
2588.11049,0.83734
2586.07100,0.83569
2584.03151,0.83378
2581.99202,0.83163
2579.95253,0.82884
2577.91305,0.82520
2575.87356,0.82203
2573.83407,0.81952
2571.79458,0.81672
2569.75509,0.81391
2567.71560,0.81148
2565.67612,0.80916
2563.63663,0.80625
2561.59714,0.80247
2559.55765,0.79884
2557.51816,0.79575
2555.47868,0.79228
2553.43919,0.78873
2551.39970,0.78613
2549.36021,0.78335
2547.32072,0.77904
2545.28123,0.77446
2543.24175,0.77101
2541.20226,0.76790
2539.16277,0.76425
2537.12328,0.76054
2535.08379,0.75741
2533.04431,0.75476
2531.00482,0.75207
2528.96533,0.74900
2526.92584,0.74577
2524.88635,0.74269
2522.84686,0.74006
2520.80738,0.73800
2518.76789,0.73600
2516.72840,0.73367
2514.68891,0.73114
2512.64942,0.72860
2510.60994,0.72630
2508.57045,0.72454
2506.53096,0.72334
2504.49147,0.72207
2502.45198,0.72029
2500.41250,0.71856
2498.37301,0.71692
2496.33352,0.71449
2494.29403,0.71164
2492.25454,0.70947
2490.21505,0.70738
2488.17557,0.70454
2486.13608,0.70214
2484.09659,0.70067
2482.05710,0.69859
2480.01761,0.69549
2477.97813,0.69229
2475.93864,0.68927
2473.89915,0.68636
2471.85966,0.68372
2469.82017,0.68085
2467.78068,0.67764
2465.74120,0.67500
2463.70171,0.67259
2461.66222,0.66950
2459.62273,0.66611
2457.58324,0.66253
2455.54376,0.65824
2453.50427,0.65410
2451.46478,0.65092
2449.42529,0.64773
2447.38580,0.64414
2445.34631,0.64065
2443.30683,0.63673
2441.26734,0.63240
2439.22785,0.62864
2437.18836,0.62513
2435.14887,0.62093
2433.10939,0.61663
2431.06990,0.61302
2429.03041,0.60955
2426.99092,0.60583
2424.95143,0.60229
2422.91194,0.59921
2420.87246,0.59642
2418.83297,0.59360
2416.79348,0.59047
2414.75399,0.58706
2412.71450,0.58405
2410.67502,0.58173
2408.63553,0.57943
2406.59604,0.57690
2404.55655,0.57447
2402.51706,0.57220
2400.47757,0.57010
2398.43809,0.56824
2396.39860,0.56631
2394.35911,0.56414
2392.31962,0.56215
2390.28013,0.56074
2388.24065,0.55991
2386.20116,0.55959
2384.16167,0.55961
2382.12218,0.55972
2380.08269,0.55988
2378.04320,0.56024
2376.00372,0.56094
2373.96423,0.56208
2371.92474,0.56329
2369.88525,0.56387
2367.84576,0.56419
2365.80628,0.56510
2363.76679,0.56578
2361.72730,0.56535
2359.68781,0.56365
2357.64832,0.56026
2355.60884,0.55610
2353.56935,0.55323
2351.52986,0.55245
2349.49037,0.55168
2347.45088,0.54907
2345.41139,0.54612
2343.37191,0.54445
2341.33242,0.54336
2339.29293,0.54265
2337.25344,0.54238
2335.21395,0.54156
2333.17447,0.53947
2331.13498,0.53645
2329.09549,0.53379
2327.05600,0.53213
2325.01651,0.53059
2322.97702,0.52884
2320.93754,0.52740
2318.89805,0.52617
2316.85856,0.52471
2314.81907,0.52331
2312.77958,0.52220
2310.74010,0.52105
2308.70061,0.51975
2306.66112,0.51873
2304.62163,0.51807
2302.58214,0.51738
2300.54265,0.51650
2298.50317,0.51566
2296.46368,0.51511
2294.42419,0.51493
2292.38470,0.51485
2290.34521,0.51442
2288.30573,0.51385
2286.26624,0.51381
2284.22675,0.51440
2282.18726,0.51509
2280.14777,0.51556
2278.10828,0.51594
2276.06880,0.51655
2274.02931,0.51740
2271.98982,0.51841
2269.95033,0.51960
2267.91084,0.52070
2265.87136,0.52139
2263.83187,0.52188
2261.79238,0.52263
2259.75289,0.52373
2257.71340,0.52493
2255.67391,0.52589
2253.63443,0.52667
2251.59494,0.52745
2249.55545,0.52814
2247.51596,0.52902
2245.47647,0.52971
2243.43699,0.53023
2241.39750,0.53095
2239.35801,0.53207
2237.31852,0.53331
2235.27903,0.53450
2233.23954,0.53568
2231.20006,0.53683
2229.16057,0.53816
2227.12108,0.53964
2225.08159,0.54084
2223.04210,0.54206
2221.00262,0.54373
2218.96313,0.54564
2216.92364,0.54759
2214.88415,0.54953
2212.84466,0.55151
2210.80518,0.55355
2208.76569,0.55556
2206.72620,0.55749
2204.68671,0.55929
2202.64722,0.56105
2200.60773,0.56285
2198.56825,0.56465
2196.52876,0.56662
2194.48927,0.56875
2192.44978,0.57096
2190.41029,0.57326
2188.37081,0.57532
2186.33132,0.57721
2184.29183,0.57947
2182.25234,0.58190
2180.21285,0.58427
2178.17336,0.58677
2176.13388,0.58937
2174.09439,0.59198
2172.05490,0.59436
2170.01541,0.59647
2167.97592,0.59847
2165.93644,0.60046
2163.89695,0.60241
2161.85746,0.60402
2159.81797,0.60494
2157.77848,0.60514
2155.73899,0.60535
2153.69951,0.60622
2151.66002,0.60719
2149.62053,0.60741
2147.58104,0.60694
2145.54155,0.60627
2143.50207,0.60575
2141.46258,0.60534
2139.42309,0.60486
2137.38360,0.60427
2135.34411,0.60383
2133.30462,0.60367
2131.26514,0.60328
2129.22565,0.60253
2127.18616,0.60174
2125.14667,0.60090
2123.10718,0.60000
2121.06770,0.59931
2119.02821,0.59891
2116.98872,0.59832
2114.94923,0.59748
2112.90974,0.59707
2110.87025,0.59688
2108.83077,0.59660
2106.79128,0.59670
2104.75179,0.59720
2102.71230,0.59763
2100.67281,0.59779
2098.63333,0.59779
2096.59384,0.59785
2094.55435,0.59814
2092.51486,0.59860
2090.47537,0.59873
2088.43588,0.59828
2086.39640,0.59752
2084.35691,0.59696
2082.31742,0.59665
2080.27793,0.59650
2078.23844,0.59651
2076.19896,0.59652
2074.15947,0.59631
2072.11998,0.59582
2070.08049,0.59511
2068.04100,0.59447
2066.00152,0.59415
2063.96203,0.59397
2061.92254,0.59375
2059.88305,0.59353
2057.84356,0.59333
2055.80407,0.59294
2053.76459,0.59195
2051.72510,0.59062
2049.68561,0.58956
2047.64612,0.58858
2045.60663,0.58689
2043.56715,0.58408
2041.52766,0.58076
2039.48817,0.57765
2037.44868,0.57472
2035.40919,0.57170
2033.36970,0.56856
2031.33022,0.56542
2029.29073,0.56220
2027.25124,0.55871
2025.21175,0.55502
2023.17226,0.55153
2021.13278,0.54834
2019.09329,0.54528
2017.05380,0.54207
2015.01431,0.53851
2012.97482,0.53491
2010.93533,0.53178
2008.89585,0.52907
2006.85636,0.52649
2004.81687,0.52420
2002.77738,0.52233
2000.73789,0.52070
1998.69841,0.51921
1996.65892,0.51810
1994.61943,0.51757
1992.57994,0.51720
1990.54045,0.51634
1988.50096,0.51512
1986.46148,0.51411
1984.42199,0.51340
1982.38250,0.51273
1980.34301,0.51204
1978.30352,0.51132
1976.26404,0.51050
1974.22455,0.50979
1972.18506,0.50946
1970.14557,0.50967
1968.10608,0.51018
1966.06659,0.51020
1964.02711,0.50949
1961.98762,0.50895
1959.94813,0.50915
1957.90864,0.50980
1955.86915,0.51041
1953.82967,0.51068
1951.79018,0.51080
1949.75069,0.51113
1947.71120,0.51165
1945.67171,0.51221
1943.63222,0.51249
1941.59274,0.51168
1939.55325,0.51013
1937.51376,0.50915
1935.47427,0.50881
1933.43478,0.50849
1931.39530,0.50806
1929.35581,0.50748
1927.31632,0.50695
1925.27683,0.50704
1923.23734,0.50757
1921.19786,0.50770
1919.15837,0.50758
1917.11888,0.50713
1915.07939,0.50593
1913.03990,0.50487
1911.00041,0.50456
1908.96093,0.50415
1906.92144,0.50299
1904.88195,0.50173
1902.84246,0.50084
1900.80297,0.50032
1898.76349,0.50020
1896.72400,0.50034
1894.68451,0.50046
1892.64502,0.50088
1890.60553,0.50180
1888.56604,0.50247
1886.52656,0.50266
1884.48707,0.50303
1882.44758,0.50370
1880.40809,0.50451
1878.36860,0.50534
1876.32912,0.50610
1874.28963,0.50698
1872.25014,0.50842
1870.21065,0.51022
1868.17116,0.51056
1866.13167,0.50860
1864.09219,0.50625
1862.05270,0.50496
1860.01321,0.50430
1857.97372,0.50353
1855.93423,0.50264
1853.89475,0.50188
1851.85526,0.50132
1849.81577,0.50117
1847.77628,0.50172
1845.73679,0.50251
1843.69730,0.50209
1841.65782,0.50021
1839.61833,0.49866
1837.57884,0.49822
1835.53935,0.49849
1833.49986,0.49972
1831.46038,0.50206
1829.42089,0.50400
1827.38140,0.50452
1825.34191,0.50467
1823.30242,0.50508
1821.26293,0.50576
1819.22345,0.50689
1817.18396,0.50838
1815.14447,0.51030
1813.10498,0.51294
1811.06549,0.51579
1809.02601,0.51790
1806.98652,0.51972
1804.94703,0.52236
1802.90754,0.52578
1800.86805,0.52895
1798.82856,0.53151
1796.78908,0.53446
1794.74959,0.53879
1792.71010,0.54381
1790.67061,0.54719
1788.63112,0.54882
1786.59164,0.55107
1784.55215,0.55463
1782.51266,0.55854
1780.47317,0.56222
1778.43368,0.56578
1776.39420,0.57012
1774.35471,0.57600
1772.31522,0.58213
1770.27573,0.58630
1768.23624,0.58884
1766.19675,0.59165
1764.15727,0.59608
1762.11778,0.60207
1760.07829,0.60804
1758.03880,0.61346
1755.99931,0.61942
1753.95983,0.62701
1751.92034,0.63700
1749.88085,0.64800
1747.84136,0.65712
1745.80187,0.66454
1743.76238,0.67237
1741.72290,0.68154
1739.68341,0.69141
1737.64392,0.70117
1735.60443,0.71213
1733.56494,0.72491
1731.52546,0.73582
1729.48597,0.74448
1727.44648,0.75383
1725.40699,0.76532
1723.36750,0.77863
1721.32801,0.79278
1719.28853,0.80943
1717.24904,0.83018
1715.20955,0.85014
1713.17006,0.86571
1711.13057,0.88067
1709.09109,0.89914
1707.05160,0.92246
1705.01211,0.94829
1702.97262,0.97420
1700.93313,1.00498
1698.89364,1.04137
1696.85416,1.07622
1694.81467,1.10972
1692.77518,1.14154
1690.73569,1.17242
1688.69620,1.20267
1686.65672,1.23296
1684.61723,1.27081
1682.57774,1.31120
1680.53825,1.33956
1678.49876,1.36036
1676.45927,1.38347
1674.41979,1.41041
1672.38030,1.43551
1670.34081,1.45636
1668.30132,1.47431
1666.26183,1.48822
1664.22235,1.49891
1662.18286,1.50839
1660.14337,1.51499
1658.10388,1.51814
1656.06439,1.52046
1654.02490,1.52396
1651.98542,1.52995
1649.94593,1.53750
1647.90644,1.54038
1645.86695,1.53663
1643.82746,1.53353
1641.78798,1.53376
1639.74849,1.53402
1637.70900,1.53218
1635.66951,1.52542
1633.63002,1.51429
1631.59054,1.50494
1629.55105,1.49866
1627.51156,1.49467
1625.47207,1.49217
1623.43258,1.48673
1621.39309,1.47524
1619.35361,1.46271
1617.31412,1.45371
1615.27463,1.44728
1613.23514,1.44254
1611.19565,1.43909
1609.15617,1.43325
1607.11668,1.42329
1605.07719,1.41373
1603.03770,1.40796
1600.99821,1.40540
1598.95872,1.40465
1596.91924,1.40380
1594.87975,1.40085
1592.84026,1.39637
1590.80077,1.39210
1588.76128,1.38882
1586.72180,1.38633
1584.68231,1.38306
1582.64282,1.37938
1580.60333,1.37725
1578.56384,1.37652
1576.52435,1.37634
1574.48487,1.37616
1572.44538,1.37590
1570.40589,1.37687
1568.36640,1.37847
1566.32691,1.37722
1564.28743,1.37166
1562.24794,1.36388
1560.20845,1.35626
1558.16896,1.35098
1556.12947,1.34831
1554.08998,1.34283
1552.05050,1.33385
1550.01101,1.32623
1547.97152,1.32135
1545.93203,1.31528
1543.89254,1.30589
1541.85306,1.29673
1539.81357,1.29018
1537.77408,1.28416
1535.73459,1.27783
1533.69510,1.27101
1531.65561,1.26426
1529.61613,1.25912
1527.57664,1.25532
1525.53715,1.25106
1523.49766,1.24566
1521.45817,1.24004
1519.41869,1.23456
1517.37920,1.22821
1515.33971,1.22145
1513.30022,1.21657
1511.26073,1.21421
1509.22124,1.21213
1507.18176,1.20741
1505.14227,1.20150
1503.10278,1.19910
1501.06329,1.20093
1499.02380,1.20557
1496.98432,1.21080
1494.94483,1.21436
1492.90534,1.21701
1490.86585,1.22254
1488.82636,1.23325
1486.78688,1.24677
1484.74739,1.26122
1482.70790,1.27809
1480.66841,1.29733
1478.62892,1.31826
1476.58943,1.34478
1474.54995,1.38104
1472.51046,1.42397
1470.47097,1.46262
1468.43148,1.49147
1466.39199,1.51672
1464.35251,1.54248
1462.31302,1.56328
1460.27353,1.57554
1458.23404,1.58263
1456.19455,1.58324
1454.15506,1.57577
1452.11558,1.56807
1450.07609,1.56477
1448.03660,1.56358
1445.99711,1.56324
1443.95762,1.56654
1441.91814,1.57454
1439.87865,1.58226
1437.83916,1.58553
1435.79967,1.58797
1433.76018,1.59246
1431.72069,1.59688
1429.68121,1.60040
1427.64172,1.60346
1425.60223,1.60713
1423.56274,1.61072
1421.52325,1.61260
1419.48377,1.61518
1417.44428,1.61904
1415.40479,1.62115
1413.36530,1.62295
1411.32581,1.62600
1409.28632,1.62773
1407.24684,1.62788
1405.20735,1.62838
1403.16786,1.62617
1401.12837,1.61963
1399.08888,1.61233
1397.04940,1.60545
1395.00991,1.59944
1392.97042,1.59853
1390.93093,1.60460
1388.89144,1.61501
1386.85195,1.62549
1384.81247,1.63241
1382.77298,1.63613
1380.73349,1.63891
1378.69400,1.64172
1376.65451,1.64480
1374.61503,1.65017
1372.57554,1.65756
1370.53605,1.66311
1368.49656,1.66659
1366.45707,1.66898
1364.41758,1.66959
1362.37810,1.66640
1360.33861,1.65702
1358.29912,1.64500
1356.25963,1.63706
1354.22014,1.63454
1352.18066,1.63636
1350.14117,1.64123
1348.10168,1.64593
1346.06219,1.64871
1344.02270,1.64803
1341.98322,1.64353
1339.94373,1.63977
1337.90424,1.63859
1335.86475,1.63510
1333.82526,1.62623
1331.78577,1.61556
1329.74629,1.60952
1327.70680,1.60989
1325.66731,1.61112
1323.62782,1.60570
1321.58833,1.59459
1319.54885,1.58619
1317.50936,1.58347
1315.46987,1.58197
1313.43038,1.57674
1311.39089,1.56859
1309.35140,1.56388
1307.31192,1.56363
1305.27243,1.56272
1303.23294,1.56011
1301.19345,1.55840
1299.15396,1.55521
1297.11448,1.54444
1295.07499,1.52956
1293.03550,1.51945
1290.99601,1.51329
1288.95652,1.50595
1286.91703,1.49671
1284.87755,1.48859
1282.83806,1.48331
1280.79857,1.47757
1278.75908,1.46945
1276.71959,1.46311
1274.68011,1.46056
1272.64062,1.45903
1270.60113,1.45612
1268.56164,1.45343
1266.52215,1.45458
1264.48266,1.45727
1262.44318,1.45910
1260.40369,1.46316
1258.36420,1.46992
1256.32471,1.47653
1254.28522,1.48123
1252.24574,1.48442
1250.20625,1.48748
1248.16676,1.49290
1246.12727,1.49963
1244.08778,1.50222
1242.04829,1.50049
1240.00881,1.49805
1237.96932,1.49386
1235.92983,1.48692
1233.89034,1.47871
1231.85085,1.46864
1229.81137,1.45749
1227.77188,1.44695
1225.73239,1.43743
1223.69290,1.42915
1221.65341,1.42177
1219.61392,1.41837
1217.57444,1.42142
1215.53495,1.42806
1213.49546,1.43701
1211.45597,1.44950
1209.41648,1.46316
1207.37700,1.47338
1205.33751,1.47785
1203.29802,1.47762
1201.25853,1.47458
1199.21904,1.46958
1197.17956,1.46115
1195.14007,1.44884
1193.10058,1.43894
1191.06109,1.43716
1189.02160,1.44188
1186.98211,1.45025
1184.94263,1.46632
1182.90314,1.49688
1180.86365,1.54262
1178.82416,1.59959
1176.78467,1.66369
1174.74519,1.73048
1172.70570,1.79595
1170.66621,1.85677
1168.62672,1.90166
1166.58723,1.92593
1164.54774,1.93756
1162.50826,1.93139
1160.46877,1.91088
1158.42928,1.89650
1156.38979,1.88538
1154.35030,1.86304
1152.31082,1.83577
1150.27133,1.81177
1148.23184,1.78744
1146.19235,1.76851
1144.15286,1.76465
1142.11337,1.76802
1140.07389,1.76710
1138.03440,1.76489
1135.99491,1.76408
1133.95542,1.76547
1131.91593,1.77637
1129.87645,1.79695
1127.83696,1.80978
1125.79747,1.80118
1123.75798,1.78913
1121.71849,1.79318
1119.67900,1.80162
1117.63952,1.80681
1115.60003,1.81498
1113.56054,1.81873
1111.52105,1.81657
1109.48156,1.81871
1107.44208,1.82479
1105.40259,1.82477
1103.36310,1.81461
1101.32361,1.80481
1099.28412,1.80268
1097.24463,1.80554
1095.20515,1.80899
1093.16566,1.81422
1091.12617,1.81953
1089.08668,1.82515
1087.04719,1.83005
1085.00771,1.81888
1082.96822,1.79799
1080.92873,1.79088
1078.88924,1.79231
1076.84975,1.78875
1074.81027,1.78515
1072.77078,1.78612
1070.73129,1.79141
1068.69180,1.79818
1066.65231,1.80379
1064.61282,1.81673
1062.57334,1.83704
1060.53385,1.83445
1058.49436,1.80457
1056.45487,1.77146
1054.41538,1.74206
1052.37590,1.71194
1050.33641,1.67962
1048.29692,1.65215
1046.25743,1.63810
1044.21794,1.63392
1042.17845,1.63576
1040.13897,1.64303
1038.09948,1.64629
1036.05999,1.63913
1034.02050,1.62770
1031.98101,1.61878
1029.94153,1.61223
1027.90204,1.60303
1025.86255,1.58974
1023.82306,1.57495
1021.78357,1.56042
1019.74408,1.55185
1017.70460,1.55206
1015.66511,1.55519
1013.62562,1.55597
1011.58613,1.55227
1009.54664,1.54618
1007.50716,1.54046
1005.46767,1.53503
1003.42818,1.53151
1001.38869,1.52873
999.34920,1.52342
997.30971,1.51820
995.27023,1.51442
993.23074,1.50893
991.19125,1.50022
989.15176,1.48979
987.11227,1.47612
985.07279,1.45561
983.03330,1.42702
980.99381,1.39007
978.95432,1.34915
976.91483,1.31055
974.87534,1.27288
972.83586,1.23489
970.79637,1.20247
968.75688,1.17818
966.71739,1.15784
964.67790,1.13924
962.63842,1.12345
960.59893,1.11142
958.55944,1.10445
956.51995,1.10159
954.48046,1.10254
952.44097,1.11065
950.40149,1.12832
948.36200,1.15776
946.32251,1.19695
944.28302,1.23797
942.24353,1.27557
940.20405,1.30683
938.16456,1.32940
936.12507,1.34217
934.08558,1.34603
932.04609,1.34394
930.00661,1.33992
927.96712,1.33645
925.92763,1.33222
923.88814,1.32339
921.84865,1.30556
919.80916,1.28051
917.76968,1.25551
915.73019,1.23270
913.69070,1.21007
911.65121,1.19060
909.61172,1.17617
907.57224,1.16300
905.53275,1.15237
903.49326,1.14855
901.45377,1.14861
899.41428,1.14640
897.37479,1.14139
895.33531,1.13602
893.29582,1.12985
891.25633,1.12279
889.21684,1.11569
887.17735,1.10846
885.13787,1.10380
883.09838,1.10674
881.05889,1.11850
879.01940,1.13581
876.97991,1.15675
874.94042,1.18458
872.90094,1.22461
870.86145,1.27481
868.82196,1.32215
866.78247,1.35724
864.74298,1.38076
862.70350,1.38917
860.66401,1.38029
858.62452,1.36375
856.58503,1.34834
854.54554,1.33321
852.50605,1.31837
850.46657,1.30767
848.42708,1.30106
846.38759,1.29474
844.34810,1.28520
842.30861,1.27367
840.26913,1.26360
838.22964,1.25584
836.19015,1.24822
834.15066,1.24173
832.11117,1.23877
830.07168,1.23404
828.03220,1.22606
825.99271,1.22249
823.95322,1.22558
821.91373,1.23088
819.87424,1.23704
817.83476,1.24503
815.79527,1.25139
813.75578,1.25732
811.71629,1.26795
809.67680,1.27904
807.63731,1.28716
805.59783,1.29554
803.55834,1.30687
801.51885,1.32261
799.47936,1.34357
797.43987,1.36703
795.40039,1.38339
793.36090,1.38943
791.32141,1.39531
789.28192,1.40703
787.24243,1.42012
785.20295,1.43123
783.16346,1.44056
781.12397,1.45023
779.08448,1.46784
777.04499,1.49281
775.00550,1.51413
772.96602,1.52753
770.92653,1.53389
768.88704,1.53979
766.84755,1.54730
764.80806,1.54530
762.76858,1.53543
760.72909,1.52678
758.68960,1.51647
756.65011,1.50297
754.61062,1.49188
752.57113,1.48709
750.53165,1.48365
748.49216,1.47810
746.45267,1.47602
744.41318,1.47705
742.37369,1.47675
740.33421,1.47654
738.29472,1.48068
736.25523,1.48698
734.21574,1.48957
732.17625,1.49254
730.13676,1.50230
728.09728,1.52081
726.05779,1.54507
724.01830,1.56117
721.97881,1.56707
719.93932,1.57254
717.89984,1.58236
715.86035,1.58854
713.82086,1.58522
711.78137,1.57658
709.74188,1.56654
707.70239,1.55692
705.66291,1.55096
703.62342,1.55080
701.58393,1.55016
699.54444,1.54490
697.50495,1.54141
695.46547,1.54307
693.42598,1.54656
691.38649,1.54932
689.34700,1.55191
687.30751,1.55508
685.26802,1.56019
683.22854,1.56879
681.18905,1.57694
679.14956,1.57890
677.11007,1.57510
675.07058,1.57046
673.03110,1.56818
670.99161,1.56867
668.95212,1.57724
666.91263,1.59245
664.87314,1.59632
662.83365,1.58962
660.79417,1.58367
658.75468,1.58193
656.71519,1.57891
654.67570,1.56785
652.63621,1.55925
650.59673,1.56703
648.55724,1.58039
646.51775,1.57940
644.47826,1.57018
642.43877,1.56783
640.39929,1.57196
638.35980,1.58500
636.32031,1.59792
634.28082,1.58508
632.24133,1.55648
630.20184,1.55313
628.16236,1.58856
626.12287,1.64310
624.08338,1.66381
622.04389,1.63269
620.00440,1.61156
617.96492,1.61307
615.92543,1.60015
613.88594,1.59413
611.84645,1.59036
609.80696,1.57132
607.76747,1.57012
605.72799,1.57518
603.68850,1.56526
601.64901,1.57022
599.60952,1.59409
597.57003,1.61614
595.53055,1.62665
593.49106,1.64791
591.45157,1.66453
589.41208,1.61391
587.37259,1.54775
585.33310,1.50910
583.29362,1.48109
581.25413,1.47555
579.21464,1.50056
577.17515,1.54358
575.13566,1.55290
573.09618,1.52554
571.05669,1.53848
569.01720,1.56548
566.97771,1.54029
564.93822,1.50305
562.89873,1.52416
560.85925,1.58234
558.81976,1.59111
556.78027,1.55020
554.74078,1.50146
552.70129,1.48412
550.66181,1.50633
548.62232,1.53035
546.58283,1.55188
544.54334,1.57017
542.50385,1.55740
540.46436,1.59082
538.42488,1.67397
536.38539,1.66032
534.34590,1.54678
532.30641,1.46488
530.26692,1.49055
528.22744,1.60737
526.18795,1.59874
524.14846,1.46109
522.10897,1.36365
520.06948,1.36935
518.02999,1.41312
515.99051,1.40357
513.95102,1.42294
511.91153,1.39475
509.87204,1.31940
507.83255,1.17037
505.79307,1.19562
503.75358,1.34189
501.71409,1.38628
499.67460,1.38747
