3997.39681,0.42169
3995.35732,0.42063
3993.31783,0.41993
3991.27835,0.41942
3989.23886,0.41921
3987.19937,0.41908
3985.15988,0.41835
3983.12039,0.41708
3981.08091,0.41597
3979.04142,0.41541
3977.00193,0.41510
3974.96244,0.41439
3972.92295,0.41274
3970.88346,0.41043
3968.84398,0.40856
3966.80449,0.40767
3964.76500,0.40716
3962.72551,0.40624
3960.68602,0.40508
3958.64654,0.40389
3956.60705,0.40222
3954.56756,0.40064
3952.52807,0.39996
3950.48858,0.39953
3948.44909,0.39868
3946.40961,0.39763
3944.37012,0.39612
3942.33063,0.39370
3940.29114,0.39116
3938.25165,0.38981
3936.21217,0.38969
3934.17268,0.38931
3932.13319,0.38779
3930.09370,0.38577
3928.05421,0.38411
3926.01473,0.38283
3923.97524,0.38159
3921.93575,0.38026
3919.89626,0.37849
3917.85677,0.37592
3915.81728,0.37293
3913.77780,0.37013
3911.73831,0.36786
3909.69882,0.36666
3907.65933,0.36662
3905.61984,0.36670
3903.58036,0.36564
3901.54087,0.36294
3899.50138,0.35972
3897.46189,0.35775
3895.42240,0.35669
3893.38291,0.35521
3891.34343,0.35358
3889.30394,0.35278
3887.26445,0.35218
3885.22496,0.35144
3883.18547,0.35040
3881.14599,0.34829
3879.10650,0.34697
3877.06701,0.34765
3875.02752,0.34882
3872.98803,0.34920
3870.94854,0.34802
3868.90906,0.34691
3866.86957,0.34708
3864.83008,0.34684
3862.79059,0.34614
3860.75110,0.34658
3858.71162,0.34846
3856.67213,0.34942
3854.63264,0.34709
3852.59315,0.34419
3850.55366,0.34382
3848.51417,0.34406
3846.47469,0.34390
3844.43520,0.34433
3842.39571,0.34553
3840.35622,0.34603
3838.31673,0.34556
3836.27725,0.34535
3834.23776,0.34460
3832.19827,0.34293
3830.15878,0.34228
3828.11929,0.34334
3826.07980,0.34525
3824.04032,0.34642
3822.00083,0.34587
3819.96134,0.34551
3817.92185,0.34522
3815.88236,0.34407
3813.84288,0.34427
3811.80339,0.34595
3809.76390,0.34736
3807.72441,0.34817
3805.68492,0.34959
3803.64543,0.35048
3801.60595,0.34997
3799.56646,0.35013
3797.52697,0.35069
3795.48748,0.35131
3793.44799,0.35277
3791.40851,0.35478
3789.36902,0.35690
3787.32953,0.35858
3785.29004,0.35967
3783.25055,0.36086
3781.21107,0.36193
3779.17158,0.36267
3777.13209,0.36441
3775.09260,0.36723
3773.05311,0.36996
3771.01362,0.37222
3768.97414,0.37485
3766.93465,0.37761
3764.89516,0.38008
3762.85567,0.38260
3760.81618,0.38486
3758.77670,0.38739
3756.73721,0.39103
3754.69772,0.39458
3752.65823,0.39636
3750.61874,0.39785
3748.57925,0.40152
3746.53977,0.40431
3744.50028,0.40503
3742.46079,0.40781
3740.42130,0.41236
3738.38181,0.41584
3736.34233,0.41758
3734.30284,0.41885
3732.26335,0.42171
3730.22386,0.42637
3728.18437,0.43099
3726.14488,0.43502
3724.10540,0.43907
3722.06591,0.44298
3720.02642,0.44676
3717.98693,0.45126
3715.94744,0.45700
3713.90796,0.46283
3711.86847,0.46814
3709.82898,0.47439
3707.78949,0.48205
3705.75000,0.48986
3703.71051,0.49690
3701.67103,0.50390
3699.63154,0.51222
3697.59205,0.52197
3695.55256,0.53281
3693.51307,0.54430
3691.47359,0.55627
3689.43410,0.56943
3687.39461,0.58454
3685.35512,0.60029
3683.31563,0.61552
3681.27614,0.63125
3679.23666,0.64853
3677.19717,0.66773
3675.15768,0.69027
3673.11819,0.71450
3671.07870,0.73782
3669.03922,0.76143
3666.99973,0.78408
3664.96024,0.80547
3662.92075,0.82845
3660.88126,0.85408
3658.84177,0.88097
3656.80229,0.90795
3654.76280,0.93437
3652.72331,0.95880
3650.68382,0.98268
3648.64433,1.00930
3646.60485,1.03735
3644.56536,1.06390
3642.52587,1.08834
3640.48638,1.11143
3638.44689,1.13504
3636.40741,1.16053
3634.36792,1.18732
3632.32843,1.21308
3630.28894,1.23612
3628.24945,1.25894
3626.20996,1.28255
3624.17048,1.30329
3622.13099,1.32141
3620.09150,1.34608
3618.05201,1.38101
3616.01252,1.41170
3613.97304,1.42790
3611.93355,1.43580
3609.89406,1.44507
3607.85457,1.45973
3605.81508,1.47954
3603.77559,1.50353
3601.73611,1.52822
3599.69662,1.54785
3597.65713,1.56264
3595.61764,1.57883
3593.57815,1.59410
3591.53867,1.60018
3589.49918,1.60404
3587.45969,1.61792
3585.42020,1.63413
3583.38071,1.64164
3581.34122,1.64830
3579.30174,1.66135
3577.26225,1.67368
3575.22276,1.67898
3573.18327,1.68391
3571.14378,1.69796
3569.10430,1.72192
3567.06481,1.74474
3565.02532,1.75450
3562.98583,1.75544
3560.94634,1.75851
3558.90685,1.76473
3556.86737,1.76598
3554.82788,1.76051
3552.78839,1.76024
3550.74890,1.76974
3548.70941,1.77703
3546.66993,1.77863
3544.63044,1.78416
3542.59095,1.79497
3540.55146,1.79776
3538.51197,1.78459
3536.47248,1.76933
3534.43300,1.76768
3532.39351,1.77651
3530.35402,1.78655
3528.31453,1.79008
3526.27504,1.78662
3524.23556,1.78639
3522.19607,1.78958
3520.15658,1.78977
3518.11709,1.79381
3516.07760,1.80366
3514.03811,1.80665
3511.99863,1.80245
3509.95914,1.80249
3507.91965,1.80616
3505.88016,1.79743
3503.84067,1.77637
3501.80119,1.76431
3499.76170,1.76325
3497.72221,1.76428
3495.68272,1.77124
3493.64323,1.78359
3491.60375,1.79395
3489.56426,1.80435
3487.52477,1.81392
3485.48528,1.80614
3483.44579,1.78545
3481.40630,1.77668
3479.36682,1.78153
3477.32733,1.79108
3475.28784,1.80497
3473.24835,1.81610
3471.20886,1.81463
3469.16938,1.80285
3467.12989,1.78975
3465.09040,1.78156
3463.05091,1.77742
3461.01142,1.77796
3458.97193,1.78997
3456.93245,1.80261
3454.89296,1.79558
3452.85347,1.77776
3450.81398,1.76842
3448.77449,1.76916
3446.73501,1.78187
3444.69552,1.80339
3442.65603,1.81200
3440.61654,1.80162
3438.57705,1.78982
3436.53756,1.77995
3434.49808,1.77186
3432.45859,1.77326
3430.41910,1.77527
3428.37961,1.76862
3426.34012,1.76748
3424.30064,1.77814
3422.26115,1.77599
3420.22166,1.75600
3418.18217,1.75380
3416.14268,1.76228
3414.10319,1.75210
3412.06371,1.74320
3410.02422,1.75201
3407.98473,1.76108
3405.94524,1.76082
3403.90575,1.75492
3401.86627,1.74861
3399.82678,1.75264
3397.78729,1.76447
3395.74780,1.76921
3393.70831,1.76470
3391.66882,1.75926
3389.62934,1.75735
3387.58985,1.76063
3385.55036,1.76331
3383.51087,1.75599
3381.47138,1.74372
3379.43190,1.73187
3377.39241,1.72539
3375.35292,1.72456
3373.31343,1.71544
3371.27394,1.70691
3369.23446,1.71958
3367.19497,1.73920
3365.15548,1.74688
3363.11599,1.75171
3361.07650,1.74956
3359.03701,1.73520
3356.99753,1.72819
3354.95804,1.73459
3352.91855,1.74018
3350.87906,1.73634
3348.83957,1.73160
3346.80009,1.73581
3344.76060,1.74282
3342.72111,1.74531
3340.68162,1.74430
3338.64213,1.74348
3336.60264,1.73892
3334.56316,1.72556
3332.52367,1.71180
3330.48418,1.70618
3328.44469,1.71028
3326.40520,1.72001
3324.36572,1.72521
3322.32623,1.72392
3320.28674,1.72316
3318.24725,1.72096
3316.20776,1.71506
3314.16827,1.71695
3312.12879,1.73130
3310.08930,1.74040
3308.04981,1.73274
3306.01032,1.72331
3303.97083,1.72001
3301.93135,1.71749
3299.89186,1.71574
3297.85237,1.71275
3295.81288,1.70872
3293.77339,1.70449
3291.73390,1.69906
3289.69442,1.69673
3287.65493,1.69617
3285.61544,1.69153
3283.57595,1.68698
3281.53646,1.68852
3279.49698,1.69050
3277.45749,1.68792
3275.41800,1.68428
3273.37851,1.67945
3271.33902,1.67027
3269.29953,1.66290
3267.26005,1.66307
3265.22056,1.66558
3263.18107,1.66620
3261.14158,1.66840
3259.10209,1.67391
3257.06261,1.68058
3255.02312,1.68116
3252.98363,1.67500
3250.94414,1.67208
3248.90465,1.67579
3246.86516,1.68160
3244.82568,1.68309
3242.78619,1.67931
3240.74670,1.67402
3238.70721,1.66828
3236.66772,1.66943
3234.62824,1.67938
3232.58875,1.68456
3230.54926,1.67898
3228.50977,1.66865
3226.47028,1.66048
3224.43080,1.66056
3222.39131,1.66496
3220.35182,1.66150
3218.31233,1.65419
3216.27284,1.65633
3214.23335,1.66223
3212.19387,1.65756
3210.15438,1.64777
3208.11489,1.64683
3206.07540,1.65388
3204.03591,1.65956
3201.99643,1.65897
3199.95694,1.65549
3197.91745,1.65392
3195.87796,1.65173
3193.83847,1.64941
3191.79898,1.65107
3189.75950,1.65287
3187.72001,1.65203
3185.68052,1.65238
3183.64103,1.65326
3181.60154,1.65441
3179.56206,1.65792
3177.52257,1.65974
3175.48308,1.65660
3173.44359,1.65216
3171.40410,1.65237
3169.36461,1.65447
3167.32513,1.64876
3165.28564,1.63478
3163.24615,1.62451
3161.20666,1.62644
3159.16717,1.63066
3157.12769,1.62974
3155.08820,1.63390
3153.04871,1.64487
3151.00922,1.64981
3148.96973,1.64823
3146.93024,1.64454
3144.89076,1.63726
3142.85127,1.63036
3140.81178,1.62704
3138.77229,1.62428
3136.73280,1.62010
3134.69332,1.61837
3132.65383,1.62024
3130.61434,1.62030
3128.57485,1.61638
3126.53536,1.61415
3124.49587,1.61673
3122.45639,1.61730
3120.41690,1.61478
3118.37741,1.61465
3116.33792,1.61005
3114.29843,1.59853
3112.25895,1.59262
3110.21946,1.59230
3108.17997,1.58855
3106.14048,1.58382
3104.10099,1.58232
3102.06150,1.58149
3100.02202,1.57772
3097.98253,1.57107
3095.94304,1.56559
3093.90355,1.56478
3091.86406,1.56602
3089.82458,1.56524
3087.78509,1.56284
3085.74560,1.55906
3083.70611,1.55233
3081.66662,1.54416
3079.62714,1.54063
3077.58765,1.54267
3075.54816,1.54236
3073.50867,1.53678
3071.46918,1.53039
3069.42969,1.52502
3067.39021,1.52063
3065.35072,1.51468
3063.31123,1.50692
3061.27174,1.50377
3059.23225,1.50385
3057.19277,1.49954
3055.15328,1.49111
3053.11379,1.48382
3051.07430,1.48053
3049.03481,1.48008
3046.99532,1.47913
3044.95584,1.47541
3042.91635,1.47075
3040.87686,1.46661
3038.83737,1.46152
3036.79788,1.45700
3034.75840,1.45278
3032.71891,1.44570
3030.67942,1.43839
3028.63993,1.43248
3026.60044,1.42556
3024.56095,1.42100
3022.52147,1.42376
3020.48198,1.42996
3018.44249,1.43084
3016.40300,1.42354
3014.36351,1.41516
3012.32403,1.41191
3010.28454,1.41285
3008.24505,1.41633
3006.20556,1.41929
3004.16607,1.41920
3002.12658,1.41953
3000.08710,1.42320
2998.04761,1.42772
2996.00812,1.43034
2993.96863,1.43222
2991.92914,1.43594
2989.88966,1.44244
2987.85017,1.44953
2985.81068,1.45752
2983.77119,1.46628
2981.73170,1.47234
2979.69221,1.47877
2977.65273,1.48960
2975.61324,1.50004
2973.57375,1.50612
2971.53426,1.51206
2969.49477,1.52014
2967.45529,1.52877
2965.41580,1.53770
2963.37631,1.54655
2961.33682,1.55843
2959.29733,1.57393
2957.25784,1.58476
2955.21836,1.58950
2953.17887,1.59497
2951.13938,1.60095
2949.09989,1.60558
2947.06040,1.61108
2945.02092,1.62007
2942.98143,1.63202
2940.94194,1.64090
2938.90245,1.64300
2936.86296,1.64216
2934.82348,1.64367
2932.78399,1.64815
2930.74450,1.64905
2928.70501,1.64405
2926.66552,1.63916
2924.62603,1.63464
2922.58655,1.62751
2920.54706,1.62131
2918.50757,1.61996
2916.46808,1.62140
2914.42859,1.61946
2912.38911,1.61334
2910.34962,1.60540
2908.31013,1.59725
2906.27064,1.59166
2904.23115,1.58579
2902.19166,1.58080
2900.15218,1.58145
2898.11269,1.58475
2896.07320,1.58758
2894.03371,1.58681
2891.99422,1.58436
2889.95474,1.58434
2887.91525,1.57988
2885.87576,1.56640
2883.83627,1.55302
2881.79678,1.54355
2879.75729,1.53222
2877.71781,1.52260
2875.67832,1.51873
2873.63883,1.51209
2871.59934,1.49791
2869.55985,1.48315
2867.52037,1.47288
2865.48088,1.46624
2863.44139,1.46157
2861.40190,1.45659
2859.36241,1.44802
2857.32292,1.43623
2855.28344,1.42615
2853.24395,1.41784
2851.20446,1.40826
2849.16497,1.39834
2847.12548,1.38976
2845.08600,1.38203
2843.04651,1.37310
2841.00702,1.36434
2838.96753,1.35849
2836.92804,1.35417
2834.88855,1.34740
2832.84907,1.33751
2830.80958,1.32768
2828.77009,1.32040
2826.73060,1.31568
2824.69111,1.31023
2822.65163,1.30261
2820.61214,1.29457
2818.57265,1.28794
2816.53316,1.28342
2814.49367,1.27906
2812.45418,1.27454
2810.41470,1.27092
2808.37521,1.26586
2806.33572,1.25888
2804.29623,1.25324
2802.25674,1.24840
2800.21726,1.24292
2798.17777,1.23789
2796.13828,1.23282
2794.09879,1.22748
2792.05930,1.22409
2790.01982,1.22355
2787.98033,1.22413
2785.94084,1.22330
2783.90135,1.21904
2781.86186,1.21382
2779.82237,1.21169
2777.78289,1.21143
2775.74340,1.21007
2773.70391,1.20738
2771.66442,1.20440
2769.62493,1.20348
2767.58545,1.20507
2765.54596,1.20435
2763.50647,1.19998
2761.46698,1.19752
2759.42749,1.19944
2757.38800,1.20171
2755.34852,1.20152
2753.30903,1.19859
2751.26954,1.19296
2749.23005,1.18847
2747.19056,1.18711
2745.15108,1.18613
2743.11159,1.18443
2741.07210,1.18265
2739.03261,1.17921
2736.99312,1.17398
2734.95363,1.17125
2732.91415,1.17052
2730.87466,1.16751
2728.83517,1.16311
2726.79568,1.15974
2724.75619,1.15688
2722.71671,1.15335
2720.67722,1.14973
2718.63773,1.14777
2716.59824,1.14591
2714.55875,1.14159
2712.51926,1.13668
2710.47978,1.13272
2708.44029,1.12764
2706.40080,1.12038
2704.36131,1.11345
2702.32182,1.10893
2700.28234,1.10688
2698.24285,1.10551
2696.20336,1.10216
2694.16387,1.09807
2692.12438,1.09496
2690.08489,1.09177
2688.04541,1.08805
2686.00592,1.08357
2683.96643,1.07769
2681.92694,1.07181
2679.88745,1.06829
2677.84797,1.06625
2675.80848,1.06359
2673.76899,1.06055
2671.72950,1.05676
2669.69001,1.05151
2667.65052,1.04625
2665.61104,1.04164
2663.57155,1.03672
2661.53206,1.03166
2659.49257,1.02736
2657.45308,1.02342
2655.41360,1.01922
2653.37411,1.01453
2651.33462,1.00928
2649.29513,1.00344
2647.25564,0.99760
2645.21616,0.99222
2643.17667,0.98641
2641.13718,0.98036
2639.09769,0.97478
2637.05820,0.96959
2635.01871,0.96508
2632.97923,0.96079
2630.93974,0.95577
2628.90025,0.95010
2626.86076,0.94518
2624.82127,0.94152
2622.78179,0.93767
2620.74230,0.93331
2618.70281,0.92945
2616.66332,0.92582
2614.62383,0.92148
2612.58434,0.91725
2610.54486,0.91497
2608.50537,0.91328
2606.46588,0.91001
2604.42639,0.90624
2602.38690,0.90323
2600.34742,0.90136
2598.30793,0.90050
2596.26844,0.89943
2594.22895,0.89778
2592.18946,0.89630
2590.14997,0.89462
2588.11049,0.89220
2586.07100,0.88975
2584.03151,0.88728
2581.99202,0.88478
2579.95253,0.88298
2577.91305,0.88108
2575.87356,0.87768
2573.83407,0.87289
2571.79458,0.86783
2569.75509,0.86362
2567.71560,0.86064
2565.67612,0.85883
2563.63663,0.85738
2561.59714,0.85459
2559.55765,0.85004
2557.51816,0.84542
2555.47868,0.84214
2553.43919,0.83934
2551.39970,0.83573
2549.36021,0.83213
2547.32072,0.82905
2545.28123,0.82532
2543.24175,0.82053
2541.20226,0.81568
2539.16277,0.81162
2537.12328,0.80831
2535.08379,0.80540
2533.04431,0.80221
2531.00482,0.79858
2528.96533,0.79526
2526.92584,0.79231
2524.88635,0.78957
2522.84686,0.78695
2520.80738,0.78426
2518.76789,0.78164
2516.72840,0.77868
2514.68891,0.77558
2512.64942,0.77371
2510.60994,0.77244
2508.57045,0.77012
2506.53096,0.76754
2504.49147,0.76525
2502.45198,0.76234
2500.41250,0.75971
2498.37301,0.75864
2496.33352,0.75786
2494.29403,0.75584
2492.25454,0.75315
2490.21505,0.75076
2488.17557,0.74896
2486.13608,0.74723
2484.09659,0.74456
2482.05710,0.74136
2480.01761,0.73855
2477.97813,0.73618
2475.93864,0.73369
2473.89915,0.73039
2471.85966,0.72620
2469.82017,0.72202
2467.78068,0.71793
2465.74120,0.71380
2463.70171,0.71092
2461.66222,0.70903
2459.62273,0.70614
2457.58324,0.70202
2455.54376,0.69797
2453.50427,0.69433
2451.46478,0.69032
2449.42529,0.68576
2447.38580,0.68108
2445.34631,0.67666
2443.30683,0.67240
2441.26734,0.66814
2439.22785,0.66416
2437.18836,0.66023
2435.14887,0.65593
2433.10939,0.65181
2431.06990,0.64827
2429.03041,0.64454
2426.99092,0.64019
2424.95143,0.63610
2422.91194,0.63272
2420.87246,0.62939
2418.83297,0.62591
2416.79348,0.62263
2414.75399,0.61940
2412.71450,0.61611
2410.67502,0.61279
2408.63553,0.60969
2406.59604,0.60711
2404.55655,0.60461
2402.51706,0.60198
2400.47757,0.59989
2398.43809,0.59819
2396.39860,0.59621
2394.35911,0.59391
2392.31962,0.59176
2390.28013,0.59012
2388.24065,0.58907
2386.20116,0.58848
2384.16167,0.58842
2382.12218,0.58872
2380.08269,0.58908
2378.04320,0.58972
2376.00372,0.59075
2373.96423,0.59153
2371.92474,0.59177
2369.88525,0.59167
2367.84576,0.59148
2365.80628,0.59169
2363.76679,0.59213
2361.72730,0.59138
2359.68781,0.58834
2357.64832,0.58396
2355.60884,0.57984
2353.56935,0.57751
2351.52986,0.57754
2349.49037,0.57744
2347.45088,0.57474
2345.41139,0.57103
2343.37191,0.56914
2341.33242,0.56867
2339.29293,0.56779
2337.25344,0.56622
2335.21395,0.56423
2333.17447,0.56149
2331.13498,0.55802
2329.09549,0.55531
2327.05600,0.55425
2325.01651,0.55372
2322.97702,0.55227
2320.93754,0.54986
2318.89805,0.54756
2316.85856,0.54571
2314.81907,0.54373
2312.77958,0.54195
2310.74010,0.54121
2308.70061,0.54099
2306.66112,0.54035
2304.62163,0.53917
2302.58214,0.53760
2300.54265,0.53607
2298.50317,0.53506
2296.46368,0.53453
2294.42419,0.53435
2292.38470,0.53429
2290.34521,0.53403
2288.30573,0.53377
2286.26624,0.53392
2284.22675,0.53424
2282.18726,0.53442
2280.14777,0.53457
2278.10828,0.53484
2276.06880,0.53550
2274.02931,0.53663
2271.98982,0.53760
2269.95033,0.53822
2267.91084,0.53896
2265.87136,0.54001
2263.83187,0.54116
2261.79238,0.54220
2259.75289,0.54304
2257.71340,0.54375
2255.67391,0.54418
2253.63443,0.54438
2251.59494,0.54501
2249.55545,0.54618
2247.51596,0.54725
2245.47647,0.54780
2243.43699,0.54859
2241.39750,0.54950
2239.35801,0.55006
2237.31852,0.55047
2235.27903,0.55133
2233.23954,0.55269
2231.20006,0.55408
2229.16057,0.55539
2227.12108,0.55674
2225.08159,0.55832
2223.04210,0.56026
2221.00262,0.56224
2218.96313,0.56393
2216.92364,0.56553
2214.88415,0.56732
2212.84466,0.56928
2210.80518,0.57129
2208.76569,0.57338
2206.72620,0.57535
2204.68671,0.57695
2202.64722,0.57858
2200.60773,0.58083
2198.56825,0.58344
2196.52876,0.58582
2194.48927,0.58798
2192.44978,0.59017
2190.41029,0.59242
2188.37081,0.59468
2186.33132,0.59684
2184.29183,0.59923
2182.25234,0.60229
2180.21285,0.60541
2178.17336,0.60803
2176.13388,0.61064
2174.09439,0.61320
2172.05490,0.61529
2170.01541,0.61763
2167.97592,0.62040
2165.93644,0.62273
2163.89695,0.62454
2161.85746,0.62633
2159.81797,0.62778
2157.77848,0.62870
2155.73899,0.62941
2153.69951,0.63001
2151.66002,0.63040
2149.62053,0.63041
2147.58104,0.63011
2145.54155,0.62964
2143.50207,0.62925
2141.46258,0.62900
2139.42309,0.62855
2137.38360,0.62791
2135.34411,0.62734
2133.30462,0.62665
2131.26514,0.62574
2129.22565,0.62505
2127.18616,0.62473
2125.14667,0.62429
2123.10718,0.62339
2121.06770,0.62241
2119.02821,0.62214
2116.98872,0.62249
2114.94923,0.62247
2112.90974,0.62199
2110.87025,0.62189
2108.83077,0.62222
2106.79128,0.62251
2104.75179,0.62282
2102.71230,0.62324
2100.67281,0.62356
2098.63333,0.62392
2096.59384,0.62451
2094.55435,0.62489
2092.51486,0.62489
2090.47537,0.62508
2088.43588,0.62552
2086.39640,0.62556
2084.35691,0.62505
2082.31742,0.62471
2080.27793,0.62501
2078.23844,0.62522
2076.19896,0.62465
2074.15947,0.62384
2072.11998,0.62354
2070.08049,0.62360
2068.04100,0.62379
2066.00152,0.62393
2063.96203,0.62372
2061.92254,0.62356
2059.88305,0.62365
2057.84356,0.62314
2055.80407,0.62209
2053.76459,0.62110
2051.72510,0.62004
2049.68561,0.61880
2047.64612,0.61701
2045.60663,0.61455
2043.56715,0.61207
2041.52766,0.60954
2039.48817,0.60651
2037.44868,0.60324
2035.40919,0.60015
2033.36970,0.59695
2031.33022,0.59317
2029.29073,0.58905
2027.25124,0.58510
2025.21175,0.58151
2023.17226,0.57814
2021.13278,0.57479
2019.09329,0.57151
2017.05380,0.56824
2015.01431,0.56466
2012.97482,0.56074
2010.93533,0.55677
2008.89585,0.55334
2006.85636,0.55065
2004.81687,0.54826
2002.77738,0.54604
2000.73789,0.54437
1998.69841,0.54328
1996.65892,0.54237
1994.61943,0.54165
1992.57994,0.54110
1990.54045,0.54028
1988.50096,0.53898
1986.46148,0.53760
1984.42199,0.53657
1982.38250,0.53587
1980.34301,0.53527
1978.30352,0.53449
1976.26404,0.53366
1974.22455,0.53324
1972.18506,0.53337
1970.14557,0.53368
1968.10608,0.53365
1966.06659,0.53312
1964.02711,0.53258
1961.98762,0.53268
1959.94813,0.53334
1957.90864,0.53400
1955.86915,0.53445
1953.82967,0.53461
1951.79018,0.53462
1949.75069,0.53494
1947.71120,0.53557
1945.67171,0.53599
1943.63222,0.53571
1941.59274,0.53488
1939.55325,0.53400
1937.51376,0.53310
1935.47427,0.53208
1933.43478,0.53117
1931.39530,0.53053
1929.35581,0.52999
1927.31632,0.52974
1925.27683,0.52992
1923.23734,0.53002
1921.19786,0.52987
1919.15837,0.52943
1917.11888,0.52855
1915.07939,0.52758
1913.03990,0.52689
1911.00041,0.52618
1908.96093,0.52484
1906.92144,0.52310
1904.88195,0.52147
1902.84246,0.51993
1900.80297,0.51859
1898.76349,0.51800
1896.72400,0.51811
1894.68451,0.51833
1892.64502,0.51870
1890.60553,0.51931
1888.56604,0.51976
1886.52656,0.52000
1884.48707,0.52045
1882.44758,0.52128
1880.40809,0.52233
1878.36860,0.52330
1876.32912,0.52386
1874.28963,0.52437
1872.25014,0.52569
1870.21065,0.52725
1868.17116,0.52725
1866.13167,0.52524
1864.09219,0.52288
1862.05270,0.52128
1860.01321,0.52010
1857.97372,0.51886
1855.93423,0.51755
1853.89475,0.51612
1851.85526,0.51485
1849.81577,0.51449
1847.77628,0.51524
1845.73679,0.51566
1843.69730,0.51454
1841.65782,0.51259
1839.61833,0.51081
1837.57884,0.50965
1835.53935,0.50923
1833.49986,0.50993
1831.46038,0.51162
1829.42089,0.51325
1827.38140,0.51399
1825.34191,0.51389
1823.30242,0.51345
1821.26293,0.51314
1819.22345,0.51341
1817.18396,0.51453
1815.14447,0.51648
1813.10498,0.51914
1811.06549,0.52197
1809.02601,0.52417
1806.98652,0.52585
1804.94703,0.52821
1802.90754,0.53161
1800.86805,0.53486
1798.82856,0.53710
1796.78908,0.53929
1794.74959,0.54245
1792.71010,0.54575
1790.67061,0.54777
1788.63112,0.54885
1786.59164,0.55050
1784.55215,0.55349
1782.51266,0.55712
1780.47317,0.56040
1778.43368,0.56331
1776.39420,0.56676
1774.35471,0.57109
1772.31522,0.57527
1770.27573,0.57790
1768.23624,0.57921
1766.19675,0.58117
1764.15727,0.58473
1762.11778,0.58924
1760.07829,0.59370
1758.03880,0.59784
1755.99931,0.60293
1753.95983,0.60931
1751.92034,0.61663
1749.88085,0.62462
1747.84136,0.63174
1745.80187,0.63773
1743.76238,0.64396
1741.72290,0.65072
1739.68341,0.65815
1737.64392,0.66645
1735.60443,0.67492
1733.56494,0.68376
1731.52546,0.69191
1729.48597,0.69879
1727.44648,0.70671
1725.40699,0.71679
1723.36750,0.72862
1721.32801,0.74123
1719.28853,0.75519
1717.24904,0.77258
1715.20955,0.79063
1713.17006,0.80567
1711.13057,0.82006
1709.09109,0.83738
1707.05160,0.85866
1705.01211,0.88218
1702.97262,0.90565
1700.93313,0.93223
1698.89364,0.96315
1696.85416,0.99118
1694.81467,1.01722
1692.77518,1.04292
1690.73569,1.06896
1688.69620,1.09708
1686.65672,1.12606
1684.61723,1.15817
1682.57774,1.19168
1680.53825,1.21843
1678.49876,1.24115
1676.45927,1.26599
1674.41979,1.29299
1672.38030,1.31626
1670.34081,1.33468
1668.30132,1.35333
1666.26183,1.37287
1664.22235,1.39246
1662.18286,1.41180
1660.14337,1.42925
1658.10388,1.44526
1656.06439,1.45832
1654.02490,1.46676
1651.98542,1.47519
1649.94593,1.48294
1647.90644,1.48491
1645.86695,1.48360
1643.82746,1.48311
1641.78798,1.48413
1639.74849,1.48688
1637.70900,1.48851
1635.66951,1.48502
1633.63002,1.47606
1631.59054,1.46404
1629.55105,1.45220
1627.51156,1.44208
1625.47207,1.43002
1623.43258,1.41481
1621.39309,1.40110
1619.35361,1.38875
1617.31412,1.37454
1615.27463,1.36146
1613.23514,1.35251
1611.19565,1.34503
1609.15617,1.33655
1607.11668,1.32810
1605.07719,1.32254
1603.03770,1.31932
1600.99821,1.31602
1598.95872,1.31170
1596.91924,1.30654
1594.87975,1.30169
1592.84026,1.29818
1590.80077,1.29528
1588.76128,1.29236
1586.72180,1.29047
1584.68231,1.29007
1582.64282,1.29087
1580.60333,1.29268
1578.56384,1.29329
1576.52435,1.29144
1574.48487,1.29060
1572.44538,1.29079
1570.40589,1.28948
1568.36640,1.28775
1566.32691,1.28667
1564.28743,1.28561
1562.24794,1.28050
1560.20845,1.26702
1558.16896,1.25455
1556.12947,1.25316
1554.08998,1.25274
1552.05050,1.24814
1550.01101,1.24097
1547.97152,1.23227
1545.93203,1.22240
1543.89254,1.21191
1541.85306,1.19977
1539.81357,1.18783
1537.77408,1.18344
1535.73459,1.18182
1533.69510,1.17701
1531.65561,1.17285
1529.61613,1.17107
1527.57664,1.16912
1525.53715,1.16719
1523.49766,1.16565
1521.45817,1.16464
1519.41869,1.16527
1517.37920,1.16578
1515.33971,1.16552
1513.30022,1.16631
1511.26073,1.16764
1509.22124,1.16539
1507.18176,1.15934
1505.14227,1.15846
1503.10278,1.16328
1501.06329,1.16774
1499.02380,1.17232
1496.98432,1.18025
1494.94483,1.19072
1492.90534,1.19973
1490.86585,1.20774
1488.82636,1.21841
1486.78688,1.23255
1484.74739,1.25034
1482.70790,1.27212
1480.66841,1.29759
1478.62892,1.32650
1476.58943,1.35906
1474.54995,1.39619
1472.51046,1.44084
1470.47097,1.48954
1468.43148,1.53152
1466.39199,1.56647
1464.35251,1.59686
1462.31302,1.61601
1460.27353,1.62214
1458.23404,1.62068
1456.19455,1.61620
1454.15506,1.61383
1452.11558,1.61333
1450.07609,1.61266
1448.03660,1.61379
1445.99711,1.61830
1443.95762,1.62263
1441.91814,1.62341
1439.87865,1.62155
1437.83916,1.62232
1435.79967,1.63142
1433.76018,1.64412
1431.72069,1.65253
1429.68121,1.65536
1427.64172,1.65322
1425.60223,1.65051
1423.56274,1.65256
1421.52325,1.65604
1419.48377,1.65751
1417.44428,1.66122
1415.40479,1.66650
1413.36530,1.67174
1411.32581,1.67811
1409.28632,1.68179
1407.24684,1.67786
1405.20735,1.66911
1403.16786,1.66152
1401.12837,1.65700
1399.08888,1.65475
1397.04940,1.65064
1395.00991,1.64301
1392.97042,1.63944
1390.93093,1.64512
1388.89144,1.65618
1386.85195,1.66421
1384.81247,1.66518
1382.77298,1.66542
1380.73349,1.66973
1378.69400,1.67878
1376.65451,1.69218
1374.61503,1.70256
1372.57554,1.70269
1370.53605,1.69780
1368.49656,1.69764
1366.45707,1.70491
1364.41758,1.71384
1362.37810,1.71846
1360.33861,1.71792
1358.29912,1.71312
1356.25963,1.70726
1354.22014,1.70355
1352.18066,1.70169
1350.14117,1.70115
1348.10168,1.70070
1346.06219,1.69948
1344.02270,1.70141
1341.98322,1.70559
1339.94373,1.70361
1337.90424,1.69524
1335.86475,1.68771
1333.82526,1.68236
1331.78577,1.67925
1329.74629,1.67918
1327.70680,1.67561
1325.66731,1.66139
1323.62782,1.64211
1321.58833,1.62872
1319.54885,1.62420
1317.50936,1.62404
1315.46987,1.62447
1313.43038,1.62383
1311.39089,1.61911
1309.35140,1.61238
1307.31192,1.60919
1305.27243,1.60517
1303.23294,1.59696
1301.19345,1.59160
1299.15396,1.58813
1297.11448,1.58017
1295.07499,1.57082
1293.03550,1.56395
1290.99601,1.55697
1288.95652,1.54828
1286.91703,1.53804
1284.87755,1.52698
1282.83806,1.51867
1280.79857,1.51274
1278.75908,1.50680
1276.71959,1.50382
1274.68011,1.50282
1272.64062,1.49955
1270.60113,1.49718
1268.56164,1.49786
1266.52215,1.49892
1264.48266,1.50030
1262.44318,1.50299
1260.40369,1.50746
1258.36420,1.51207
1256.32471,1.51590
1254.28522,1.51974
1252.24574,1.52119
1250.20625,1.52227
1248.16676,1.52913
1246.12727,1.54123
1244.08778,1.55200
1242.04829,1.55544
1240.00881,1.55140
1237.96932,1.54491
1235.92983,1.53579
1233.89034,1.52194
1231.85085,1.50910
1229.81137,1.50026
1227.77188,1.49163
1225.73239,1.47881
1223.69290,1.46309
1221.65341,1.45207
1219.61392,1.45158
1217.57444,1.46037
1215.53495,1.47283
1213.49546,1.48647
1211.45597,1.50025
1209.41648,1.51312
1207.37700,1.52627
1205.33751,1.53746
1203.29802,1.54229
1201.25853,1.54007
1199.21904,1.53133
1197.17956,1.51784
1195.14007,1.50475
1193.10058,1.49672
1191.06109,1.49740
1189.02160,1.50624
1186.98211,1.52070
1184.94263,1.54567
1182.90314,1.58319
1180.86365,1.63165
1178.82416,1.69437
1176.78467,1.76743
1174.74519,1.84417
1172.70570,1.91793
1170.66621,1.96992
1168.62672,2.00125
1166.58723,2.02210
1164.54774,2.01749
1162.50826,1.98615
1160.46877,1.94819
1158.42928,1.91528
1156.38979,1.87859
1154.35030,1.83372
1152.31082,1.80381
1150.27133,1.79255
1148.23184,1.77748
1146.19235,1.76393
1144.15286,1.76903
1142.11337,1.78118
1140.07389,1.78407
1138.03440,1.78767
1135.99491,1.79944
1133.95542,1.80741
1131.91593,1.80815
1129.87645,1.81236
1127.83696,1.81776
1125.79747,1.81877
1123.75798,1.81488
1121.71849,1.80826
1119.67900,1.80993
1117.63952,1.81928
1115.60003,1.83214
1113.56054,1.84179
1111.52105,1.83187
1109.48156,1.81624
1107.44208,1.81888
1105.40259,1.82626
1103.36310,1.82183
1101.32361,1.81973
1099.28412,1.82497
1097.24463,1.82866
1095.20515,1.83169
1093.16566,1.83306
1091.12617,1.82981
1089.08668,1.83508
1087.04719,1.84997
1085.00771,1.83756
1082.96822,1.80264
1080.92873,1.78369
1078.88924,1.78143
1076.84975,1.77710
1074.81027,1.77668
1072.77078,1.79326
1070.73129,1.81706
1068.69180,1.83268
1066.65231,1.83868
1064.61282,1.84014
1062.57334,1.84119
1060.53385,1.83712
1058.49436,1.81147
1056.45487,1.76487
1054.41538,1.71977
1052.37590,1.68941
1050.33641,1.66665
1048.29692,1.64256
1046.25743,1.62013
1044.21794,1.60759
1042.17845,1.60266
1040.13897,1.60057
1038.09948,1.60344
1036.05999,1.60738
1034.02050,1.60848
1031.98101,1.60200
1029.94153,1.58521
1027.90204,1.56903
1025.86255,1.55317
1023.82306,1.53456
1021.78357,1.52759
1019.74408,1.53431
1017.70460,1.53837
1015.66511,1.53630
1013.62562,1.53389
1011.58613,1.53347
1009.54664,1.53423
1007.50716,1.52992
1005.46767,1.52214
1003.42818,1.51946
1001.38869,1.51784
999.34920,1.50908
997.30971,1.50054
995.27023,1.50007
993.23074,1.50068
991.19125,1.49748
989.15176,1.49254
987.11227,1.48409
985.07279,1.46856
983.03330,1.44500
980.99381,1.41402
978.95432,1.37769
976.91483,1.33914
974.87534,1.30155
972.83586,1.26734
970.79637,1.23594
968.75688,1.20737
966.71739,1.18495
964.67790,1.16725
962.63842,1.15175
960.59893,1.14058
958.55944,1.13473
956.51995,1.13233
954.48046,1.13394
952.44097,1.14499
950.40149,1.16836
948.36200,1.20281
946.32251,1.24576
944.28302,1.28974
942.24353,1.32753
940.20405,1.35790
938.16456,1.38148
936.12507,1.39835
934.08558,1.40938
932.04609,1.41433
930.00661,1.41160
927.96712,1.40529
925.92763,1.39613
923.88814,1.37976
921.84865,1.36039
919.80916,1.33909
917.76968,1.31210
915.73019,1.28275
913.69070,1.25512
911.65121,1.23119
909.61172,1.21263
907.57224,1.19989
905.53275,1.19351
903.49326,1.19220
901.45377,1.18978
899.41428,1.18298
897.37479,1.17620
895.33531,1.16895
893.29582,1.15873
891.25633,1.15061
889.21684,1.14478
887.17735,1.13838
885.13787,1.13501
883.09838,1.13794
881.05889,1.14832
879.01940,1.16764
876.97991,1.19832
874.94042,1.24062
872.90094,1.28966
870.86145,1.33916
868.82196,1.38195
866.78247,1.41191
864.74298,1.43168
862.70350,1.44374
860.66401,1.43866
858.62452,1.41855
856.58503,1.39882
854.54554,1.38170
852.50605,1.36688
850.46657,1.35739
848.42708,1.34741
846.38759,1.33376
844.34810,1.32195
842.30861,1.31198
840.26913,1.30143
838.22964,1.28955
836.19015,1.27484
834.15066,1.26229
832.11117,1.25601
830.07168,1.25238
828.03220,1.24913
825.99271,1.24473
823.95322,1.24016
821.91373,1.24248
819.87424,1.25117
817.83476,1.25869
815.79527,1.26489
813.75578,1.27277
811.71629,1.28489
809.67680,1.30091
807.63731,1.31417
805.59783,1.32336
803.55834,1.33415
801.51885,1.34618
799.47936,1.35855
797.43987,1.37526
795.40039,1.39283
793.36090,1.40372
791.32141,1.41284
789.28192,1.43036
787.24243,1.45177
785.20295,1.46612
783.16346,1.47611
781.12397,1.48829
779.08448,1.50210
777.04499,1.52084
775.00550,1.54680
772.96602,1.56339
770.92653,1.56341
768.88704,1.56740
766.84755,1.58037
764.80806,1.58377
762.76858,1.57349
760.72909,1.56126
758.68960,1.55121
756.65011,1.54282
754.61062,1.53698
752.57113,1.53009
750.53165,1.51787
748.49216,1.50466
746.45267,1.50266
744.41318,1.50938
742.37369,1.51070
740.33421,1.50764
738.29472,1.50818
736.25523,1.51745
734.21574,1.53431
732.17625,1.54746
730.13676,1.55827
728.09728,1.57097
726.05779,1.57135
724.01830,1.56963
721.97881,1.58222
719.93932,1.60336
717.89984,1.62232
715.86035,1.63132
713.82086,1.62315
711.78137,1.61000
709.74188,1.60745
707.70239,1.60522
705.66291,1.59522
703.62342,1.58504
701.58393,1.57756
699.54444,1.57235
697.50495,1.56577
695.46547,1.55997
693.42598,1.56734
691.38649,1.58532
689.34700,1.60333
687.30751,1.61686
685.26802,1.61075
683.22854,1.58073
681.18905,1.55706
679.14956,1.56151
677.11007,1.58180
675.07058,1.60044
673.03110,1.61641
670.99161,1.63792
668.95212,1.65777
666.91263,1.65174
664.87314,1.63445
662.83365,1.63533
660.79417,1.64352
658.75468,1.63718
656.71519,1.62397
654.67570,1.61920
652.63621,1.61847
650.59673,1.61632
648.55724,1.61810
646.51775,1.62135
644.47826,1.61799
642.43877,1.61601
640.39929,1.61965
638.35980,1.61505
636.32031,1.61213
634.28082,1.63671
632.24133,1.67467
630.20184,1.68627
628.16236,1.66620
626.12287,1.64479
624.08338,1.63077
622.04389,1.62715
620.00440,1.66081
617.96492,1.68873
615.92543,1.64796
613.88594,1.59930
611.84645,1.58550
609.80696,1.56968
607.76747,1.58499
605.72799,1.64829
603.68850,1.66327
601.64901,1.64394
599.60952,1.67212
597.57003,1.69557
595.53055,1.70017
593.49106,1.69739
591.45157,1.65859
589.41208,1.61561
587.37259,1.58474
585.33310,1.56974
583.29362,1.60921
581.25413,1.67671
579.21464,1.67379
577.17515,1.66337
575.13566,1.69614
573.09618,1.65834
571.05669,1.57694
569.01720,1.52096
566.97771,1.48578
564.93822,1.49518
562.89873,1.54299
560.85925,1.58125
558.81976,1.59214
556.78027,1.55968
554.74078,1.51665
552.70129,1.51295
550.66181,1.53048
548.62232,1.53551
546.58283,1.56287
544.54334,1.56955
542.50385,1.51061
540.46436,1.46497
538.42488,1.45221
536.38539,1.44369
534.34590,1.47656
532.30641,1.63374
530.26692,1.82472
528.22744,1.87196
526.18795,1.79968
524.14846,1.56455
522.10897,1.50879
520.06948,1.52962
518.02999,1.52205
515.99051,1.46233
513.95102,1.42985
511.91153,1.36567
509.87204,1.30072
507.83255,1.23096
505.79307,1.20285
503.75358,1.14725
501.71409,1.16274
499.67460,1.15574
