3997.39681,0.41941
3995.35732,0.41944
3993.31783,0.41950
3991.27835,0.41894
3989.23886,0.41800
3987.19937,0.41742
3985.15988,0.41668
3983.12039,0.41515
3981.08091,0.41351
3979.04142,0.41291
3977.00193,0.41318
3974.96244,0.41293
3972.92295,0.41157
3970.88346,0.40989
3968.84398,0.40841
3966.80449,0.40676
3964.76500,0.40507
3962.72551,0.40415
3960.68602,0.40393
3958.64654,0.40348
3956.60705,0.40242
3954.56756,0.40087
3952.52807,0.39958
3950.48858,0.39916
3948.44909,0.39885
3946.40961,0.39772
3944.37012,0.39580
3942.33063,0.39356
3940.29114,0.39155
3938.25165,0.38998
3936.21217,0.38893
3934.17268,0.38817
3932.13319,0.38728
3930.09370,0.38607
3928.05421,0.38450
3926.01473,0.38267
3923.97524,0.38085
3921.93575,0.37923
3919.89626,0.37747
3917.85677,0.37498
3915.81728,0.37189
3913.77780,0.36897
3911.73831,0.36698
3909.69882,0.36640
3907.65933,0.36652
3905.61984,0.36604
3903.58036,0.36481
3901.54087,0.36281
3899.50138,0.35969
3897.46189,0.35684
3895.42240,0.35545
3893.38291,0.35464
3891.34343,0.35349
3889.30394,0.35229
3887.26445,0.35094
3885.22496,0.35000
3883.18547,0.34985
3881.14599,0.34928
3879.10650,0.34830
3877.06701,0.34737
3875.02752,0.34712
3872.98803,0.34772
3870.94854,0.34712
3868.90906,0.34543
3866.86957,0.34413
3864.83008,0.34311
3862.79059,0.34277
3860.75110,0.34335
3858.71162,0.34476
3856.67213,0.34558
3854.63264,0.34438
3852.59315,0.34298
3850.55366,0.34265
3848.51417,0.34207
3846.47469,0.34155
3844.43520,0.34186
3842.39571,0.34272
3840.35622,0.34320
3838.31673,0.34301
3836.27725,0.34242
3834.23776,0.34121
3832.19827,0.34005
3830.15878,0.34018
3828.11929,0.34121
3826.07980,0.34270
3824.04032,0.34401
3822.00083,0.34458
3819.96134,0.34550
3817.92185,0.34543
3815.88236,0.34386
3813.84288,0.34337
3811.80339,0.34411
3809.76390,0.34502
3807.72441,0.34627
3805.68492,0.34857
3803.64543,0.35019
3801.60595,0.35046
3799.56646,0.35133
3797.52697,0.35207
3795.48748,0.35239
3793.44799,0.35313
3791.40851,0.35430
3789.36902,0.35602
3787.32953,0.35792
3785.29004,0.35966
3783.25055,0.36151
3781.21107,0.36320
3779.17158,0.36476
3777.13209,0.36680
3775.09260,0.36920
3773.05311,0.37150
3771.01362,0.37354
3768.97414,0.37572
3766.93465,0.37791
3764.89516,0.38030
3762.85567,0.38297
3760.81618,0.38525
3758.77670,0.38798
3756.73721,0.39171
3754.69772,0.39518
3752.65823,0.39760
3750.61874,0.40031
3748.57925,0.40445
3746.53977,0.40731
3744.50028,0.40883
3742.46079,0.41200
3740.42130,0.41560
3738.38181,0.41850
3736.34233,0.42141
3734.30284,0.42445
3732.26335,0.42771
3730.22386,0.43148
3728.18437,0.43524
3726.14488,0.43910
3724.10540,0.44367
3722.06591,0.44863
3720.02642,0.45347
3717.98693,0.45856
3715.94744,0.46446
3713.90796,0.47077
3711.86847,0.47759
3709.82898,0.48521
3707.78949,0.49281
3705.75000,0.50016
3703.71051,0.50775
3701.67103,0.51638
3699.63154,0.52640
3697.59205,0.53760
3695.55256,0.55006
3693.51307,0.56299
3691.47359,0.57584
3689.43410,0.58935
3687.39461,0.60392
3685.35512,0.61872
3683.31563,0.63383
3681.27614,0.65066
3679.23666,0.66980
3677.19717,0.69174
3675.15768,0.71795
3673.11819,0.74485
3671.07870,0.76829
3669.03922,0.79106
3666.99973,0.81497
3664.96024,0.83999
3662.92075,0.86636
3660.88126,0.89338
3658.84177,0.92136
3656.80229,0.95061
3654.76280,0.97786
3652.72331,1.00100
3650.68382,1.02615
3648.64433,1.05823
3646.60485,1.09131
3644.56536,1.12024
3642.52587,1.14625
3640.48638,1.16947
3638.44689,1.18984
3636.40741,1.21134
3634.36792,1.23793
3632.32843,1.26871
3630.28894,1.29887
3628.24945,1.32424
3626.20996,1.34481
3624.17048,1.36468
3622.13099,1.38601
3620.09150,1.41074
3618.05201,1.43863
3616.01252,1.46070
3613.97304,1.47129
3611.93355,1.47721
3609.89406,1.49065
3607.85457,1.51427
3605.81508,1.53670
3603.77559,1.55101
3601.73611,1.56192
3599.69662,1.57389
3597.65713,1.59046
3595.61764,1.61373
3593.57815,1.63437
3591.53867,1.64231
3589.49918,1.64522
3587.45969,1.65915
3585.42020,1.68336
3583.38071,1.70178
3581.34122,1.70908
3579.30174,1.71262
3577.26225,1.71489
3575.22276,1.71576
3573.18327,1.72124
3571.14378,1.73658
3569.10430,1.75473
3567.06481,1.76149
3565.02532,1.76029
3562.98583,1.76430
3560.94634,1.77346
3558.90685,1.77964
3556.86737,1.77650
3554.82788,1.76827
3552.78839,1.76535
3550.74890,1.76724
3548.70941,1.76747
3546.66993,1.76817
3544.63044,1.77366
3542.59095,1.78899
3540.55146,1.81089
3538.51197,1.81903
3536.47248,1.81082
3534.43300,1.80748
3532.39351,1.80849
3530.35402,1.80091
3528.31453,1.79360
3526.27504,1.80002
3524.23556,1.81430
3522.19607,1.82103
3520.15658,1.81309
3518.11709,1.80042
3516.07760,1.79701
3514.03811,1.80123
3511.99863,1.80746
3509.95914,1.81139
3507.91965,1.80913
3505.88016,1.80560
3503.84067,1.80285
3501.80119,1.79834
3499.76170,1.79907
3497.72221,1.80684
3495.68272,1.80655
3493.64323,1.80010
3491.60375,1.80530
3489.56426,1.81746
3487.52477,1.81986
3485.48528,1.81286
3483.44579,1.80316
3481.40630,1.79256
3479.36682,1.78532
3477.32733,1.78153
3475.28784,1.78373
3473.24835,1.79782
3471.20886,1.80430
3469.16938,1.78979
3467.12989,1.77897
3465.09040,1.79163
3463.05091,1.81136
3461.01142,1.80908
3458.97193,1.79452
3456.93245,1.79323
3454.89296,1.79646
3452.85347,1.79127
3450.81398,1.78777
3448.77449,1.79033
3446.73501,1.79155
3444.69552,1.79112
3442.65603,1.79234
3440.61654,1.79376
3438.57705,1.78852
3436.53756,1.77805
3434.49808,1.77802
3432.45859,1.78918
3430.41910,1.79600
3428.37961,1.79512
3426.34012,1.78697
3424.30064,1.77650
3422.26115,1.77465
3420.22166,1.77055
3418.18217,1.75683
3416.14268,1.75408
3414.10319,1.76768
3412.06371,1.77524
3410.02422,1.76257
3407.98473,1.74775
3405.94524,1.74975
3403.90575,1.76126
3401.86627,1.76842
3399.82678,1.76467
3397.78729,1.75880
3395.74780,1.75902
3393.70831,1.75357
3391.66882,1.74390
3389.62934,1.74312
3387.58985,1.74770
3385.55036,1.75178
3383.51087,1.75318
3381.47138,1.74871
3379.43190,1.74455
3377.39241,1.74161
3375.35292,1.73142
3373.31343,1.72037
3371.27394,1.71717
3369.23446,1.72093
3367.19497,1.72854
3365.15548,1.73357
3363.11599,1.73432
3361.07650,1.73406
3359.03701,1.73621
3356.99753,1.74259
3354.95804,1.74547
3352.91855,1.73785
3350.87906,1.72816
3348.83957,1.72377
3346.80009,1.72205
3344.76060,1.71992
3342.72111,1.71526
3340.68162,1.71278
3338.64213,1.71932
3336.60264,1.73136
3334.56316,1.73817
3332.52367,1.73051
3330.48418,1.71541
3328.44469,1.70837
3326.40520,1.71122
3324.36572,1.71688
3322.32623,1.71821
3320.28674,1.71246
3318.24725,1.70570
3316.20776,1.70572
3314.16827,1.70947
3312.12879,1.70757
3310.08930,1.70208
3308.04981,1.69538
3306.01032,1.68787
3303.97083,1.69184
3301.93135,1.70854
3299.89186,1.72265
3297.85237,1.72266
3295.81288,1.71277
3293.77339,1.70551
3291.73390,1.70389
3289.69442,1.70125
3287.65493,1.69695
3285.61544,1.69982
3283.57595,1.70909
3281.53646,1.71048
3279.49698,1.70051
3277.45749,1.69000
3275.41800,1.68486
3273.37851,1.68093
3271.33902,1.67652
3269.29953,1.67694
3267.26005,1.68242
3265.22056,1.68396
3263.18107,1.67838
3261.14158,1.67250
3259.10209,1.67262
3257.06261,1.68509
3255.02312,1.70127
3252.98363,1.70125
3250.94414,1.68644
3248.90465,1.67165
3246.86516,1.66894
3244.82568,1.67960
3242.78619,1.68361
3240.74670,1.67159
3238.70721,1.66408
3236.66772,1.66807
3234.62824,1.66930
3232.58875,1.66571
3230.54926,1.66079
3228.50977,1.65604
3226.47028,1.65954
3224.43080,1.66892
3222.39131,1.67086
3220.35182,1.66296
3218.31233,1.65610
3216.27284,1.65821
3214.23335,1.66539
3212.19387,1.66968
3210.15438,1.66856
3208.11489,1.66540
3206.07540,1.66064
3204.03591,1.65393
3201.99643,1.64909
3199.95694,1.64960
3197.91745,1.65434
3195.87796,1.65899
3193.83847,1.65909
3191.79898,1.65131
3189.75950,1.64510
3187.72001,1.65104
3185.68052,1.66119
3183.64103,1.66238
3181.60154,1.65617
3179.56206,1.65218
3177.52257,1.64942
3175.48308,1.64476
3173.44359,1.64389
3171.40410,1.64744
3169.36461,1.64809
3167.32513,1.64409
3165.28564,1.63884
3163.24615,1.63378
3161.20666,1.63165
3159.16717,1.63269
3157.12769,1.63197
3155.08820,1.63023
3153.04871,1.63045
3151.00922,1.62965
3148.96973,1.62814
3146.93024,1.62883
3144.89076,1.63096
3142.85127,1.63148
3140.81178,1.62673
3138.77229,1.62123
3136.73280,1.62004
3134.69332,1.61922
3132.65383,1.61909
3130.61434,1.62283
3128.57485,1.62776
3126.53536,1.62876
3124.49587,1.62443
3122.45639,1.61979
3120.41690,1.61513
3118.37741,1.60924
3116.33792,1.60562
3114.29843,1.60302
3112.25895,1.60123
3110.21946,1.60235
3108.17997,1.60199
3106.14048,1.59575
3104.10099,1.58499
3102.06150,1.57537
3100.02202,1.57180
3097.98253,1.57170
3095.94304,1.56942
3093.90355,1.56540
3091.86406,1.56293
3089.82458,1.56001
3087.78509,1.55447
3085.74560,1.55049
3083.70611,1.55070
3081.66662,1.54943
3079.62714,1.54424
3077.58765,1.54069
3075.54816,1.53860
3073.50867,1.53382
3071.46918,1.52945
3069.42969,1.52811
3067.39021,1.52746
3065.35072,1.52559
3063.31123,1.51771
3061.27174,1.50439
3059.23225,1.49566
3057.19277,1.49388
3055.15328,1.49157
3053.11379,1.48566
3051.07430,1.47985
3049.03481,1.47534
3046.99532,1.46912
3044.95584,1.46154
3042.91635,1.45638
3040.87686,1.45294
3038.83737,1.44848
3036.79788,1.44456
3034.75840,1.44306
3032.71891,1.44210
3030.67942,1.43929
3028.63993,1.43424
3026.60044,1.42576
3024.56095,1.41553
3022.52147,1.41048
3020.48198,1.41099
3018.44249,1.40896
3016.40300,1.40282
3014.36351,1.39687
3012.32403,1.39189
3010.28454,1.38982
3008.24505,1.39202
3006.20556,1.39592
3004.16607,1.40016
3002.12658,1.40343
3000.08710,1.40455
2998.04761,1.40624
2996.00812,1.41142
2993.96863,1.41968
2991.92914,1.42981
2989.88966,1.43689
2987.85017,1.44014
2985.81068,1.44497
2983.77119,1.45303
2981.73170,1.46293
2979.69221,1.47153
2977.65273,1.47810
2975.61324,1.48666
2973.57375,1.49725
2971.53426,1.50502
2969.49477,1.51226
2967.45529,1.52352
2965.41580,1.53490
2963.37631,1.54224
2961.33682,1.54755
2959.29733,1.55864
2957.25784,1.57696
2955.21836,1.59255
2953.17887,1.60231
2951.13938,1.61512
2949.09989,1.63075
2947.06040,1.63742
2945.02092,1.63314
2942.98143,1.62935
2940.94194,1.63454
2938.90245,1.64225
2936.86296,1.64224
2934.82348,1.63738
2932.78399,1.63650
2930.74450,1.63908
2928.70501,1.63915
2926.66552,1.63584
2924.62603,1.62804
2922.58655,1.62020
2920.54706,1.61913
2918.50757,1.61808
2916.46808,1.61136
2914.42859,1.60502
2912.38911,1.59930
2910.34962,1.59268
2908.31013,1.58994
2906.27064,1.59102
2904.23115,1.59148
2902.19166,1.58917
2900.15218,1.58445
2898.11269,1.57901
2896.07320,1.57532
2894.03371,1.57415
2891.99422,1.57166
2889.95474,1.56795
2887.91525,1.56768
2885.87576,1.56767
2883.83627,1.56249
2881.79678,1.55416
2879.75729,1.54566
2877.71781,1.53432
2875.67832,1.51998
2873.63883,1.50642
2871.59934,1.49111
2869.55985,1.47415
2867.52037,1.46068
2865.48088,1.45213
2863.44139,1.44565
2861.40190,1.43915
2859.36241,1.43385
2857.32292,1.42826
2855.28344,1.42139
2853.24395,1.41366
2851.20446,1.40522
2849.16497,1.39822
2847.12548,1.39229
2845.08600,1.38332
2843.04651,1.37168
2841.00702,1.36131
2838.96753,1.35219
2836.92804,1.34435
2834.88855,1.33844
2832.84907,1.33090
2830.80958,1.31980
2828.77009,1.31062
2826.73060,1.30594
2824.69111,1.30078
2822.65163,1.29385
2820.61214,1.28703
2818.57265,1.28037
2816.53316,1.27339
2814.49367,1.26616
2812.45418,1.26003
2810.41470,1.25489
2808.37521,1.24982
2806.33572,1.24468
2804.29623,1.23873
2802.25674,1.23269
2800.21726,1.22759
2798.17777,1.22307
2796.13828,1.21878
2794.09879,1.21462
2792.05930,1.21174
2790.01982,1.20990
2787.98033,1.20708
2785.94084,1.20364
2783.90135,1.20077
2781.86186,1.19923
2779.82237,1.20025
2777.78289,1.20175
2775.74340,1.19979
2773.70391,1.19579
2771.66442,1.19297
2769.62493,1.19031
2767.58545,1.18671
2765.54596,1.18446
2763.50647,1.18517
2761.46698,1.18649
2759.42749,1.18472
2757.38800,1.18137
2755.34852,1.17927
2753.30903,1.17720
2751.26954,1.17525
2749.23005,1.17394
2747.19056,1.17272
2745.15108,1.17192
2743.11159,1.17052
2741.07210,1.16741
2739.03261,1.16331
2736.99312,1.15947
2734.95363,1.15747
2732.91415,1.15695
2730.87466,1.15502
2728.83517,1.15052
2726.79568,1.14543
2724.75619,1.14172
2722.71671,1.13877
2720.67722,1.13519
2718.63773,1.13166
2716.59824,1.12860
2714.55875,1.12451
2712.51926,1.11875
2710.47978,1.11276
2708.44029,1.10827
2706.40080,1.10505
2704.36131,1.10113
2702.32182,1.09555
2700.28234,1.09057
2698.24285,1.08786
2696.20336,1.08595
2694.16387,1.08372
2692.12438,1.07954
2690.08489,1.07310
2688.04541,1.06780
2686.00592,1.06449
2683.96643,1.06161
2681.92694,1.05902
2679.88745,1.05703
2677.84797,1.05478
2675.80848,1.05033
2673.76899,1.04350
2671.72950,1.03757
2669.69001,1.03451
2667.65052,1.03159
2665.61104,1.02701
2663.57155,1.02223
2661.53206,1.01810
2659.49257,1.01344
2657.45308,1.00701
2655.41360,1.00037
2653.37411,0.99558
2651.33462,0.99160
2649.29513,0.98708
2647.25564,0.98151
2645.21616,0.97523
2643.17667,0.97026
2641.13718,0.96629
2639.09769,0.96067
2637.05820,0.95365
2635.01871,0.94747
2632.97923,0.94235
2630.93974,0.93729
2628.90025,0.93233
2626.86076,0.92745
2624.82127,0.92204
2622.78179,0.91686
2620.74230,0.91331
2618.70281,0.91065
2616.66332,0.90669
2614.62383,0.90174
2612.58434,0.89825
2610.54486,0.89555
2608.50537,0.89207
2606.46588,0.88955
2604.42639,0.88879
2602.38690,0.88769
2600.34742,0.88542
2598.30793,0.88388
2596.26844,0.88315
2594.22895,0.88102
2592.18946,0.87855
2590.14997,0.87767
2588.11049,0.87657
2586.07100,0.87400
2584.03151,0.87110
2581.99202,0.86798
2579.95253,0.86435
2577.91305,0.86110
2575.87356,0.85868
2573.83407,0.85636
2571.79458,0.85378
2569.75509,0.85080
2567.71560,0.84740
2565.67612,0.84450
2563.63663,0.84186
2561.59714,0.83766
2559.55765,0.83241
2557.51816,0.82853
2555.47868,0.82582
2553.43919,0.82244
2551.39970,0.81858
2549.36021,0.81497
2547.32072,0.81152
2545.28123,0.80824
2543.24175,0.80496
2541.20226,0.80136
2539.16277,0.79805
2537.12328,0.79483
2535.08379,0.79043
2533.04431,0.78547
2531.00482,0.78185
2528.96533,0.77927
2526.92584,0.77611
2524.88635,0.77277
2522.84686,0.77037
2520.80738,0.76834
2518.76789,0.76569
2516.72840,0.76285
2514.68891,0.76108
2512.64942,0.75985
2510.60994,0.75795
2508.57045,0.75590
2506.53096,0.75412
2504.49147,0.75224
2502.45198,0.75014
2500.41250,0.74828
2498.37301,0.74685
2496.33352,0.74538
2494.29403,0.74328
2492.25454,0.74063
2490.21505,0.73818
2488.17557,0.73607
2486.13608,0.73381
2484.09659,0.73117
2482.05710,0.72838
2480.01761,0.72587
2477.97813,0.72316
2475.93864,0.71978
2473.89915,0.71656
2471.85966,0.71388
2469.82017,0.71115
2467.78068,0.70809
2465.74120,0.70471
2463.70171,0.70120
2461.66222,0.69756
2459.62273,0.69365
2457.58324,0.68969
2455.54376,0.68597
2453.50427,0.68240
2451.46478,0.67837
2449.42529,0.67413
2447.38580,0.67068
2445.34631,0.66751
2443.30683,0.66339
2441.26734,0.65839
2439.22785,0.65342
2437.18836,0.64921
2435.14887,0.64586
2433.10939,0.64281
2431.06990,0.63920
2429.03041,0.63482
2426.99092,0.63057
2424.95143,0.62683
2422.91194,0.62289
2420.87246,0.61884
2418.83297,0.61533
2416.79348,0.61232
2414.75399,0.60945
2412.71450,0.60653
2410.67502,0.60359
2408.63553,0.60099
2406.59604,0.59874
2404.55655,0.59627
2402.51706,0.59354
2400.47757,0.59083
2398.43809,0.58830
2396.39860,0.58645
2394.35911,0.58536
2392.31962,0.58440
2390.28013,0.58317
2388.24065,0.58222
2386.20116,0.58190
2384.16167,0.58208
2382.12218,0.58272
2380.08269,0.58354
2378.04320,0.58412
2376.00372,0.58439
2373.96423,0.58477
2371.92474,0.58561
2369.88525,0.58641
2367.84576,0.58658
2365.80628,0.58606
2363.76679,0.58573
2361.72730,0.58579
2359.68781,0.58424
2357.64832,0.58056
2355.60884,0.57650
2353.56935,0.57402
2351.52986,0.57469
2349.49037,0.57563
2347.45088,0.57237
2345.41139,0.56698
2343.37191,0.56430
2341.33242,0.56405
2339.29293,0.56383
2337.25344,0.56238
2335.21395,0.55959
2333.17447,0.55653
2331.13498,0.55411
2329.09549,0.55268
2327.05600,0.55204
2325.01651,0.55151
2322.97702,0.55023
2320.93754,0.54797
2318.89805,0.54571
2316.85856,0.54415
2314.81907,0.54306
2312.77958,0.54204
2310.74010,0.54107
2308.70061,0.54011
2306.66112,0.53888
2304.62163,0.53758
2302.58214,0.53674
2300.54265,0.53625
2298.50317,0.53564
2296.46368,0.53495
2294.42419,0.53435
2292.38470,0.53381
2290.34521,0.53356
2288.30573,0.53376
2286.26624,0.53417
2284.22675,0.53458
2282.18726,0.53503
2280.14777,0.53560
2278.10828,0.53647
2276.06880,0.53779
2274.02931,0.53924
2271.98982,0.54024
2269.95033,0.54084
2267.91084,0.54162
2265.87136,0.54276
2263.83187,0.54405
2261.79238,0.54526
2259.75289,0.54638
2257.71340,0.54745
2255.67391,0.54843
2253.63443,0.54928
2251.59494,0.54987
2249.55545,0.55033
2247.51596,0.55158
2245.47647,0.55316
2243.43699,0.55435
2241.39750,0.55518
2239.35801,0.55609
2237.31852,0.55723
2235.27903,0.55857
2233.23954,0.56016
2231.20006,0.56182
2229.16057,0.56325
2227.12108,0.56462
2225.08159,0.56604
2223.04210,0.56738
2221.00262,0.56896
2218.96313,0.57113
2216.92364,0.57355
2214.88415,0.57564
2212.84466,0.57775
2210.80518,0.58036
2208.76569,0.58304
2206.72620,0.58525
2204.68671,0.58718
2202.64722,0.58949
2200.60773,0.59205
2198.56825,0.59433
2196.52876,0.59639
2194.48927,0.59849
2192.44978,0.60064
2190.41029,0.60283
2188.37081,0.60519
2186.33132,0.60783
2184.29183,0.61063
2182.25234,0.61343
2180.21285,0.61651
2178.17336,0.61999
2176.13388,0.62327
2174.09439,0.62597
2172.05490,0.62833
2170.01541,0.63078
2167.97592,0.63348
2165.93644,0.63615
2163.89695,0.63841
2161.85746,0.64012
2159.81797,0.64144
2157.77848,0.64269
2155.73899,0.64387
2153.69951,0.64452
2151.66002,0.64458
2149.62053,0.64430
2147.58104,0.64387
2145.54155,0.64365
2143.50207,0.64362
2141.46258,0.64343
2139.42309,0.64313
2137.38360,0.64270
2135.34411,0.64201
2133.30462,0.64128
2131.26514,0.64075
2129.22565,0.64065
2127.18616,0.64052
2125.14667,0.63971
2123.10718,0.63877
2121.06770,0.63811
2119.02821,0.63755
2116.98872,0.63705
2114.94923,0.63652
2112.90974,0.63612
2110.87025,0.63604
2108.83077,0.63596
2106.79128,0.63599
2104.75179,0.63674
2102.71230,0.63778
2100.67281,0.63842
2098.63333,0.63870
2096.59384,0.63876
2094.55435,0.63882
2092.51486,0.63889
2090.47537,0.63905
2088.43588,0.63939
2086.39640,0.63950
2084.35691,0.63909
2082.31742,0.63848
2080.27793,0.63812
2078.23844,0.63805
2076.19896,0.63796
2074.15947,0.63791
2072.11998,0.63815
2070.08049,0.63827
2068.04100,0.63812
2066.00152,0.63787
2063.96203,0.63746
2061.92254,0.63705
2059.88305,0.63678
2057.84356,0.63642
2055.80407,0.63576
2053.76459,0.63482
2051.72510,0.63368
2049.68561,0.63230
2047.64612,0.63054
2045.60663,0.62843
2043.56715,0.62605
2041.52766,0.62336
2039.48817,0.62007
2037.44868,0.61613
2035.40919,0.61217
2033.36970,0.60863
2031.33022,0.60517
2029.29073,0.60133
2027.25124,0.59731
2025.21175,0.59342
2023.17226,0.58964
2021.13278,0.58611
2019.09329,0.58285
2017.05380,0.57948
2015.01431,0.57579
2012.97482,0.57189
2010.93533,0.56793
2008.89585,0.56444
2006.85636,0.56178
2004.81687,0.55948
2002.77738,0.55708
2000.73789,0.55469
1998.69841,0.55282
1996.65892,0.55193
1994.61943,0.55174
1992.57994,0.55144
1990.54045,0.55047
1988.50096,0.54884
1986.46148,0.54735
1984.42199,0.54663
1982.38250,0.54636
1980.34301,0.54579
1978.30352,0.54475
1976.26404,0.54389
1974.22455,0.54336
1972.18506,0.54308
1970.14557,0.54329
1968.10608,0.54364
1966.06659,0.54353
1964.02711,0.54320
1961.98762,0.54314
1959.94813,0.54326
1957.90864,0.54344
1955.86915,0.54388
1953.82967,0.54437
1951.79018,0.54448
1949.75069,0.54441
1947.71120,0.54490
1945.67171,0.54619
1943.63222,0.54708
1941.59274,0.54633
1939.55325,0.54455
1937.51376,0.54307
1935.47427,0.54217
1933.43478,0.54152
1931.39530,0.54089
1929.35581,0.54035
1927.31632,0.54021
1925.27683,0.54040
1923.23734,0.54030
1921.19786,0.53984
1919.15837,0.53948
1917.11888,0.53906
1915.07939,0.53794
1913.03990,0.53652
1911.00041,0.53549
1908.96093,0.53458
1906.92144,0.53357
1904.88195,0.53245
1902.84246,0.53110
1900.80297,0.52996
1898.76349,0.52967
1896.72400,0.52987
1894.68451,0.52984
1892.64502,0.52989
1890.60553,0.53045
1888.56604,0.53113
1886.52656,0.53145
1884.48707,0.53167
1882.44758,0.53234
1880.40809,0.53338
1878.36860,0.53426
1876.32912,0.53483
1874.28963,0.53584
1872.25014,0.53784
1870.21065,0.53966
1868.17116,0.53937
1866.13167,0.53694
1864.09219,0.53436
1862.05270,0.53278
1860.01321,0.53180
1857.97372,0.53079
1855.93423,0.52961
1853.89475,0.52857
1851.85526,0.52785
1849.81577,0.52755
1847.77628,0.52792
1845.73679,0.52821
1843.69730,0.52702
1841.65782,0.52473
1839.61833,0.52300
1837.57884,0.52231
1835.53935,0.52216
1833.49986,0.52275
1831.46038,0.52424
1829.42089,0.52569
1827.38140,0.52616
1825.34191,0.52581
1823.30242,0.52552
1821.26293,0.52585
1819.22345,0.52685
1817.18396,0.52832
1815.14447,0.53015
1813.10498,0.53247
1811.06549,0.53494
1809.02601,0.53673
1806.98652,0.53810
1804.94703,0.54036
1802.90754,0.54373
1800.86805,0.54708
1798.82856,0.54987
1796.78908,0.55274
1794.74959,0.55601
1792.71010,0.55889
1790.67061,0.56053
1788.63112,0.56139
1786.59164,0.56288
1784.55215,0.56565
1782.51266,0.56899
1780.47317,0.57214
1778.43368,0.57519
1776.39420,0.57866
1774.35471,0.58287
1772.31522,0.58721
1770.27573,0.59016
1768.23624,0.59140
1766.19675,0.59296
1764.15727,0.59607
1762.11778,0.60026
1760.07829,0.60477
1758.03880,0.60916
1755.99931,0.61410
1753.95983,0.62004
1751.92034,0.62714
1749.88085,0.63493
1747.84136,0.64149
1745.80187,0.64682
1743.76238,0.65254
1741.72290,0.65912
1739.68341,0.66641
1737.64392,0.67417
1735.60443,0.68246
1733.56494,0.69218
1731.52546,0.70135
1729.48597,0.70820
1727.44648,0.71492
1725.40699,0.72344
1723.36750,0.73435
1721.32801,0.74695
1719.28853,0.76140
1717.24904,0.77876
1715.20955,0.79554
1713.17006,0.80900
1711.13057,0.82261
1709.09109,0.83934
1707.05160,0.85958
1705.01211,0.88190
1702.97262,0.90392
1700.93313,0.92829
1698.89364,0.95702
1696.85416,0.98471
1694.81467,1.01221
1692.77518,1.03956
1690.73569,1.06618
1688.69620,1.09388
1686.65672,1.12282
1684.61723,1.15735
1682.57774,1.19617
1680.53825,1.22865
1678.49876,1.25576
1676.45927,1.28347
1674.41979,1.31283
1672.38030,1.34049
1670.34081,1.36709
1668.30132,1.39349
1666.26183,1.41403
1664.22235,1.42882
1662.18286,1.44198
1660.14337,1.45448
1658.10388,1.46552
1656.06439,1.47224
1654.02490,1.47370
1651.98542,1.47797
1649.94593,1.48837
1647.90644,1.49514
1645.86695,1.49397
1643.82746,1.48992
1641.78798,1.48583
1639.74849,1.48147
1637.70900,1.47637
1635.66951,1.46982
1633.63002,1.46212
1631.59054,1.45323
1629.55105,1.44312
1627.51156,1.43330
1625.47207,1.42353
1623.43258,1.41211
1621.39309,1.39971
1619.35361,1.38660
1617.31412,1.37189
1615.27463,1.35846
1613.23514,1.34829
1611.19565,1.33894
1609.15617,1.32907
1607.11668,1.31884
1605.07719,1.30870
1603.03770,1.29988
1600.99821,1.29406
1598.95872,1.29047
1596.91924,1.28625
1594.87975,1.28006
1592.84026,1.27287
1590.80077,1.26565
1588.76128,1.25938
1586.72180,1.25592
1584.68231,1.25504
1582.64282,1.25447
1580.60333,1.25360
1578.56384,1.25178
1576.52435,1.24818
1574.48487,1.24487
1572.44538,1.24231
1570.40589,1.24096
1568.36640,1.24215
1566.32691,1.24235
1564.28743,1.24007
1562.24794,1.23670
1560.20845,1.23004
1558.16896,1.22230
1556.12947,1.21874
1554.08998,1.21426
1552.05050,1.20669
1550.01101,1.19805
1547.97152,1.19028
1545.93203,1.18316
1543.89254,1.17471
1541.85306,1.16448
1539.81357,1.15586
1537.77408,1.15236
1535.73459,1.14992
1533.69510,1.14607
1531.65561,1.14236
1529.61613,1.13855
1527.57664,1.13519
1525.53715,1.13439
1523.49766,1.13403
1521.45817,1.13143
1519.41869,1.12831
1517.37920,1.12541
1515.33971,1.12319
1513.30022,1.12343
1511.26073,1.12595
1509.22124,1.12765
1507.18176,1.12767
1505.14227,1.13132
1503.10278,1.13771
1501.06329,1.14284
1499.02380,1.14729
1496.98432,1.15356
1494.94483,1.16365
1492.90534,1.17649
1490.86585,1.19082
1488.82636,1.20758
1486.78688,1.22657
1484.74739,1.24662
1482.70790,1.26871
1480.66841,1.29500
1478.62892,1.32529
1476.58943,1.35971
1474.54995,1.40063
1472.51046,1.44865
1470.47097,1.49593
1468.43148,1.53412
1466.39199,1.56764
1464.35251,1.59908
1462.31302,1.62065
1460.27353,1.63106
1458.23404,1.63573
1456.19455,1.63571
1454.15506,1.63289
1452.11558,1.62901
1450.07609,1.62099
1448.03660,1.61080
1445.99711,1.60852
1443.95762,1.61600
1441.91814,1.62434
1439.87865,1.62685
1437.83916,1.62491
1435.79967,1.62562
1433.76018,1.63300
1431.72069,1.64329
1429.68121,1.65031
1427.64172,1.65398
1425.60223,1.65912
1423.56274,1.66527
1421.52325,1.67152
1419.48377,1.68171
1417.44428,1.68970
1415.40479,1.68427
1413.36530,1.67372
1411.32581,1.66952
1409.28632,1.67049
1407.24684,1.67099
1405.20735,1.66920
1403.16786,1.66568
1401.12837,1.66086
1399.08888,1.65531
1397.04940,1.65159
1395.00991,1.65349
1392.97042,1.65951
1390.93093,1.66412
1388.89144,1.66704
1386.85195,1.67166
1384.81247,1.68120
1382.77298,1.69532
1380.73349,1.70712
1378.69400,1.71254
1376.65451,1.71452
1374.61503,1.71694
1372.57554,1.72181
1370.53605,1.72635
1368.49656,1.72754
1366.45707,1.72509
1364.41758,1.72359
1362.37810,1.72695
1360.33861,1.72725
1358.29912,1.71856
1356.25963,1.70882
1354.22014,1.70767
1352.18066,1.71277
1350.14117,1.71501
1348.10168,1.71265
1346.06219,1.70814
1344.02270,1.70420
1341.98322,1.70377
1339.94373,1.70583
1337.90424,1.70557
1335.86475,1.70260
1333.82526,1.69998
1331.78577,1.69259
1329.74629,1.67699
1327.70680,1.66363
1325.66731,1.65856
1323.62782,1.65543
1321.58833,1.65167
1319.54885,1.64790
1317.50936,1.64346
1315.46987,1.64014
1313.43038,1.63618
1311.39089,1.62833
1309.35140,1.61927
1307.31192,1.61118
1305.27243,1.60381
1303.23294,1.59853
1301.19345,1.59521
1299.15396,1.59255
1297.11448,1.59159
1295.07499,1.59075
1293.03550,1.58395
1290.99601,1.57115
1288.95652,1.55966
1286.91703,1.55321
1284.87755,1.54774
1282.83806,1.53832
1280.79857,1.52848
1278.75908,1.52296
1276.71959,1.51966
1274.68011,1.51560
1272.64062,1.50992
1270.60113,1.50527
1268.56164,1.50639
1266.52215,1.51214
1264.48266,1.51946
1262.44318,1.52646
1260.40369,1.52722
1258.36420,1.52276
1256.32471,1.52379
1254.28522,1.53046
1252.24574,1.53621
1250.20625,1.54452
1248.16676,1.55565
1246.12727,1.56068
1244.08778,1.55996
1242.04829,1.55941
1240.00881,1.55848
1237.96932,1.55336
1235.92983,1.54316
1233.89034,1.53103
1231.85085,1.52039
1229.81137,1.51141
1227.77188,1.50112
1225.73239,1.48910
1223.69290,1.47730
1221.65341,1.46859
1219.61392,1.46732
1217.57444,1.47310
1215.53495,1.48181
1213.49546,1.49257
1211.45597,1.50518
1209.41648,1.51760
1207.37700,1.52942
1205.33751,1.53762
1203.29802,1.53862
1201.25853,1.53842
1199.21904,1.54109
1197.17956,1.53730
1195.14007,1.52217
1193.10058,1.50848
1191.06109,1.50470
1189.02160,1.50836
1186.98211,1.52360
1184.94263,1.55443
1182.90314,1.59529
1180.86365,1.64310
1178.82416,1.70022
1176.78467,1.76860
1174.74519,1.84253
1172.70570,1.91299
1170.66621,1.97805
1168.62672,2.02452
1166.58723,2.04145
1164.54774,2.03915
1162.50826,2.01756
1160.46877,1.97390
1158.42928,1.92451
1156.38979,1.87990
1154.35030,1.83886
1152.31082,1.80672
1150.27133,1.78549
1148.23184,1.77707
1146.19235,1.78208
1144.15286,1.78773
1142.11337,1.78523
1140.07389,1.77970
1138.03440,1.78067
1135.99491,1.79018
1133.95542,1.80328
1131.91593,1.81746
1129.87645,1.83410
1127.83696,1.84931
1125.79747,1.85033
1123.75798,1.84045
1121.71849,1.83569
1119.67900,1.83949
1117.63952,1.84709
1115.60003,1.84921
1113.56054,1.84528
1111.52105,1.83985
1109.48156,1.84049
1107.44208,1.84796
1105.40259,1.84459
1103.36310,1.83136
1101.32361,1.82819
1099.28412,1.84289
1097.24463,1.85849
1095.20515,1.86000
1093.16566,1.86336
1091.12617,1.87374
1089.08668,1.87100
1087.04719,1.85861
1085.00771,1.84365
1082.96822,1.81573
1080.92873,1.79015
1078.88924,1.77977
1076.84975,1.77949
1074.81027,1.78524
1072.77078,1.78965
1070.73129,1.79865
1068.69180,1.82525
1066.65231,1.85464
1064.61282,1.86600
1062.57334,1.86478
1060.53385,1.85470
1058.49436,1.83110
1056.45487,1.78725
1054.41538,1.73075
1052.37590,1.68337
1050.33641,1.65090
1048.29692,1.62482
1046.25743,1.60766
1044.21794,1.60493
1042.17845,1.60481
1040.13897,1.60190
1038.09948,1.60361
1036.05999,1.60511
1034.02050,1.60096
1031.98101,1.59649
1029.94153,1.58615
1027.90204,1.56587
1025.86255,1.55131
1023.82306,1.54674
1021.78357,1.53949
1019.74408,1.52717
1017.70460,1.52140
1015.66511,1.52247
1013.62562,1.52026
1011.58613,1.51498
1009.54664,1.51078
1007.50716,1.50843
1005.46767,1.50930
1003.42818,1.51078
1001.38869,1.50653
999.34920,1.50118
997.30971,1.50054
995.27023,1.49982
993.23074,1.49742
991.19125,1.49599
989.15176,1.49221
987.11227,1.48067
985.07279,1.46264
983.03330,1.44235
980.99381,1.41799
978.95432,1.38506
976.91483,1.34917
974.87534,1.31698
972.83586,1.28646
970.79637,1.25740
968.75688,1.23243
966.71739,1.21086
964.67790,1.19244
962.63842,1.17700
960.59893,1.16370
958.55944,1.15546
956.51995,1.15278
954.48046,1.15379
952.44097,1.16311
950.40149,1.18520
948.36200,1.21915
946.32251,1.26092
944.28302,1.30529
942.24353,1.34730
940.20405,1.38128
938.16456,1.40563
936.12507,1.42167
934.08558,1.42780
932.04609,1.42758
930.00661,1.42567
927.96712,1.42082
925.92763,1.41316
923.88814,1.40191
921.84865,1.38445
919.80916,1.35933
917.76968,1.32702
915.73019,1.29531
913.69070,1.27193
911.65121,1.25491
909.61172,1.23964
907.57224,1.22480
905.53275,1.21327
903.49326,1.20768
901.45377,1.20518
899.41428,1.20347
897.37479,1.20353
895.33531,1.20171
893.29582,1.19121
891.25633,1.17616
889.21684,1.16572
887.17735,1.15994
885.13787,1.15586
883.09838,1.15724
881.05889,1.16947
879.01940,1.19098
876.97991,1.21971
874.94042,1.25723
872.90094,1.30103
870.86145,1.34537
868.82196,1.38754
866.78247,1.42452
864.74298,1.44832
862.70350,1.45365
860.66401,1.44548
858.62452,1.43137
856.58503,1.41232
854.54554,1.39254
852.50605,1.38057
850.46657,1.37374
848.42708,1.36316
846.38759,1.34874
844.34810,1.33488
842.30861,1.32388
840.26913,1.31713
838.22964,1.31129
836.19015,1.30027
834.15066,1.28591
832.11117,1.27486
830.07168,1.26827
828.03220,1.26373
825.99271,1.26270
823.95322,1.26710
821.91373,1.27216
819.87424,1.27600
817.83476,1.28090
815.79527,1.28588
813.75578,1.29312
811.71629,1.30283
809.67680,1.31174
807.63731,1.32278
805.59783,1.33814
803.55834,1.35384
801.51885,1.37008
799.47936,1.38625
797.43987,1.39709
795.40039,1.40720
793.36090,1.42358
791.32141,1.44334
789.28192,1.45632
787.24243,1.46195
785.20295,1.47192
783.16346,1.48800
781.12397,1.50418
779.08448,1.51936
777.04499,1.53326
775.00550,1.54774
772.96602,1.56170
770.92653,1.56585
768.88704,1.57129
766.84755,1.58341
764.80806,1.58255
762.76858,1.57504
760.72909,1.57323
758.68960,1.56619
756.65011,1.55267
754.61062,1.53897
752.57113,1.52702
750.53165,1.51704
748.49216,1.50796
746.45267,1.50623
744.41318,1.51360
742.37369,1.52278
740.33421,1.52894
738.29472,1.53033
736.25523,1.53221
734.21574,1.53944
732.17625,1.54951
730.13676,1.55796
728.09728,1.56639
726.05779,1.58109
724.01830,1.59367
721.97881,1.59616
719.93932,1.59696
717.89984,1.59964
715.86035,1.60129
713.82086,1.61199
711.78137,1.63009
709.74188,1.63496
707.70239,1.62365
705.66291,1.61247
703.62342,1.60546
701.58393,1.59639
699.54444,1.58724
697.50495,1.58063
695.46547,1.57300
693.42598,1.56659
691.38649,1.56731
689.34700,1.57329
687.30751,1.58481
685.26802,1.60453
683.22854,1.62157
681.18905,1.62247
679.14956,1.61073
677.11007,1.59186
675.07058,1.57332
673.03110,1.56622
670.99161,1.56918
668.95212,1.58776
666.91263,1.62864
664.87314,1.65757
662.83365,1.64621
660.79417,1.61226
658.75468,1.59770
656.71519,1.61623
654.67570,1.63409
652.63621,1.62360
650.59673,1.60749
648.55724,1.60547
646.51775,1.60429
644.47826,1.59127
642.43877,1.57884
640.39929,1.58497
638.35980,1.59790
636.32031,1.59530
634.28082,1.58319
632.24133,1.57972
630.20184,1.59434
628.16236,1.62938
626.12287,1.66010
624.08338,1.64504
622.04389,1.62124
620.00440,1.61899
617.96492,1.63138
615.92543,1.62994
613.88594,1.61384
611.84645,1.60997
609.80696,1.61661
607.76747,1.63990
605.72799,1.67048
603.68850,1.66617
601.64901,1.63627
599.60952,1.61494
597.57003,1.59249
595.53055,1.57199
593.49106,1.58000
591.45157,1.61817
589.41208,1.66205
587.37259,1.71619
585.33310,1.78918
583.29362,1.80469
581.25413,1.73028
579.21464,1.67475
577.17515,1.64462
575.13566,1.62778
573.09618,1.62774
571.05669,1.62512
569.01720,1.59992
566.97771,1.53469
564.93822,1.47373
562.89873,1.48378
560.85925,1.54513
558.81976,1.55364
556.78027,1.55759
554.74078,1.62260
552.70129,1.62081
550.66181,1.54298
548.62232,1.47575
546.58283,1.44267
544.54334,1.45673
542.50385,1.51338
540.46436,1.54683
538.42488,1.54239
536.38539,1.55141
534.34590,1.56841
532.30641,1.61899
530.26692,1.67751
528.22744,1.61863
526.18795,1.49803
524.14846,1.46065
522.10897,1.51238
520.06948,1.49309
518.02999,1.41964
515.99051,1.44839
513.95102,1.50998
511.91153,1.48493
509.87204,1.41780
507.83255,1.36125
505.79307,1.27078
503.75358,1.14247
501.71409,1.02051
499.67460,1.17580
