3997.39681,0.41130
3995.35732,0.41137
3993.31783,0.41068
3991.27835,0.40956
3989.23886,0.40834
3987.19937,0.40740
3985.15988,0.40681
3983.12039,0.40623
3981.08091,0.40544
3979.04142,0.40463
3977.00193,0.40432
3974.96244,0.40423
3972.92295,0.40354
3970.88346,0.40231
3968.84398,0.40094
3966.80449,0.39963
3964.76500,0.39849
3962.72551,0.39750
3960.68602,0.39631
3958.64654,0.39462
3956.60705,0.39284
3954.56756,0.39163
3952.52807,0.39105
3950.48858,0.39040
3948.44909,0.38897
3946.40961,0.38705
3944.37012,0.38541
3942.33063,0.38392
3940.29114,0.38237
3938.25165,0.38114
3936.21217,0.38062
3934.17268,0.38033
3932.13319,0.37941
3930.09370,0.37768
3928.05421,0.37583
3926.01473,0.37422
3923.97524,0.37259
3921.93575,0.37090
3919.89626,0.36929
3917.85677,0.36752
3915.81728,0.36514
3913.77780,0.36228
3911.73831,0.35968
3909.69882,0.35815
3907.65933,0.35774
3905.61984,0.35751
3903.58036,0.35650
3901.54087,0.35446
3899.50138,0.35172
3897.46189,0.34931
3895.42240,0.34819
3893.38291,0.34761
3891.34343,0.34625
3889.30394,0.34498
3887.26445,0.34482
3885.22496,0.34467
3883.18547,0.34394
3881.14599,0.34279
3879.10650,0.34132
3877.06701,0.34075
3875.02752,0.34149
3872.98803,0.34232
3870.94854,0.34179
3868.90906,0.33986
3866.86957,0.33840
3864.83008,0.33803
3862.79059,0.33766
3860.75110,0.33742
3858.71162,0.33840
3856.67213,0.34023
3854.63264,0.34065
3852.59315,0.33817
3850.55366,0.33525
3848.51417,0.33416
3846.47469,0.33466
3844.43520,0.33586
3842.39571,0.33699
3840.35622,0.33746
3838.31673,0.33687
3836.27725,0.33547
3834.23776,0.33436
3832.19827,0.33394
3830.15878,0.33410
3828.11929,0.33490
3826.07980,0.33646
3824.04032,0.33822
3822.00083,0.33852
3819.96134,0.33702
3817.92185,0.33554
3815.88236,0.33458
3813.84288,0.33402
3811.80339,0.33452
3809.76390,0.33599
3807.72441,0.33770
3805.68492,0.33970
3803.64543,0.34222
3801.60595,0.34393
3799.56646,0.34420
3797.52697,0.34402
3795.48748,0.34391
3793.44799,0.34435
3791.40851,0.34545
3789.36902,0.34696
3787.32953,0.34879
3785.29004,0.35063
3783.25055,0.35224
3781.21107,0.35379
3779.17158,0.35498
3777.13209,0.35574
3775.09260,0.35682
3773.05311,0.35860
3771.01362,0.36082
3768.97414,0.36329
3766.93465,0.36600
3764.89516,0.36857
3762.85567,0.37104
3760.81618,0.37362
3758.77670,0.37592
3756.73721,0.37799
3754.69772,0.38032
3752.65823,0.38279
3750.61874,0.38515
3748.57925,0.38787
3746.53977,0.39066
3744.50028,0.39262
3742.46079,0.39451
3740.42130,0.39779
3738.38181,0.40200
3736.34233,0.40543
3734.30284,0.40745
3732.26335,0.40932
3730.22386,0.41236
3728.18437,0.41662
3726.14488,0.42119
3724.10540,0.42512
3722.06591,0.42857
3720.02642,0.43200
3717.98693,0.43586
3715.94744,0.44087
3713.90796,0.44733
3711.86847,0.45432
3709.82898,0.46070
3707.78949,0.46653
3705.75000,0.47275
3703.71051,0.47985
3701.67103,0.48769
3699.63154,0.49608
3697.59205,0.50540
3695.55256,0.51608
3693.51307,0.52789
3691.47359,0.54030
3689.43410,0.55274
3687.39461,0.56499
3685.35512,0.57761
3683.31563,0.59160
3681.27614,0.60736
3679.23666,0.62472
3677.19717,0.64454
3675.15768,0.66703
3673.11819,0.68936
3671.07870,0.71079
3669.03922,0.73255
3666.99973,0.75392
3664.96024,0.77553
3662.92075,0.79835
3660.88126,0.82162
3658.84177,0.84482
3656.80229,0.86872
3654.76280,0.89273
3652.72331,0.91586
3650.68382,0.94016
3648.64433,0.96703
3646.60485,0.99353
3644.56536,1.01762
3642.52587,1.04165
3640.48638,1.06680
3638.44689,1.09108
3636.40741,1.11454
3634.36792,1.13948
3632.32843,1.16572
3630.28894,1.19033
3628.24945,1.21039
3626.20996,1.22696
3624.17048,1.24443
3622.13099,1.26489
3620.09150,1.28722
3618.05201,1.30889
3616.01252,1.32918
3613.97304,1.34804
3611.93355,1.36404
3609.89406,1.37912
3607.85457,1.39495
3605.81508,1.40937
3603.77559,1.42403
3601.73611,1.44198
3599.69662,1.46245
3597.65713,1.48394
3595.61764,1.50389
3593.57815,1.51807
3591.53867,1.52604
3589.49918,1.53285
3587.45969,1.54063
3585.42020,1.54796
3583.38071,1.55785
3581.34122,1.57176
3579.30174,1.58421
3577.26225,1.58945
3575.22276,1.59237
3573.18327,1.60635
3571.14378,1.63122
3569.10430,1.64738
3567.06481,1.64451
3565.02532,1.63656
3562.98583,1.63973
3560.94634,1.65505
3558.90685,1.67148
3556.86737,1.67816
3554.82788,1.67674
3552.78839,1.67649
3550.74890,1.67888
3548.70941,1.68057
3546.66993,1.68286
3544.63044,1.68734
3542.59095,1.69196
3540.55146,1.69536
3538.51197,1.69752
3536.47248,1.69740
3534.43300,1.69766
3532.39351,1.70091
3530.35402,1.70299
3528.31453,1.70562
3526.27504,1.71620
3524.23556,1.72595
3522.19607,1.72370
3520.15658,1.71716
3518.11709,1.71259
3516.07760,1.70893
3514.03811,1.71521
3511.99863,1.73681
3509.95914,1.75711
3507.91965,1.76320
3505.88016,1.75751
3503.84067,1.74256
3501.80119,1.72938
3499.76170,1.73394
3497.72221,1.75067
3495.68272,1.76035
3493.64323,1.75675
3491.60375,1.74643
3489.56426,1.73843
3487.52477,1.73987
3485.48528,1.75008
3483.44579,1.75573
3481.40630,1.74986
3479.36682,1.74518
3477.32733,1.74958
3475.28784,1.75653
3473.24835,1.75834
3471.20886,1.75324
3469.16938,1.74972
3467.12989,1.75359
3465.09040,1.75470
3463.05091,1.75115
3461.01142,1.75329
3458.97193,1.75628
3456.93245,1.75072
3454.89296,1.74683
3452.85347,1.75421
3450.81398,1.75990
3448.77449,1.75407
3446.73501,1.74478
3444.69552,1.74162
3442.65603,1.74510
3440.61654,1.74336
3438.57705,1.74191
3436.53756,1.75651
3434.49808,1.77456
3432.45859,1.77665
3430.41910,1.76375
3428.37961,1.75078
3426.34012,1.74913
3424.30064,1.75771
3422.26115,1.76001
3420.22166,1.74692
3418.18217,1.73240
3416.14268,1.73256
3414.10319,1.74805
3412.06371,1.75995
3410.02422,1.76236
3407.98473,1.76530
3405.94524,1.76419
3403.90575,1.76063
3401.86627,1.76113
3399.82678,1.75813
3397.78729,1.75060
3395.74780,1.74692
3393.70831,1.74319
3391.66882,1.73410
3389.62934,1.72762
3387.58985,1.72859
3385.55036,1.73035
3383.51087,1.72632
3381.47138,1.72070
3379.43190,1.71729
3377.39241,1.71361
3375.35292,1.71256
3373.31343,1.71570
3371.27394,1.71924
3369.23446,1.72323
3367.19497,1.72734
3365.15548,1.73010
3363.11599,1.73396
3361.07650,1.73825
3359.03701,1.73815
3356.99753,1.73349
3354.95804,1.72621
3352.91855,1.71885
3350.87906,1.71805
3348.83957,1.72574
3346.80009,1.73175
3344.76060,1.72434
3342.72111,1.70937
3340.68162,1.70219
3338.64213,1.70930
3336.60264,1.72200
3334.56316,1.72059
3332.52367,1.70417
3330.48418,1.69376
3328.44469,1.69779
3326.40520,1.70721
3324.36572,1.71176
3322.32623,1.70663
3320.28674,1.69502
3318.24725,1.68982
3316.20776,1.69681
3314.16827,1.70660
3312.12879,1.70713
3310.08930,1.69871
3308.04981,1.69495
3306.01032,1.69681
3303.97083,1.69408
3301.93135,1.69201
3299.89186,1.69715
3297.85237,1.70312
3295.81288,1.70238
3293.77339,1.69745
3291.73390,1.69538
3289.69442,1.69372
3287.65493,1.68836
3285.61544,1.68131
3283.57595,1.67871
3281.53646,1.68369
3279.49698,1.69051
3277.45749,1.69424
3275.41800,1.69376
3273.37851,1.68917
3271.33902,1.68527
3269.29953,1.68437
3267.26005,1.68505
3265.22056,1.68504
3263.18107,1.68336
3261.14158,1.68396
3259.10209,1.68625
3257.06261,1.68456
3255.02312,1.67352
3252.98363,1.65799
3250.94414,1.65550
3248.90465,1.66715
3246.86516,1.67510
3244.82568,1.67123
3242.78619,1.66304
3240.74670,1.65873
3238.70721,1.65695
3236.66772,1.65555
3234.62824,1.65491
3232.58875,1.65189
3230.54926,1.64575
3228.50977,1.63976
3226.47028,1.63617
3224.43080,1.63612
3222.39131,1.63686
3220.35182,1.63733
3218.31233,1.64154
3216.27284,1.64694
3214.23335,1.64364
3212.19387,1.63503
3210.15438,1.63278
3208.11489,1.63458
3206.07540,1.63541
3204.03591,1.63734
3201.99643,1.64061
3199.95694,1.64229
3197.91745,1.63965
3195.87796,1.63726
3193.83847,1.63867
3191.79898,1.63643
3189.75950,1.62932
3187.72001,1.62516
3185.68052,1.62437
3183.64103,1.62345
3181.60154,1.62218
3179.56206,1.61991
3177.52257,1.61639
3175.48308,1.61436
3173.44359,1.61378
3171.40410,1.61296
3169.36461,1.61034
3167.32513,1.60666
3165.28564,1.60784
3163.24615,1.61572
3161.20666,1.62140
3159.16717,1.61597
3157.12769,1.60669
3155.08820,1.60391
3153.04871,1.60244
3151.00922,1.59807
3148.96973,1.59693
3146.93024,1.59763
3144.89076,1.59412
3142.85127,1.59062
3140.81178,1.58849
3138.77229,1.58312
3136.73280,1.57766
3134.69332,1.57855
3132.65383,1.58439
3130.61434,1.58781
3128.57485,1.58699
3126.53536,1.58615
3124.49587,1.58554
3122.45639,1.58285
3120.41690,1.57844
3118.37741,1.57505
3116.33792,1.57695
3114.29843,1.58374
3112.25895,1.58769
3110.21946,1.58640
3108.17997,1.58501
3106.14048,1.58043
3104.10099,1.56969
3102.06150,1.56176
3100.02202,1.55976
3097.98253,1.55762
3095.94304,1.55188
3093.90355,1.54657
3091.86406,1.54774
3089.82458,1.55253
3087.78509,1.55321
3085.74560,1.54827
3083.70611,1.54186
3081.66662,1.53817
3079.62714,1.53698
3077.58765,1.53481
3075.54816,1.53245
3073.50867,1.53290
3071.46918,1.53115
3069.42969,1.52320
3067.39021,1.51691
3065.35072,1.51845
3063.31123,1.52262
3061.27174,1.52210
3059.23225,1.51684
3057.19277,1.51011
3055.15328,1.50566
3053.11379,1.50625
3051.07430,1.50625
3049.03481,1.49849
3046.99532,1.48759
3044.95584,1.48116
3042.91635,1.47781
3040.87686,1.47267
3038.83737,1.46757
3036.79788,1.46725
3034.75840,1.46846
3032.71891,1.46500
3030.67942,1.45752
3028.63993,1.45074
3026.60044,1.44794
3024.56095,1.44935
3022.52147,1.45051
3020.48198,1.44799
3018.44249,1.44318
3016.40300,1.43563
3014.36351,1.42795
3012.32403,1.42608
3010.28454,1.42830
3008.24505,1.42948
3006.20556,1.42931
3004.16607,1.43092
3002.12658,1.43616
3000.08710,1.44151
2998.04761,1.44299
2996.00812,1.44271
2993.96863,1.44426
2991.92914,1.44615
2989.88966,1.44739
2987.85017,1.45064
2985.81068,1.45766
2983.77119,1.46675
2981.73170,1.47561
2979.69221,1.48371
2977.65273,1.49058
2975.61324,1.49715
2973.57375,1.50624
2971.53426,1.51492
2969.49477,1.51909
2967.45529,1.52528
2965.41580,1.53789
2963.37631,1.54768
2961.33682,1.55135
2959.29733,1.55769
2957.25784,1.56587
2955.21836,1.56887
2953.17887,1.57165
2951.13938,1.57888
2949.09989,1.58463
2947.06040,1.58770
2945.02092,1.59278
2942.98143,1.60098
2940.94194,1.61171
2938.90245,1.62267
2936.86296,1.62591
2934.82348,1.61533
2932.78399,1.59987
2930.74450,1.59279
2928.70501,1.59629
2926.66552,1.60147
2924.62603,1.59952
2922.58655,1.59318
2920.54706,1.58753
2918.50757,1.58203
2916.46808,1.57615
2914.42859,1.57200
2912.38911,1.57112
2910.34962,1.56970
2908.31013,1.56485
2906.27064,1.55902
2904.23115,1.55398
2902.19166,1.54998
2900.15218,1.54744
2898.11269,1.54718
2896.07320,1.54671
2894.03371,1.54406
2891.99422,1.54236
2889.95474,1.54175
2887.91525,1.53926
2885.87576,1.53386
2883.83627,1.52665
2881.79678,1.51835
2879.75729,1.51225
2877.71781,1.50856
2875.67832,1.50173
2873.63883,1.49360
2871.59934,1.48583
2869.55985,1.47611
2867.52037,1.46639
2865.48088,1.45923
2863.44139,1.45192
2861.40190,1.44221
2859.36241,1.43514
2857.32292,1.43282
2855.28344,1.43036
2853.24395,1.42353
2851.20446,1.41519
2849.16497,1.40958
2847.12548,1.40346
2845.08600,1.39468
2843.04651,1.38568
2841.00702,1.37851
2838.96753,1.37377
2836.92804,1.36921
2834.88855,1.36271
2832.84907,1.35631
2830.80958,1.35230
2828.77009,1.34772
2826.73060,1.33894
2824.69111,1.32902
2822.65163,1.32278
2820.61214,1.31923
2818.57265,1.31509
2816.53316,1.31018
2814.49367,1.30525
2812.45418,1.30078
2810.41470,1.29652
2808.37521,1.29170
2806.33572,1.28736
2804.29623,1.28396
2802.25674,1.28133
2800.21726,1.27902
2798.17777,1.27471
2796.13828,1.26941
2794.09879,1.26643
2792.05930,1.26496
2790.01982,1.26208
2787.98033,1.25826
2785.94084,1.25488
2783.90135,1.25189
2781.86186,1.25003
2779.82237,1.24835
2777.78289,1.24534
2775.74340,1.24286
2773.70391,1.24215
2771.66442,1.24136
2769.62493,1.23990
2767.58545,1.23837
2765.54596,1.23750
2763.50647,1.23831
2761.46698,1.23867
2759.42749,1.23662
2757.38800,1.23329
2755.34852,1.23068
2753.30903,1.22983
2751.26954,1.22907
2749.23005,1.22658
2747.19056,1.22290
2745.15108,1.22009
2743.11159,1.21914
2741.07210,1.21791
2739.03261,1.21429
2736.99312,1.21021
2734.95363,1.20867
2732.91415,1.20769
2730.87466,1.20394
2728.83517,1.19896
2726.79568,1.19544
2724.75619,1.19387
2722.71671,1.19305
2720.67722,1.19144
2718.63773,1.18897
2716.59824,1.18437
2714.55875,1.17734
2712.51926,1.17147
2710.47978,1.16896
2708.44029,1.16810
2706.40080,1.16545
2704.36131,1.16019
2702.32182,1.15428
2700.28234,1.14981
2698.24285,1.14738
2696.20336,1.14499
2694.16387,1.14139
2692.12438,1.13682
2690.08489,1.13201
2688.04541,1.12835
2686.00592,1.12560
2683.96643,1.12296
2681.92694,1.12031
2679.88745,1.11701
2677.84797,1.11290
2675.80848,1.10853
2673.76899,1.10459
2671.72950,1.10095
2669.69001,1.09684
2667.65052,1.09224
2665.61104,1.08766
2663.57155,1.08311
2661.53206,1.07824
2659.49257,1.07358
2657.45308,1.06952
2655.41360,1.06553
2653.37411,1.06105
2651.33462,1.05556
2649.29513,1.04960
2647.25564,1.04389
2645.21616,1.03891
2643.17667,1.03515
2641.13718,1.03119
2639.09769,1.02617
2637.05820,1.02152
2635.01871,1.01730
2632.97923,1.01289
2630.93974,1.00836
2628.90025,1.00347
2626.86076,0.99862
2624.82127,0.99387
2622.78179,0.98900
2620.74230,0.98459
2618.70281,0.98076
2616.66332,0.97700
2614.62383,0.97344
2612.58434,0.96991
2610.54486,0.96664
2608.50537,0.96484
2606.46588,0.96380
2604.42639,0.96196
2602.38690,0.95978
2600.34742,0.95819
2598.30793,0.95654
2596.26844,0.95393
2594.22895,0.95117
2592.18946,0.94897
2590.14997,0.94662
2588.11049,0.94374
2586.07100,0.94050
2584.03151,0.93672
2581.99202,0.93338
2579.95253,0.93168
2577.91305,0.93033
2575.87356,0.92799
2573.83407,0.92457
2571.79458,0.92011
2569.75509,0.91579
2567.71560,0.91302
2565.67612,0.91088
2563.63663,0.90781
2561.59714,0.90415
2559.55765,0.90046
2557.51816,0.89668
2555.47868,0.89317
2553.43919,0.88977
2551.39970,0.88621
2549.36021,0.88336
2547.32072,0.88099
2545.28123,0.87775
2543.24175,0.87333
2541.20226,0.86843
2539.16277,0.86396
2537.12328,0.86014
2535.08379,0.85637
2533.04431,0.85299
2531.00482,0.85049
2528.96533,0.84802
2526.92584,0.84501
2524.88635,0.84192
2522.84686,0.83903
2520.80738,0.83615
2518.76789,0.83329
2516.72840,0.83079
2514.68891,0.82872
2512.64942,0.82694
2510.60994,0.82534
2508.57045,0.82362
2506.53096,0.82112
2504.49147,0.81773
2502.45198,0.81445
2500.41250,0.81208
2498.37301,0.81010
2496.33352,0.80828
2494.29403,0.80673
2492.25454,0.80491
2490.21505,0.80271
2488.17557,0.80003
2486.13608,0.79681
2484.09659,0.79419
2482.05710,0.79209
2480.01761,0.78873
2477.97813,0.78413
2475.93864,0.78016
2473.89915,0.77711
2471.85966,0.77383
2469.82017,0.77054
2467.78068,0.76770
2465.74120,0.76471
2463.70171,0.76126
2461.66222,0.75772
2459.62273,0.75435
2457.58324,0.75099
2455.54376,0.74742
2453.50427,0.74342
2451.46478,0.73900
2449.42529,0.73425
2447.38580,0.72989
2445.34631,0.72640
2443.30683,0.72262
2441.26734,0.71829
2439.22785,0.71435
2437.18836,0.71039
2435.14887,0.70606
2433.10939,0.70204
2431.06990,0.69835
2429.03041,0.69439
2426.99092,0.69017
2424.95143,0.68606
2422.91194,0.68199
2420.87246,0.67783
2418.83297,0.67429
2416.79348,0.67190
2414.75399,0.66968
2412.71450,0.66684
2410.67502,0.66388
2408.63553,0.66107
2406.59604,0.65811
2404.55655,0.65520
2402.51706,0.65296
2400.47757,0.65095
2398.43809,0.64857
2396.39860,0.64611
2394.35911,0.64377
2392.31962,0.64160
2390.28013,0.63991
2388.24065,0.63885
2386.20116,0.63820
2384.16167,0.63791
2382.12218,0.63793
2380.08269,0.63796
2378.04320,0.63785
2376.00372,0.63782
2373.96423,0.63814
2371.92474,0.63871
2369.88525,0.63885
2367.84576,0.63847
2365.80628,0.63821
2363.76679,0.63815
2361.72730,0.63776
2359.68781,0.63601
2357.64832,0.63238
2355.60884,0.62781
2353.56935,0.62444
2351.52986,0.62415
2349.49037,0.62471
2347.45088,0.62238
2345.41139,0.61834
2343.37191,0.61575
2341.33242,0.61445
2339.29293,0.61329
2337.25344,0.61213
2335.21395,0.61045
2333.17447,0.60796
2331.13498,0.60482
2329.09549,0.60175
2327.05600,0.59969
2325.01651,0.59807
2322.97702,0.59592
2320.93754,0.59343
2318.89805,0.59120
2316.85856,0.58944
2314.81907,0.58823
2312.77958,0.58721
2310.74010,0.58589
2308.70061,0.58431
2306.66112,0.58275
2304.62163,0.58121
2302.58214,0.57973
2300.54265,0.57851
2298.50317,0.57754
2296.46368,0.57671
2294.42419,0.57604
2292.38470,0.57541
2290.34521,0.57476
2288.30573,0.57429
2286.26624,0.57419
2284.22675,0.57424
2282.18726,0.57424
2280.14777,0.57440
2278.10828,0.57470
2276.06880,0.57488
2274.02931,0.57529
2271.98982,0.57617
2269.95033,0.57695
2267.91084,0.57734
2265.87136,0.57769
2263.83187,0.57811
2261.79238,0.57850
2259.75289,0.57905
2257.71340,0.57980
2255.67391,0.58027
2253.63443,0.58052
2251.59494,0.58104
2249.55545,0.58160
2247.51596,0.58209
2245.47647,0.58290
2243.43699,0.58389
2241.39750,0.58448
2239.35801,0.58489
2237.31852,0.58556
2235.27903,0.58626
2233.23954,0.58713
2231.20006,0.58847
2229.16057,0.58971
2227.12108,0.59037
2225.08159,0.59115
2223.04210,0.59263
2221.00262,0.59420
2218.96313,0.59537
2216.92364,0.59685
2214.88415,0.59904
2212.84466,0.60103
2210.80518,0.60239
2208.76569,0.60398
2206.72620,0.60616
2204.68671,0.60820
2202.64722,0.60971
2200.60773,0.61113
2198.56825,0.61290
2196.52876,0.61491
2194.48927,0.61674
2192.44978,0.61818
2190.41029,0.61961
2188.37081,0.62150
2186.33132,0.62360
2184.29183,0.62572
2182.25234,0.62814
2180.21285,0.63084
2178.17336,0.63362
2176.13388,0.63638
2174.09439,0.63890
2172.05490,0.64096
2170.01541,0.64278
2167.97592,0.64473
2165.93644,0.64672
2163.89695,0.64846
2161.85746,0.65004
2159.81797,0.65150
2157.77848,0.65236
2155.73899,0.65266
2153.69951,0.65295
2151.66002,0.65337
2149.62053,0.65356
2147.58104,0.65321
2145.54155,0.65253
2143.50207,0.65193
2141.46258,0.65152
2139.42309,0.65125
2137.38360,0.65090
2135.34411,0.65033
2133.30462,0.64975
2131.26514,0.64936
2129.22565,0.64882
2127.18616,0.64781
2125.14667,0.64680
2123.10718,0.64600
2121.06770,0.64528
2119.02821,0.64507
2116.98872,0.64506
2114.94923,0.64450
2112.90974,0.64386
2110.87025,0.64373
2108.83077,0.64376
2106.79128,0.64381
2104.75179,0.64401
2102.71230,0.64436
2100.67281,0.64491
2098.63333,0.64533
2096.59384,0.64532
2094.55435,0.64525
2092.51486,0.64552
2090.47537,0.64602
2088.43588,0.64624
2086.39640,0.64586
2084.35691,0.64516
2082.31742,0.64438
2080.27793,0.64376
2078.23844,0.64359
2076.19896,0.64365
2074.15947,0.64359
2072.11998,0.64345
2070.08049,0.64334
2068.04100,0.64324
2066.00152,0.64322
2063.96203,0.64311
2061.92254,0.64259
2059.88305,0.64202
2057.84356,0.64174
2055.80407,0.64147
2053.76459,0.64092
2051.72510,0.63999
2049.68561,0.63876
2047.64612,0.63739
2045.60663,0.63575
2043.56715,0.63359
2041.52766,0.63109
2039.48817,0.62821
2037.44868,0.62484
2035.40919,0.62139
2033.36970,0.61812
2031.33022,0.61490
2029.29073,0.61169
2027.25124,0.60845
2025.21175,0.60515
2023.17226,0.60171
2021.13278,0.59826
2019.09329,0.59526
2017.05380,0.59243
2015.01431,0.58914
2012.97482,0.58561
2010.93533,0.58247
2008.89585,0.57989
2006.85636,0.57744
2004.81687,0.57503
2002.77738,0.57302
2000.73789,0.57146
1998.69841,0.57024
1996.65892,0.56922
1994.61943,0.56869
1992.57994,0.56870
1990.54045,0.56825
1988.50096,0.56691
1986.46148,0.56546
1984.42199,0.56439
1982.38250,0.56378
1980.34301,0.56343
1978.30352,0.56281
1976.26404,0.56185
1974.22455,0.56103
1972.18506,0.56085
1970.14557,0.56158
1968.10608,0.56248
1966.06659,0.56234
1964.02711,0.56149
1961.98762,0.56099
1959.94813,0.56085
1957.90864,0.56107
1955.86915,0.56176
1953.82967,0.56229
1951.79018,0.56228
1949.75069,0.56237
1947.71120,0.56300
1945.67171,0.56388
1943.63222,0.56422
1941.59274,0.56323
1939.55325,0.56160
1937.51376,0.56054
1935.47427,0.55991
1933.43478,0.55925
1931.39530,0.55875
1929.35581,0.55850
1927.31632,0.55855
1925.27683,0.55914
1923.23734,0.55938
1921.19786,0.55880
1919.15837,0.55846
1917.11888,0.55793
1915.07939,0.55666
1913.03990,0.55601
1911.00041,0.55624
1908.96093,0.55603
1906.92144,0.55479
1904.88195,0.55329
1902.84246,0.55214
1900.80297,0.55152
1898.76349,0.55146
1896.72400,0.55159
1894.68451,0.55174
1892.64502,0.55240
1890.60553,0.55344
1888.56604,0.55384
1886.52656,0.55383
1884.48707,0.55433
1882.44758,0.55525
1880.40809,0.55619
1878.36860,0.55701
1876.32912,0.55785
1874.28963,0.55922
1872.25014,0.56159
1870.21065,0.56404
1868.17116,0.56402
1866.13167,0.56126
1864.09219,0.55866
1862.05270,0.55752
1860.01321,0.55698
1857.97372,0.55630
1855.93423,0.55545
1853.89475,0.55461
1851.85526,0.55419
1849.81577,0.55469
1847.77628,0.55635
1845.73679,0.55799
1843.69730,0.55724
1841.65782,0.55467
1839.61833,0.55329
1837.57884,0.55336
1835.53935,0.55373
1833.49986,0.55511
1831.46038,0.55801
1829.42089,0.56036
1827.38140,0.56097
1825.34191,0.56108
1823.30242,0.56137
1821.26293,0.56222
1819.22345,0.56393
1817.18396,0.56612
1815.14447,0.56864
1813.10498,0.57184
1811.06549,0.57536
1809.02601,0.57825
1806.98652,0.58105
1804.94703,0.58515
1802.90754,0.59081
1800.86805,0.59692
1798.82856,0.60269
1796.78908,0.60911
1794.74959,0.61762
1792.71010,0.62752
1790.67061,0.63602
1788.63112,0.64309
1786.59164,0.65110
1784.55215,0.66017
1782.51266,0.66910
1780.47317,0.67745
1778.43368,0.68508
1776.39420,0.69266
1774.35471,0.70084
1772.31522,0.70770
1770.27573,0.71097
1768.23624,0.71208
1766.19675,0.71356
1764.15727,0.71646
1762.11778,0.72055
1760.07829,0.72534
1758.03880,0.73155
1755.99931,0.74010
1753.95983,0.75195
1751.92034,0.76905
1749.88085,0.79084
1747.84136,0.81380
1745.80187,0.83794
1743.76238,0.86619
1741.72290,0.89943
1739.68341,0.93527
1737.64392,0.96903
1735.60443,1.00106
1733.56494,1.03229
1731.52546,1.05407
1729.48597,1.06406
1727.44648,1.06748
1725.40699,1.06760
1723.36750,1.06623
1721.32801,1.06515
1719.28853,1.06367
1717.24904,1.05855
1715.20955,1.05096
1713.17006,1.04604
1711.13057,1.04576
1709.09109,1.04970
1707.05160,1.05810
1705.01211,1.07116
1702.97262,1.08856
1700.93313,1.11263
1698.89364,1.14263
1696.85416,1.17255
1694.81467,1.20093
1692.77518,1.22800
1690.73569,1.25679
1688.69620,1.28815
1686.65672,1.32093
1684.61723,1.35701
1682.57774,1.38810
1680.53825,1.40772
1678.49876,1.42574
1676.45927,1.44768
1674.41979,1.46990
1672.38030,1.49002
1670.34081,1.51093
1668.30132,1.53094
1666.26183,1.54355
1664.22235,1.55012
1662.18286,1.55626
1660.14337,1.56343
1658.10388,1.57010
1656.06439,1.57831
1654.02490,1.58834
1651.98542,1.59171
1649.94593,1.58758
1647.90644,1.58281
1645.86695,1.58004
1643.82746,1.58052
1641.78798,1.58301
1639.74849,1.58429
1637.70900,1.58265
1635.66951,1.57697
1633.63002,1.56847
1631.59054,1.56177
1629.55105,1.55789
1627.51156,1.55604
1625.47207,1.55373
1623.43258,1.54685
1621.39309,1.53802
1619.35361,1.53413
1617.31412,1.53480
1615.27463,1.53444
1613.23514,1.53011
1611.19565,1.52399
1609.15617,1.52081
1607.11668,1.52193
1605.07719,1.52263
1603.03770,1.52019
1600.99821,1.51758
1598.95872,1.51658
1596.91924,1.51610
1594.87975,1.51435
1592.84026,1.51102
1590.80077,1.50839
1588.76128,1.50712
1586.72180,1.50636
1584.68231,1.50688
1582.64282,1.50884
1580.60333,1.51094
1578.56384,1.51152
1576.52435,1.50839
1574.48487,1.50330
1572.44538,1.50016
1570.40589,1.49666
1568.36640,1.49022
1566.32691,1.48201
1564.28743,1.47375
1562.24794,1.46816
1560.20845,1.46365
1558.16896,1.45469
1556.12947,1.44281
1554.08998,1.43019
1552.05050,1.41842
1550.01101,1.40955
1547.97152,1.40192
1545.93203,1.39371
1543.89254,1.38570
1541.85306,1.37765
1539.81357,1.36720
1537.77408,1.35681
1535.73459,1.34896
1533.69510,1.34094
1531.65561,1.33245
1529.61613,1.32653
1527.57664,1.32270
1525.53715,1.31935
1523.49766,1.31581
1521.45817,1.30989
1519.41869,1.30163
1517.37920,1.29357
1515.33971,1.28753
1513.30022,1.28528
1511.26073,1.28656
1509.22124,1.28777
1507.18176,1.28351
1505.14227,1.27470
1503.10278,1.26922
1501.06329,1.26809
1499.02380,1.26944
1496.98432,1.27293
1494.94483,1.27658
1492.90534,1.27961
1490.86585,1.28510
1488.82636,1.29466
1486.78688,1.30715
1484.74739,1.32228
1482.70790,1.34032
1480.66841,1.36091
1478.62892,1.38450
1476.58943,1.41365
1474.54995,1.44978
1472.51046,1.48845
1470.47097,1.52073
1468.43148,1.54577
1466.39199,1.57101
1464.35251,1.59649
1462.31302,1.61363
1460.27353,1.62240
1458.23404,1.62984
1456.19455,1.63342
1454.15506,1.62818
1452.11558,1.62152
1450.07609,1.62143
1448.03660,1.62572
1445.99711,1.62593
1443.95762,1.62212
1441.91814,1.62309
1439.87865,1.63199
1437.83916,1.64259
1435.79967,1.64940
1433.76018,1.65408
1431.72069,1.65931
1429.68121,1.66263
1427.64172,1.66256
1425.60223,1.66370
1423.56274,1.66870
1421.52325,1.67496
1419.48377,1.68008
1417.44428,1.68165
1415.40479,1.68058
1413.36530,1.68047
1411.32581,1.68128
1409.28632,1.68270
1407.24684,1.68277
1405.20735,1.67717
1403.16786,1.66951
1401.12837,1.66720
1399.08888,1.66732
1397.04940,1.66417
1395.00991,1.66109
1392.97042,1.66146
1390.93093,1.66129
1388.89144,1.65880
1386.85195,1.65851
1384.81247,1.66228
1382.77298,1.66634
1380.73349,1.66990
1378.69400,1.67478
1376.65451,1.67990
1374.61503,1.68377
1372.57554,1.68585
1370.53605,1.68753
1368.49656,1.69107
1366.45707,1.69364
1364.41758,1.69135
1362.37810,1.68420
1360.33861,1.67626
1358.29912,1.67305
1356.25963,1.67444
1354.22014,1.67446
1352.18066,1.67101
1350.14117,1.66865
1348.10168,1.66957
1346.06219,1.67044
1344.02270,1.66915
1341.98322,1.66842
1339.94373,1.67127
1337.90424,1.67448
1335.86475,1.67040
1333.82526,1.65920
1331.78577,1.64858
1329.74629,1.64095
1327.70680,1.63415
1325.66731,1.62846
1323.62782,1.62251
1321.58833,1.61459
1319.54885,1.60949
1317.50936,1.61049
1315.46987,1.61233
1313.43038,1.60934
1311.39089,1.60343
1309.35140,1.59867
1307.31192,1.59510
1305.27243,1.59176
1303.23294,1.58847
1301.19345,1.58588
1299.15396,1.58299
1297.11448,1.57739
1295.07499,1.56982
1293.03550,1.56300
1290.99601,1.55827
1288.95652,1.55436
1286.91703,1.54960
1284.87755,1.54426
1282.83806,1.53972
1280.79857,1.53575
1278.75908,1.52891
1276.71959,1.52018
1274.68011,1.51564
1272.64062,1.51518
1270.60113,1.51605
1268.56164,1.51774
1266.52215,1.51829
1264.48266,1.51905
1262.44318,1.52303
1260.40369,1.52817
1258.36420,1.53291
1256.32471,1.53825
1254.28522,1.54262
1252.24574,1.54519
1250.20625,1.54832
1248.16676,1.55369
1246.12727,1.55918
1244.08778,1.56079
1242.04829,1.55774
1240.00881,1.55290
1237.96932,1.54866
1235.92983,1.54257
1233.89034,1.53256
1231.85085,1.52339
1229.81137,1.51576
1227.77188,1.50402
1225.73239,1.48987
1223.69290,1.47986
1221.65341,1.47407
1219.61392,1.47063
1217.57444,1.47428
1215.53495,1.48659
1213.49546,1.49913
1211.45597,1.50649
1209.41648,1.51142
1207.37700,1.51720
1205.33751,1.52433
1203.29802,1.53147
1201.25853,1.53557
1199.21904,1.53408
1197.17956,1.52462
1195.14007,1.50759
1193.10058,1.49402
1191.06109,1.49124
1189.02160,1.49578
1186.98211,1.50693
1184.94263,1.52747
1182.90314,1.55729
1180.86365,1.59401
1178.82416,1.64183
1176.78467,1.70519
1174.74519,1.77329
1172.70570,1.83582
1170.66621,1.88699
1168.62672,1.92148
1166.58723,1.94018
1164.54774,1.93795
1162.50826,1.92087
1160.46877,1.90285
1158.42928,1.88307
1156.38979,1.85531
1154.35030,1.82094
1152.31082,1.79187
1150.27133,1.77530
1148.23184,1.76422
1146.19235,1.74871
1144.15286,1.73721
1142.11337,1.74107
1140.07389,1.75096
1138.03440,1.76064
1135.99491,1.77002
1133.95542,1.77657
1131.91593,1.78505
1129.87645,1.79232
1127.83696,1.79462
1125.79747,1.79749
1123.75798,1.80191
1121.71849,1.80834
1119.67900,1.81303
1117.63952,1.80956
1115.60003,1.80548
1113.56054,1.80615
1111.52105,1.80629
1109.48156,1.80414
1107.44208,1.79995
1105.40259,1.79744
1103.36310,1.80198
1101.32361,1.80710
1099.28412,1.80467
1097.24463,1.79560
1095.20515,1.79075
1093.16566,1.79913
1091.12617,1.81215
1089.08668,1.81881
1087.04719,1.82137
1085.00771,1.82051
1082.96822,1.81087
1080.92873,1.79363
1078.88924,1.78104
1076.84975,1.77614
1074.81027,1.77523
1072.77078,1.78117
1070.73129,1.78911
1068.69180,1.79839
1066.65231,1.81665
1064.61282,1.83696
1062.57334,1.84209
1060.53385,1.82599
1058.49436,1.79526
1056.45487,1.75865
1054.41538,1.72249
1052.37590,1.69053
1050.33641,1.66291
1048.29692,1.63866
1046.25743,1.62420
1044.21794,1.62105
1042.17845,1.62034
1040.13897,1.61846
1038.09948,1.61677
1036.05999,1.61901
1034.02050,1.62166
1031.98101,1.61570
1029.94153,1.60213
1027.90204,1.58847
1025.86255,1.58094
1023.82306,1.57651
1021.78357,1.57051
1019.74408,1.56263
1017.70460,1.55450
1015.66511,1.54758
1013.62562,1.54039
1011.58613,1.53602
1009.54664,1.53728
1007.50716,1.53786
1005.46767,1.53411
1003.42818,1.52982
1001.38869,1.52485
999.34920,1.51815
997.30971,1.51221
995.27023,1.50801
993.23074,1.50535
991.19125,1.50414
989.15176,1.50180
987.11227,1.49078
985.07279,1.46821
983.03330,1.43929
980.99381,1.40848
978.95432,1.37830
976.91483,1.34818
974.87534,1.31612
972.83586,1.28340
970.79637,1.25496
968.75688,1.23390
966.71739,1.21865
964.67790,1.20538
962.63842,1.19066
960.59893,1.17598
958.55944,1.16698
956.51995,1.16561
954.48046,1.16917
952.44097,1.17761
950.40149,1.19403
948.36200,1.21943
946.32251,1.25340
944.28302,1.29337
942.24353,1.32942
940.20405,1.35423
938.16456,1.37129
936.12507,1.38360
934.08558,1.39252
932.04609,1.39735
930.00661,1.39759
927.96712,1.39531
925.92763,1.38749
923.88814,1.37524
921.84865,1.36075
919.80916,1.33886
917.76968,1.31305
915.73019,1.29134
913.69070,1.27237
911.65121,1.25403
909.61172,1.23773
907.57224,1.22387
905.53275,1.21443
903.49326,1.20912
901.45377,1.20448
899.41428,1.20151
897.37479,1.19890
895.33531,1.19185
893.29582,1.18270
891.25633,1.17477
889.21684,1.16656
887.17735,1.15887
885.13787,1.15605
883.09838,1.16009
881.05889,1.17008
879.01940,1.18754
876.97991,1.21360
874.94042,1.24577
872.90094,1.28330
870.86145,1.32600
868.82196,1.36961
866.78247,1.40523
864.74298,1.42561
862.70350,1.43115
860.66401,1.42296
858.62452,1.40607
856.58503,1.39007
854.54554,1.37729
852.50605,1.36550
850.46657,1.35485
848.42708,1.34556
846.38759,1.33601
844.34810,1.32641
842.30861,1.31784
840.26913,1.30746
838.22964,1.29671
836.19015,1.28893
834.15066,1.28186
832.11117,1.27272
830.07168,1.26148
828.03220,1.25502
825.99271,1.25751
823.95322,1.26242
821.91373,1.26629
819.87424,1.27097
817.83476,1.27633
815.79527,1.28159
813.75578,1.28840
811.71629,1.29663
809.67680,1.30322
807.63731,1.31138
805.59783,1.32590
803.55834,1.34266
801.51885,1.35665
799.47936,1.36901
797.43987,1.38261
795.40039,1.39650
793.36090,1.40722
791.32141,1.41667
789.28192,1.42843
787.24243,1.44139
785.20295,1.45579
783.16346,1.46977
781.12397,1.47740
779.08448,1.48362
777.04499,1.49936
775.00550,1.52448
772.96602,1.55015
770.92653,1.56583
768.88704,1.57162
766.84755,1.57105
764.80806,1.56121
762.76858,1.55043
760.72909,1.54203
758.68960,1.53087
756.65011,1.52463
754.61062,1.52612
752.57113,1.52429
750.53165,1.51384
748.49216,1.50158
746.45267,1.49511
744.41318,1.49483
742.37369,1.49719
740.33421,1.49919
738.29472,1.50305
736.25523,1.51237
734.21574,1.52081
732.17625,1.52341
730.13676,1.52454
728.09728,1.53003
726.05779,1.54629
724.01830,1.56838
721.97881,1.58286
719.93932,1.58893
717.89984,1.59057
715.86035,1.58534
713.82086,1.57923
711.78137,1.58431
709.74188,1.60065
707.70239,1.61205
705.66291,1.60218
703.62342,1.58050
701.58393,1.56817
699.54444,1.56696
697.50495,1.56675
695.46547,1.56643
693.42598,1.56852
691.38649,1.57041
689.34700,1.57190
687.30751,1.57741
685.26802,1.58361
683.22854,1.58476
681.18905,1.58286
679.14956,1.58039
677.11007,1.58202
675.07058,1.59175
673.03110,1.60091
670.99161,1.59907
668.95212,1.59113
666.91263,1.59326
664.87314,1.60905
662.83365,1.62008
660.79417,1.60767
658.75468,1.57721
656.71519,1.55346
654.67570,1.55249
652.63621,1.57254
650.59673,1.59830
648.55724,1.61317
646.51775,1.61200
644.47826,1.60143
642.43877,1.60058
640.39929,1.61869
638.35980,1.63301
636.32031,1.62838
634.28082,1.62375
632.24133,1.62916
630.20184,1.62904
628.16236,1.62515
626.12287,1.63257
624.08338,1.62825
622.04389,1.61895
620.00440,1.63939
617.96492,1.66074
615.92543,1.63796
613.88594,1.60930
611.84645,1.61015
609.80696,1.62416
607.76747,1.64444
605.72799,1.64729
603.68850,1.62997
601.64901,1.62792
599.60952,1.63656
597.57003,1.63160
595.53055,1.61391
593.49106,1.60285
591.45157,1.59745
589.41208,1.59851
587.37259,1.61327
585.33310,1.64889
583.29362,1.66904
581.25413,1.63087
579.21464,1.58783
577.17515,1.54858
575.13566,1.50994
573.09618,1.52361
571.05669,1.56233
569.01720,1.57371
566.97771,1.58075
564.93822,1.57504
562.89873,1.53850
560.85925,1.50739
558.81976,1.49578
556.78027,1.47911
554.74078,1.46988
552.70129,1.48621
550.66181,1.53271
548.62232,1.62155
546.58283,1.71039
544.54334,1.68074
542.50385,1.60701
540.46436,1.55551
538.42488,1.56364
536.38539,1.55634
534.34590,1.56145
532.30641,1.60392
530.26692,1.56803
528.22744,1.48978
526.18795,1.49478
524.14846,1.54953
522.10897,1.57229
520.06948,1.46217
518.02999,1.35691
515.99051,1.30287
513.95102,1.36024
511.91153,1.53130
509.87204,1.56017
507.83255,1.54579
505.79307,1.30019
503.75358,1.31961
501.71409,1.51970
499.67460,1.67627
