3997.39681,0.37477
3995.35732,0.37410
3993.31783,0.37405
3991.27835,0.37422
3989.23886,0.37387
3987.19937,0.37293
3985.15988,0.37194
3983.12039,0.37131
3981.08091,0.37073
3979.04142,0.36981
3977.00193,0.36877
3974.96244,0.36800
3972.92295,0.36717
3970.88346,0.36576
3968.84398,0.36432
3966.80449,0.36351
3964.76500,0.36286
3962.72551,0.36150
3960.68602,0.35948
3958.64654,0.35737
3956.60705,0.35566
3954.56756,0.35467
3952.52807,0.35431
3950.48858,0.35403
3948.44909,0.35346
3946.40961,0.35278
3944.37012,0.35187
3942.33063,0.35038
3940.29114,0.34851
3938.25165,0.34699
3936.21217,0.34618
3934.17268,0.34543
3932.13319,0.34400
3930.09370,0.34207
3928.05421,0.34031
3926.01473,0.33886
3923.97524,0.33743
3921.93575,0.33579
3919.89626,0.33399
3917.85677,0.33189
3915.81728,0.32937
3913.77780,0.32693
3911.73831,0.32529
3909.69882,0.32494
3907.65933,0.32523
3905.61984,0.32460
3903.58036,0.32246
3901.54087,0.31940
3899.50138,0.31636
3897.46189,0.31439
3895.42240,0.31338
3893.38291,0.31220
3891.34343,0.31075
3889.30394,0.30998
3887.26445,0.30969
3885.22496,0.30985
3883.18547,0.31015
3881.14599,0.30886
3879.10650,0.30700
3877.06701,0.30631
3875.02752,0.30645
3872.98803,0.30663
3870.94854,0.30560
3868.90906,0.30426
3866.86957,0.30410
3864.83008,0.30415
3862.79059,0.30367
3860.75110,0.30331
3858.71162,0.30411
3856.67213,0.30495
3854.63264,0.30364
3852.59315,0.30133
3850.55366,0.30035
3848.51417,0.30028
3846.47469,0.30078
3844.43520,0.30194
3842.39571,0.30349
3840.35622,0.30418
3838.31673,0.30309
3836.27725,0.30134
3834.23776,0.30012
3832.19827,0.29961
3830.15878,0.29979
3828.11929,0.30014
3826.07980,0.30091
3824.04032,0.30192
3822.00083,0.30219
3819.96134,0.30243
3817.92185,0.30185
3815.88236,0.30003
3813.84288,0.29949
3811.80339,0.30056
3809.76390,0.30184
3807.72441,0.30299
3805.68492,0.30493
3803.64543,0.30648
3801.60595,0.30655
3799.56646,0.30669
3797.52697,0.30691
3795.48748,0.30723
3793.44799,0.30819
3791.40851,0.30937
3789.36902,0.31084
3787.32953,0.31261
3785.29004,0.31438
3783.25055,0.31612
3781.21107,0.31746
3779.17158,0.31835
3777.13209,0.31946
3775.09260,0.32080
3773.05311,0.32228
3771.01362,0.32384
3768.97414,0.32576
3766.93465,0.32793
3764.89516,0.33027
3762.85567,0.33272
3760.81618,0.33455
3758.77670,0.33620
3756.73721,0.33901
3754.69772,0.34232
3752.65823,0.34424
3750.61874,0.34557
3748.57925,0.34864
3746.53977,0.35104
3744.50028,0.35185
3742.46079,0.35454
3740.42130,0.35882
3738.38181,0.36236
3736.34233,0.36440
3734.30284,0.36565
3732.26335,0.36780
3730.22386,0.37156
3728.18437,0.37565
3726.14488,0.37927
3724.10540,0.38281
3722.06591,0.38648
3720.02642,0.39020
3717.98693,0.39412
3715.94744,0.39867
3713.90796,0.40347
3711.86847,0.40838
3709.82898,0.41416
3707.78949,0.42053
3705.75000,0.42698
3703.71051,0.43389
3701.67103,0.44168
3699.63154,0.44987
3697.59205,0.45788
3695.55256,0.46661
3693.51307,0.47649
3691.47359,0.48722
3689.43410,0.49916
3687.39461,0.51213
3685.35512,0.52493
3683.31563,0.53804
3681.27614,0.55287
3679.23666,0.56918
3677.19717,0.58662
3675.15768,0.60650
3673.11819,0.62718
3671.07870,0.64692
3669.03922,0.66789
3666.99973,0.68929
3664.96024,0.71023
3662.92075,0.73221
3660.88126,0.75505
3658.84177,0.77735
3656.80229,0.79930
3654.76280,0.82152
3652.72331,0.84382
3650.68382,0.86870
3648.64433,0.89639
3646.60485,0.92084
3644.56536,0.94128
3642.52587,0.96299
3640.48638,0.98747
3638.44689,1.01035
3636.40741,1.02859
3634.36792,1.04553
3632.32843,1.06586
3630.28894,1.09035
3628.24945,1.11599
3626.20996,1.13697
3624.17048,1.15354
3622.13099,1.17151
3620.09150,1.19516
3618.05201,1.22243
3616.01252,1.24453
3613.97304,1.25776
3611.93355,1.26871
3609.89406,1.28470
3607.85457,1.30438
3605.81508,1.32230
3603.77559,1.33772
3601.73611,1.35345
3599.69662,1.37080
3597.65713,1.38838
3595.61764,1.40308
3593.57815,1.41421
3591.53867,1.42625
3589.49918,1.44286
3587.45969,1.46012
3585.42020,1.47083
3583.38071,1.47717
3581.34122,1.48607
3579.30174,1.50097
3577.26225,1.51969
3575.22276,1.53623
3573.18327,1.54737
3571.14378,1.55369
3569.10430,1.56138
3567.06481,1.57880
3565.02532,1.60166
3562.98583,1.61558
3560.94634,1.61691
3558.90685,1.61272
3556.86737,1.60843
3554.82788,1.60793
3552.78839,1.61354
3550.74890,1.62160
3548.70941,1.62817
3546.66993,1.63450
3544.63044,1.64212
3542.59095,1.64893
3540.55146,1.65493
3538.51197,1.66085
3536.47248,1.66834
3534.43300,1.67901
3532.39351,1.68517
3530.35402,1.68101
3528.31453,1.67511
3526.27504,1.67629
3524.23556,1.68240
3522.19607,1.68410
3520.15658,1.67548
3518.11709,1.66869
3516.07760,1.67737
3514.03811,1.69106
3511.99863,1.69862
3509.95914,1.70717
3507.91965,1.71709
3505.88016,1.72120
3503.84067,1.72093
3501.80119,1.71669
3499.76170,1.70900
3497.72221,1.70679
3495.68272,1.71220
3493.64323,1.71735
3491.60375,1.72065
3489.56426,1.72553
3487.52477,1.73068
3485.48528,1.73668
3483.44579,1.74877
3481.40630,1.76464
3479.36682,1.77136
3477.32733,1.76572
3475.28784,1.75942
3473.24835,1.75520
3471.20886,1.74527
3469.16938,1.73357
3467.12989,1.72594
3465.09040,1.72541
3463.05091,1.73595
3461.01142,1.74465
3458.97193,1.74096
3456.93245,1.73647
3454.89296,1.73713
3452.85347,1.74185
3450.81398,1.75175
3448.77449,1.75872
3446.73501,1.75710
3444.69552,1.74818
3442.65603,1.73599
3440.61654,1.72925
3438.57705,1.73151
3436.53756,1.73800
3434.49808,1.73873
3432.45859,1.72990
3430.41910,1.72565
3428.37961,1.73324
3426.34012,1.73629
3424.30064,1.72551
3422.26115,1.71475
3420.22166,1.71474
3418.18217,1.72021
3416.14268,1.71958
3414.10319,1.71574
3412.06371,1.72245
3410.02422,1.73436
3407.98473,1.73624
3405.94524,1.72976
3403.90575,1.72185
3401.86627,1.71819
3399.82678,1.71677
3397.78729,1.71084
3395.74780,1.70849
3393.70831,1.71275
3391.66882,1.71452
3389.62934,1.71566
3387.58985,1.71838
3385.55036,1.71799
3383.51087,1.71458
3381.47138,1.71310
3379.43190,1.71408
3377.39241,1.71420
3375.35292,1.70803
3373.31343,1.69654
3371.27394,1.69607
3369.23446,1.71283
3367.19497,1.72622
3365.15548,1.71961
3363.11599,1.70333
3361.07650,1.69727
3359.03701,1.70445
3356.99753,1.70756
3354.95804,1.70092
3352.91855,1.69547
3350.87906,1.69381
3348.83957,1.69318
3346.80009,1.69232
3344.76060,1.68772
3342.72111,1.68283
3340.68162,1.68444
3338.64213,1.68547
3336.60264,1.67967
3334.56316,1.67706
3332.52367,1.68363
3330.48418,1.69115
3328.44469,1.68800
3326.40520,1.67760
3324.36572,1.67185
3322.32623,1.67065
3320.28674,1.66878
3318.24725,1.66942
3316.20776,1.67348
3314.16827,1.67418
3312.12879,1.67258
3310.08930,1.67278
3308.04981,1.67421
3306.01032,1.67357
3303.97083,1.66928
3301.93135,1.66610
3299.89186,1.66395
3297.85237,1.65757
3295.81288,1.65113
3293.77339,1.65385
3291.73390,1.66073
3289.69442,1.66112
3287.65493,1.65789
3285.61544,1.65566
3283.57595,1.65117
3281.53646,1.64549
3279.49698,1.64744
3277.45749,1.65361
3275.41800,1.65529
3273.37851,1.65765
3271.33902,1.66124
3269.29953,1.65772
3267.26005,1.64700
3265.22056,1.63560
3263.18107,1.62956
3261.14158,1.62979
3259.10209,1.63012
3257.06261,1.62906
3255.02312,1.63015
3252.98363,1.62999
3250.94414,1.62624
3248.90465,1.62410
3246.86516,1.62541
3244.82568,1.62776
3242.78619,1.62969
3240.74670,1.62752
3238.70721,1.62055
3236.66772,1.61443
3234.62824,1.61172
3232.58875,1.61199
3230.54926,1.61478
3228.50977,1.61642
3226.47028,1.61432
3224.43080,1.60985
3222.39131,1.60515
3220.35182,1.60215
3218.31233,1.60179
3216.27284,1.60404
3214.23335,1.60629
3212.19387,1.60206
3210.15438,1.59226
3208.11489,1.58554
3206.07540,1.58591
3204.03591,1.59114
3201.99643,1.59269
3199.95694,1.58738
3197.91745,1.58331
3195.87796,1.58490
3193.83847,1.58874
3191.79898,1.58829
3189.75950,1.58249
3187.72001,1.57635
3185.68052,1.57535
3183.64103,1.58030
3181.60154,1.58336
3179.56206,1.58015
3177.52257,1.57574
3175.48308,1.57255
3173.44359,1.56829
3171.40410,1.56300
3169.36461,1.55877
3167.32513,1.55638
3165.28564,1.55536
3163.24615,1.55526
3161.20666,1.55449
3159.16717,1.55343
3157.12769,1.55384
3155.08820,1.55040
3153.04871,1.54381
3151.00922,1.54231
3148.96973,1.54232
3146.93024,1.53867
3144.89076,1.53640
3142.85127,1.53514
3140.81178,1.52994
3138.77229,1.52526
3136.73280,1.52481
3134.69332,1.52476
3132.65383,1.52283
3130.61434,1.52145
3128.57485,1.52002
3126.53536,1.51388
3124.49587,1.50579
3122.45639,1.50304
3120.41690,1.50352
3118.37741,1.49911
3116.33792,1.49285
3114.29843,1.49140
3112.25895,1.49054
3110.21946,1.48588
3108.17997,1.47959
3106.14048,1.47526
3104.10099,1.47188
3102.06150,1.46664
3100.02202,1.46309
3097.98253,1.46179
3095.94304,1.45699
3093.90355,1.45015
3091.86406,1.44709
3089.82458,1.44633
3087.78509,1.44238
3085.74560,1.43597
3083.70611,1.43220
3081.66662,1.43106
3079.62714,1.42839
3077.58765,1.42251
3075.54816,1.41604
3073.50867,1.41200
3071.46918,1.40985
3069.42969,1.40858
3067.39021,1.40783
3065.35072,1.40367
3063.31123,1.39533
3061.27174,1.38909
3059.23225,1.38613
3057.19277,1.38150
3055.15328,1.37466
3053.11379,1.36870
3051.07430,1.36355
3049.03481,1.35784
3046.99532,1.35393
3044.95584,1.35381
3042.91635,1.35220
3040.87686,1.34476
3038.83737,1.33659
3036.79788,1.33256
3034.75840,1.33107
3032.71891,1.32854
3030.67942,1.32379
3028.63993,1.31686
3026.60044,1.30835
3024.56095,1.30201
3022.52147,1.29899
3020.48198,1.29765
3018.44249,1.29780
3016.40300,1.29727
3014.36351,1.29426
3012.32403,1.29132
3010.28454,1.29072
3008.24505,1.29186
3006.20556,1.29317
3004.16607,1.29361
3002.12658,1.29441
3000.08710,1.29757
2998.04761,1.30291
2996.00812,1.30906
2993.96863,1.31444
2991.92914,1.31772
2989.88966,1.32038
2987.85017,1.32658
2985.81068,1.33637
2983.77119,1.34430
2981.73170,1.34902
2979.69221,1.35604
2977.65273,1.36755
2975.61324,1.37920
2973.57375,1.38982
2971.53426,1.40020
2969.49477,1.40941
2967.45529,1.42002
2965.41580,1.43321
2963.37631,1.44565
2961.33682,1.45646
2959.29733,1.46823
2957.25784,1.48123
2955.21836,1.49223
2953.17887,1.50224
2951.13938,1.51366
2949.09989,1.52146
2947.06040,1.52647
2945.02092,1.53839
2942.98143,1.55282
2940.94194,1.55877
2938.90245,1.55774
2936.86296,1.55743
2934.82348,1.56162
2932.78399,1.56550
2930.74450,1.56258
2928.70501,1.55688
2926.66552,1.55416
2924.62603,1.55094
2922.58655,1.54536
2920.54706,1.53953
2918.50757,1.53081
2916.46808,1.52104
2914.42859,1.51419
2912.38911,1.50818
2910.34962,1.50473
2908.31013,1.50533
2906.27064,1.50305
2904.23115,1.49608
2902.19166,1.48971
2900.15218,1.48786
2898.11269,1.48845
2896.07320,1.48625
2894.03371,1.48264
2891.99422,1.47907
2889.95474,1.47247
2887.91525,1.46359
2885.87576,1.45522
2883.83627,1.44686
2881.79678,1.43632
2879.75729,1.42507
2877.71781,1.41564
2875.67832,1.40709
2873.63883,1.39857
2871.59934,1.39004
2869.55985,1.38114
2867.52037,1.37029
2865.48088,1.35725
2863.44139,1.34609
2861.40190,1.34001
2859.36241,1.33623
2857.32292,1.32938
2855.28344,1.31877
2853.24395,1.30835
2851.20446,1.30041
2849.16497,1.29352
2847.12548,1.28681
2845.08600,1.28016
2843.04651,1.27128
2841.00702,1.25910
2838.96753,1.24693
2836.92804,1.23836
2834.88855,1.23217
2832.84907,1.22474
2830.80958,1.21587
2828.77009,1.20800
2826.73060,1.20208
2824.69111,1.19579
2822.65163,1.18786
2820.61214,1.18117
2818.57265,1.17690
2816.53316,1.17222
2814.49367,1.16536
2812.45418,1.15782
2810.41470,1.15174
2808.37521,1.14701
2806.33572,1.14270
2804.29623,1.13850
2802.25674,1.13468
2800.21726,1.13153
2798.17777,1.12831
2796.13828,1.12455
2794.09879,1.12020
2792.05930,1.11503
2790.01982,1.11089
2787.98033,1.10823
2785.94084,1.10521
2783.90135,1.10250
2781.86186,1.10115
2779.82237,1.10022
2777.78289,1.09858
2775.74340,1.09648
2773.70391,1.09505
2771.66442,1.09450
2769.62493,1.09400
2767.58545,1.09281
2765.54596,1.09105
2763.50647,1.08962
2761.46698,1.08881
2759.42749,1.08768
2757.38800,1.08539
2755.34852,1.08284
2753.30903,1.08121
2751.26954,1.07927
2749.23005,1.07675
2747.19056,1.07477
2745.15108,1.07300
2743.11159,1.07123
2741.07210,1.06946
2739.03261,1.06712
2736.99312,1.06403
2734.95363,1.06115
2732.91415,1.05914
2730.87466,1.05750
2728.83517,1.05557
2726.79568,1.05297
2724.75619,1.04988
2722.71671,1.04622
2720.67722,1.04176
2718.63773,1.03680
2716.59824,1.03215
2714.55875,1.02869
2712.51926,1.02543
2710.47978,1.02058
2708.44029,1.01584
2706.40080,1.01302
2704.36131,1.00984
2702.32182,1.00505
2700.28234,1.00050
2698.24285,0.99671
2696.20336,0.99331
2694.16387,0.99048
2692.12438,0.98770
2690.08489,0.98448
2688.04541,0.98084
2686.00592,0.97653
2683.96643,0.97185
2681.92694,0.96825
2679.88745,0.96618
2677.84797,0.96351
2675.80848,0.95871
2673.76899,0.95390
2671.72950,0.95057
2669.69001,0.94753
2667.65052,0.94475
2665.61104,0.94150
2663.57155,0.93580
2661.53206,0.92925
2659.49257,0.92469
2657.45308,0.92085
2655.41360,0.91588
2653.37411,0.91104
2651.33462,0.90676
2649.29513,0.90164
2647.25564,0.89585
2645.21616,0.89085
2643.17667,0.88672
2641.13718,0.88269
2639.09769,0.87848
2637.05820,0.87375
2635.01871,0.86877
2632.97923,0.86362
2630.93974,0.85780
2628.90025,0.85262
2626.86076,0.84944
2624.82127,0.84645
2622.78179,0.84235
2620.74230,0.83846
2618.70281,0.83510
2616.66332,0.83166
2614.62383,0.82823
2612.58434,0.82464
2610.54486,0.82120
2608.50537,0.81821
2606.46588,0.81588
2604.42639,0.81442
2602.38690,0.81259
2600.34742,0.81021
2598.30793,0.80838
2596.26844,0.80727
2594.22895,0.80613
2592.18946,0.80413
2590.14997,0.80143
2588.11049,0.79824
2586.07100,0.79529
2584.03151,0.79325
2581.99202,0.79135
2579.95253,0.78865
2577.91305,0.78523
2575.87356,0.78192
2573.83407,0.77913
2571.79458,0.77645
2569.75509,0.77345
2567.71560,0.77018
2565.67612,0.76655
2563.63663,0.76285
2561.59714,0.76012
2559.55765,0.75793
2557.51816,0.75505
2555.47868,0.75226
2553.43919,0.75008
2551.39970,0.74726
2549.36021,0.74380
2547.32072,0.74049
2545.28123,0.73701
2543.24175,0.73328
2541.20226,0.72938
2539.16277,0.72510
2537.12328,0.72118
2535.08379,0.71811
2533.04431,0.71513
2531.00482,0.71218
2528.96533,0.71003
2526.92584,0.70782
2524.88635,0.70444
2522.84686,0.70083
2520.80738,0.69793
2518.76789,0.69546
2516.72840,0.69335
2514.68891,0.69164
2512.64942,0.69003
2510.60994,0.68846
2508.57045,0.68690
2506.53096,0.68522
2504.49147,0.68356
2502.45198,0.68185
2500.41250,0.67989
2498.37301,0.67771
2496.33352,0.67561
2494.29403,0.67380
2492.25454,0.67174
2490.21505,0.66928
2488.17557,0.66662
2486.13608,0.66395
2484.09659,0.66161
2482.05710,0.65939
2480.01761,0.65686
2477.97813,0.65428
2475.93864,0.65163
2473.89915,0.64860
2471.85966,0.64550
2469.82017,0.64257
2467.78068,0.63960
2465.74120,0.63636
2463.70171,0.63290
2461.66222,0.62942
2459.62273,0.62588
2457.58324,0.62229
2455.54376,0.61897
2453.50427,0.61591
2451.46478,0.61260
2449.42529,0.60900
2447.38580,0.60531
2445.34631,0.60139
2443.30683,0.59745
2441.26734,0.59373
2439.22785,0.58990
2437.18836,0.58605
2435.14887,0.58249
2433.10939,0.57903
2431.06990,0.57548
2429.03041,0.57188
2426.99092,0.56822
2424.95143,0.56450
2422.91194,0.56109
2420.87246,0.55796
2418.83297,0.55470
2416.79348,0.55132
2414.75399,0.54806
2412.71450,0.54502
2410.67502,0.54215
2408.63553,0.53957
2406.59604,0.53736
2404.55655,0.53510
2402.51706,0.53263
2400.47757,0.53034
2398.43809,0.52842
2396.39860,0.52683
2394.35911,0.52529
2392.31962,0.52363
2390.28013,0.52202
2388.24065,0.52078
2386.20116,0.52011
2384.16167,0.52006
2382.12218,0.52042
2380.08269,0.52089
2378.04320,0.52117
2376.00372,0.52122
2373.96423,0.52178
2371.92474,0.52354
2369.88525,0.52523
2367.84576,0.52542
2365.80628,0.52450
2363.76679,0.52356
2361.72730,0.52318
2359.68781,0.52226
2357.64832,0.51875
2355.60884,0.51349
2353.56935,0.51067
2351.52986,0.51227
2349.49037,0.51386
2347.45088,0.51072
2345.41139,0.50542
2343.37191,0.50307
2341.33242,0.50317
2339.29293,0.50288
2337.25344,0.50170
2335.21395,0.49984
2333.17447,0.49764
2331.13498,0.49537
2329.09549,0.49321
2327.05600,0.49129
2325.01651,0.48937
2322.97702,0.48679
2320.93754,0.48397
2318.89805,0.48216
2316.85856,0.48102
2314.81907,0.47961
2312.77958,0.47806
2310.74010,0.47664
2308.70061,0.47522
2306.66112,0.47390
2304.62163,0.47281
2302.58214,0.47187
2300.54265,0.47110
2298.50317,0.47048
2296.46368,0.46979
2294.42419,0.46911
2292.38470,0.46869
2290.34521,0.46839
2288.30573,0.46818
2286.26624,0.46835
2284.22675,0.46888
2282.18726,0.46928
2280.14777,0.46933
2278.10828,0.46949
2276.06880,0.47010
2274.02931,0.47083
2271.98982,0.47149
2269.95033,0.47225
2267.91084,0.47316
2265.87136,0.47418
2263.83187,0.47517
2261.79238,0.47586
2259.75289,0.47632
2257.71340,0.47692
2255.67391,0.47769
2253.63443,0.47839
2251.59494,0.47890
2249.55545,0.47935
2247.51596,0.48018
2245.47647,0.48101
2243.43699,0.48168
2241.39750,0.48229
2239.35801,0.48309
2237.31852,0.48409
2235.27903,0.48502
2233.23954,0.48579
2231.20006,0.48661
2229.16057,0.48766
2227.12108,0.48890
2225.08159,0.49036
2223.04210,0.49197
2221.00262,0.49352
2218.96313,0.49506
2216.92364,0.49677
2214.88415,0.49867
2212.84466,0.50067
2210.80518,0.50258
2208.76569,0.50437
2206.72620,0.50621
2204.68671,0.50815
2202.64722,0.51009
2200.60773,0.51202
2198.56825,0.51399
2196.52876,0.51573
2194.48927,0.51735
2192.44978,0.51935
2190.41029,0.52158
2188.37081,0.52373
2186.33132,0.52582
2184.29183,0.52811
2182.25234,0.53088
2180.21285,0.53366
2178.17336,0.53603
2176.13388,0.53830
2174.09439,0.54058
2172.05490,0.54273
2170.01541,0.54476
2167.97592,0.54689
2165.93644,0.54909
2163.89695,0.55109
2161.85746,0.55288
2159.81797,0.55450
2157.77848,0.55567
2155.73899,0.55629
2153.69951,0.55657
2151.66002,0.55659
2149.62053,0.55635
2147.58104,0.55591
2145.54155,0.55540
2143.50207,0.55482
2141.46258,0.55430
2139.42309,0.55418
2137.38360,0.55438
2135.34411,0.55442
2133.30462,0.55420
2131.26514,0.55385
2129.22565,0.55325
2127.18616,0.55250
2125.14667,0.55203
2123.10718,0.55149
2121.06770,0.55053
2119.02821,0.54964
2116.98872,0.54920
2114.94923,0.54914
2112.90974,0.54912
2110.87025,0.54911
2108.83077,0.54953
2106.79128,0.54996
2104.75179,0.54990
2102.71230,0.54986
2100.67281,0.55011
2098.63333,0.55031
2096.59384,0.55054
2094.55435,0.55086
2092.51486,0.55115
2090.47537,0.55147
2088.43588,0.55174
2086.39640,0.55182
2084.35691,0.55166
2082.31742,0.55126
2080.27793,0.55095
2078.23844,0.55078
2076.19896,0.55042
2074.15947,0.54989
2072.11998,0.54946
2070.08049,0.54915
2068.04100,0.54911
2066.00152,0.54938
2063.96203,0.54989
2061.92254,0.55030
2059.88305,0.55013
2057.84356,0.54944
2055.80407,0.54871
2053.76459,0.54809
2051.72510,0.54732
2049.68561,0.54618
2047.64612,0.54478
2045.60663,0.54314
2043.56715,0.54107
2041.52766,0.53837
2039.48817,0.53527
2037.44868,0.53235
2035.40919,0.52962
2033.36970,0.52672
2031.33022,0.52339
2029.29073,0.51966
2027.25124,0.51601
2025.21175,0.51271
2023.17226,0.50952
2021.13278,0.50619
2019.09329,0.50282
2017.05380,0.49960
2015.01431,0.49654
2012.97482,0.49346
2010.93533,0.49029
2008.89585,0.48734
2006.85636,0.48485
2004.81687,0.48265
2002.77738,0.48069
2000.73789,0.47919
1998.69841,0.47815
1996.65892,0.47744
1994.61943,0.47709
1992.57994,0.47662
1990.54045,0.47575
1988.50096,0.47485
1986.46148,0.47416
1984.42199,0.47355
1982.38250,0.47291
1980.34301,0.47218
1978.30352,0.47114
1976.26404,0.46996
1974.22455,0.46924
1972.18506,0.46936
1970.14557,0.47008
1968.10608,0.47058
1966.06659,0.47030
1964.02711,0.46962
1961.98762,0.46930
1959.94813,0.46950
1957.90864,0.46976
1955.86915,0.46991
1953.82967,0.47016
1951.79018,0.47051
1949.75069,0.47100
1947.71120,0.47159
1945.67171,0.47217
1943.63222,0.47227
1941.59274,0.47144
1939.55325,0.47021
1937.51376,0.46917
1935.47427,0.46846
1933.43478,0.46799
1931.39530,0.46761
1929.35581,0.46718
1927.31632,0.46706
1925.27683,0.46739
1923.23734,0.46748
1921.19786,0.46711
1919.15837,0.46643
1917.11888,0.46547
1915.07939,0.46443
1913.03990,0.46380
1911.00041,0.46362
1908.96093,0.46311
1906.92144,0.46192
1904.88195,0.46049
1902.84246,0.45928
1900.80297,0.45841
1898.76349,0.45804
1896.72400,0.45817
1894.68451,0.45858
1892.64502,0.45904
1890.60553,0.45920
1888.56604,0.45917
1886.52656,0.45939
1884.48707,0.45986
1882.44758,0.46049
1880.40809,0.46126
1878.36860,0.46208
1876.32912,0.46276
1874.28963,0.46342
1872.25014,0.46453
1870.21065,0.46570
1868.17116,0.46576
1866.13167,0.46433
1864.09219,0.46246
1862.05270,0.46112
1860.01321,0.46018
1857.97372,0.45923
1855.93423,0.45831
1853.89475,0.45756
1851.85526,0.45721
1849.81577,0.45756
1847.77628,0.45850
1845.73679,0.45897
1843.69730,0.45800
1841.65782,0.45617
1839.61833,0.45448
1837.57884,0.45357
1835.53935,0.45369
1833.49986,0.45487
1831.46038,0.45664
1829.42089,0.45817
1827.38140,0.45874
1825.34191,0.45848
1823.30242,0.45850
1821.26293,0.45933
1819.22345,0.46068
1817.18396,0.46229
1815.14447,0.46430
1813.10498,0.46681
1811.06549,0.46943
1809.02601,0.47170
1806.98652,0.47390
1804.94703,0.47671
1802.90754,0.48017
1800.86805,0.48370
1798.82856,0.48718
1796.78908,0.49104
1794.74959,0.49538
1792.71010,0.49978
1790.67061,0.50383
1788.63112,0.50747
1786.59164,0.51138
1784.55215,0.51631
1782.51266,0.52180
1780.47317,0.52695
1778.43368,0.53186
1776.39420,0.53720
1774.35471,0.54307
1772.31522,0.54882
1770.27573,0.55368
1768.23624,0.55761
1766.19675,0.56192
1764.15727,0.56750
1762.11778,0.57473
1760.07829,0.58350
1758.03880,0.59287
1755.99931,0.60325
1753.95983,0.61500
1751.92034,0.62889
1749.88085,0.64570
1747.84136,0.66296
1745.80187,0.67872
1743.76238,0.69428
1741.72290,0.71087
1739.68341,0.72840
1737.64392,0.74529
1735.60443,0.76075
1733.56494,0.77596
1731.52546,0.78825
1729.48597,0.79602
1727.44648,0.80218
1725.40699,0.80820
1723.36750,0.81437
1721.32801,0.82127
1719.28853,0.82903
1717.24904,0.83732
1715.20955,0.84466
1713.17006,0.85082
1711.13057,0.85823
1709.09109,0.86883
1707.05160,0.88282
1705.01211,0.89908
1702.97262,0.91658
1700.93313,0.93822
1698.89364,0.96495
1696.85416,0.99019
1694.81467,1.01380
1692.77518,1.03688
1690.73569,1.06103
1688.69620,1.08895
1686.65672,1.11950
1684.61723,1.15415
1682.57774,1.18917
1680.53825,1.21574
1678.49876,1.23845
1676.45927,1.26432
1674.41979,1.29282
1672.38030,1.31780
1670.34081,1.33790
1668.30132,1.35585
1666.26183,1.37020
1664.22235,1.38199
1662.18286,1.39423
1660.14337,1.40610
1658.10388,1.41642
1656.06439,1.42502
1654.02490,1.43140
1651.98542,1.43777
1649.94593,1.44454
1647.90644,1.44781
1645.86695,1.44656
1643.82746,1.44378
1641.78798,1.44148
1639.74849,1.43892
1637.70900,1.43382
1635.66951,1.42632
1633.63002,1.42121
1631.59054,1.41824
1629.55105,1.41200
1627.51156,1.40140
1625.47207,1.38989
1623.43258,1.37944
1621.39309,1.36990
1619.35361,1.35936
1617.31412,1.34586
1615.27463,1.33379
1613.23514,1.32720
1611.19565,1.32244
1609.15617,1.31704
1607.11668,1.31241
1605.07719,1.30893
1603.03770,1.30508
1600.99821,1.30134
1598.95872,1.29870
1596.91924,1.29648
1594.87975,1.29506
1592.84026,1.29486
1590.80077,1.29410
1588.76128,1.29244
1586.72180,1.29113
1584.68231,1.28976
1582.64282,1.28857
1580.60333,1.28960
1578.56384,1.29309
1576.52435,1.29797
1574.48487,1.30359
1572.44538,1.30758
1570.40589,1.30948
1568.36640,1.30983
1566.32691,1.30703
1564.28743,1.30344
1562.24794,1.30234
1560.20845,1.30096
1558.16896,1.29720
1556.12947,1.29140
1554.08998,1.28224
1552.05050,1.27200
1550.01101,1.26282
1547.97152,1.25549
1545.93203,1.24968
1543.89254,1.24321
1541.85306,1.23348
1539.81357,1.21966
1537.77408,1.20789
1535.73459,1.20021
1533.69510,1.19218
1531.65561,1.18366
1529.61613,1.17700
1527.57664,1.17210
1525.53715,1.16805
1523.49766,1.16339
1521.45817,1.15792
1519.41869,1.15270
1517.37920,1.14660
1515.33971,1.13992
1513.30022,1.13477
1511.26073,1.13112
1509.22124,1.12683
1507.18176,1.12202
1505.14227,1.12075
1503.10278,1.12104
1501.06329,1.12028
1499.02380,1.12101
1496.98432,1.12564
1494.94483,1.13274
1492.90534,1.13994
1490.86585,1.14806
1488.82636,1.15917
1486.78688,1.17271
1484.74739,1.18840
1482.70790,1.20846
1480.66841,1.23341
1478.62892,1.26086
1476.58943,1.29278
1474.54995,1.33418
1472.51046,1.38245
1470.47097,1.42611
1468.43148,1.46029
1466.39199,1.49075
1464.35251,1.51813
1462.31302,1.53632
1460.27353,1.54513
1458.23404,1.54833
1456.19455,1.54827
1454.15506,1.54612
1452.11558,1.54304
1450.07609,1.54172
1448.03660,1.54224
1445.99711,1.54282
1443.95762,1.54443
1441.91814,1.54859
1439.87865,1.55358
1437.83916,1.55860
1435.79967,1.56673
1433.76018,1.57803
1431.72069,1.58884
1429.68121,1.59473
1427.64172,1.59489
1425.60223,1.59585
1423.56274,1.60244
1421.52325,1.61000
1419.48377,1.61370
1417.44428,1.61480
1415.40479,1.61472
1413.36530,1.61426
1411.32581,1.61289
1409.28632,1.61048
1407.24684,1.60757
1405.20735,1.60581
1403.16786,1.60740
1401.12837,1.60847
1399.08888,1.60374
1397.04940,1.59478
1395.00991,1.58739
1392.97042,1.58703
1390.93093,1.59449
1388.89144,1.60412
1386.85195,1.61111
1384.81247,1.61636
1382.77298,1.62140
1380.73349,1.62449
1378.69400,1.62702
1376.65451,1.63236
1374.61503,1.63762
1372.57554,1.63955
1370.53605,1.63984
1368.49656,1.63897
1366.45707,1.63667
1364.41758,1.63506
1362.37810,1.63488
1360.33861,1.63389
1358.29912,1.63227
1356.25963,1.63242
1354.22014,1.63369
1352.18066,1.63474
1350.14117,1.63525
1348.10168,1.63318
1346.06219,1.62908
1344.02270,1.62618
1341.98322,1.62611
1339.94373,1.63090
1337.90424,1.63716
1335.86475,1.63622
1333.82526,1.62770
1331.78577,1.61644
1329.74629,1.60549
1327.70680,1.59569
1325.66731,1.58520
1323.62782,1.57361
1321.58833,1.56386
1319.54885,1.55871
1317.50936,1.55637
1315.46987,1.55257
1313.43038,1.54657
1311.39089,1.53887
1309.35140,1.53082
1307.31192,1.52557
1305.27243,1.52287
1303.23294,1.51973
1301.19345,1.51564
1299.15396,1.51129
1297.11448,1.50562
1295.07499,1.49774
1293.03550,1.49053
1290.99601,1.48742
1288.95652,1.48489
1286.91703,1.47733
1284.87755,1.46741
1282.83806,1.45976
1280.79857,1.45376
1278.75908,1.44809
1276.71959,1.44381
1274.68011,1.44342
1272.64062,1.44608
1270.60113,1.44603
1268.56164,1.44287
1266.52215,1.44281
1264.48266,1.44786
1262.44318,1.45408
1260.40369,1.45830
1258.36420,1.46104
1256.32471,1.46360
1254.28522,1.46626
1252.24574,1.46850
1250.20625,1.47186
1248.16676,1.47779
1246.12727,1.48329
1244.08778,1.48649
1242.04829,1.48872
1240.00881,1.48892
1237.96932,1.48458
1235.92983,1.47653
1233.89034,1.46737
1231.85085,1.45560
1229.81137,1.43861
1227.77188,1.42115
1225.73239,1.40963
1223.69290,1.40275
1221.65341,1.39732
1219.61392,1.39442
1217.57444,1.39698
1215.53495,1.40638
1213.49546,1.41852
1211.45597,1.42955
1209.41648,1.44144
1207.37700,1.45285
1205.33751,1.45982
1203.29802,1.46246
1201.25853,1.46108
1199.21904,1.45522
1197.17956,1.44782
1195.14007,1.44161
1193.10058,1.43491
1191.06109,1.43111
1189.02160,1.43761
1186.98211,1.45581
1184.94263,1.48375
1182.90314,1.51771
1180.86365,1.55735
1178.82416,1.61202
1176.78467,1.68501
1174.74519,1.76596
1172.70570,1.84461
1170.66621,1.90760
1168.62672,1.94177
1166.58723,1.95195
1164.54774,1.94938
1162.50826,1.93391
1160.46877,1.91112
1158.42928,1.88919
1156.38979,1.86448
1154.35030,1.83770
1152.31082,1.81230
1150.27133,1.78438
1148.23184,1.76157
1146.19235,1.75786
1144.15286,1.76405
1142.11337,1.76172
1140.07389,1.75594
1138.03440,1.75935
1135.99491,1.76797
1133.95542,1.77652
1131.91593,1.78758
1129.87645,1.79780
1127.83696,1.80277
1125.79747,1.80532
1123.75798,1.80564
1121.71849,1.80514
1119.67900,1.80550
1117.63952,1.80223
1115.60003,1.79466
1113.56054,1.79122
1111.52105,1.79928
1109.48156,1.81231
1107.44208,1.82011
1105.40259,1.81372
1103.36310,1.79908
1101.32361,1.79737
1099.28412,1.80550
1097.24463,1.80809
1095.20515,1.81276
1093.16566,1.82822
1091.12617,1.84848
1089.08668,1.86457
1087.04719,1.86188
1085.00771,1.84492
1082.96822,1.83025
1080.92873,1.81983
1078.88924,1.81042
1076.84975,1.80132
1074.81027,1.79871
1072.77078,1.80176
1070.73129,1.81012
1068.69180,1.82725
1066.65231,1.84618
1064.61282,1.85472
1062.57334,1.85341
1060.53385,1.85429
1058.49436,1.83672
1056.45487,1.78504
1054.41538,1.73053
1052.37590,1.68822
1050.33641,1.65793
1048.29692,1.64390
1046.25743,1.63835
1044.21794,1.63026
1042.17845,1.62616
1040.13897,1.62853
1038.09948,1.62433
1036.05999,1.61195
1034.02050,1.60287
1031.98101,1.59990
1029.94153,1.59198
1027.90204,1.57857
1025.86255,1.57101
1023.82306,1.56364
1021.78357,1.54859
1019.74408,1.53795
1017.70460,1.53462
1015.66511,1.52892
1013.62562,1.52321
1011.58613,1.52140
1009.54664,1.52320
1007.50716,1.52539
1005.46767,1.52107
1003.42818,1.51109
1001.38869,1.50348
999.34920,1.49910
997.30971,1.49267
995.27023,1.48653
993.23074,1.48175
991.19125,1.47194
989.15176,1.45688
987.11227,1.43833
985.07279,1.41441
983.03330,1.38346
980.99381,1.34427
978.95432,1.30076
976.91483,1.26101
974.87534,1.22430
972.83586,1.18704
970.79637,1.15516
968.75688,1.13219
966.71739,1.11370
964.67790,1.09688
962.63842,1.08229
960.59893,1.07116
958.55944,1.06464
956.51995,1.06255
954.48046,1.06706
952.44097,1.08049
950.40149,1.10051
948.36200,1.12733
946.32251,1.16391
944.28302,1.20670
942.24353,1.24504
940.20405,1.27297
938.16456,1.29335
936.12507,1.30794
934.08558,1.31717
932.04609,1.32244
930.00661,1.32358
927.96712,1.31973
925.92763,1.31208
923.88814,1.29951
921.84865,1.27908
919.80916,1.25144
917.76968,1.22076
915.73019,1.19383
913.69070,1.17336
911.65121,1.15667
909.61172,1.14248
907.57224,1.13211
905.53275,1.12607
903.49326,1.12372
901.45377,1.12298
899.41428,1.12029
897.37479,1.11432
895.33531,1.10599
893.29582,1.09659
891.25633,1.08767
889.21684,1.07985
887.17735,1.07358
885.13787,1.07166
883.09838,1.07571
881.05889,1.08600
879.01940,1.10465
876.97991,1.13232
874.94042,1.16661
872.90094,1.20423
870.86145,1.24566
868.82196,1.28987
866.78247,1.32591
864.74298,1.34670
862.70350,1.35266
860.66401,1.34515
858.62452,1.32984
856.58503,1.31088
854.54554,1.29344
852.50605,1.28189
850.46657,1.27168
848.42708,1.26046
846.38759,1.25255
844.34810,1.24650
842.30861,1.23661
840.26913,1.22399
838.22964,1.21181
836.19015,1.20020
834.15066,1.19027
832.11117,1.18239
830.07168,1.17589
828.03220,1.17171
825.99271,1.16979
823.95322,1.16929
821.91373,1.17236
819.87424,1.17904
817.83476,1.18556
815.79527,1.19295
813.75578,1.20249
811.71629,1.21101
809.67680,1.21844
807.63731,1.22736
805.59783,1.24057
803.55834,1.25911
801.51885,1.27974
799.47936,1.29812
797.43987,1.31215
795.40039,1.32072
793.36090,1.32651
791.32141,1.33752
789.28192,1.35219
787.24243,1.36302
785.20295,1.37410
783.16346,1.39210
781.12397,1.41514
779.08448,1.43726
777.04499,1.45813
775.00550,1.47886
772.96602,1.49377
770.92653,1.49960
768.88704,1.50232
766.84755,1.50203
764.80806,1.49752
762.76858,1.49710
760.72909,1.49389
758.68960,1.47787
756.65011,1.45933
754.61062,1.44857
752.57113,1.44767
750.53165,1.45436
748.49216,1.45774
746.45267,1.44755
744.41318,1.43815
742.37369,1.44561
740.33421,1.45709
738.29472,1.45687
736.25523,1.45637
734.21574,1.46609
732.17625,1.47672
730.13676,1.48268
728.09728,1.49447
726.05779,1.51516
724.01830,1.52618
721.97881,1.53159
719.93932,1.54494
717.89984,1.56090
715.86035,1.56575
713.82086,1.56067
711.78137,1.55623
709.74188,1.55381
707.70239,1.55166
705.66291,1.55214
703.62342,1.54947
701.58393,1.53460
699.54444,1.51523
697.50495,1.51118
695.46547,1.52687
693.42598,1.54493
691.38649,1.55277
689.34700,1.55363
687.30751,1.54919
685.26802,1.54019
683.22854,1.53159
681.18905,1.52399
679.14956,1.51964
677.11007,1.52756
675.07058,1.54642
673.03110,1.56050
670.99161,1.56140
668.95212,1.55662
666.91263,1.55358
664.87314,1.54668
662.83365,1.53882
660.79417,1.54548
658.75468,1.55950
656.71519,1.56305
654.67570,1.56040
652.63621,1.55571
650.59673,1.54914
648.55724,1.54601
646.51775,1.54794
644.47826,1.55401
642.43877,1.56167
640.39929,1.57348
638.35980,1.59933
636.32031,1.62585
634.28082,1.62226
632.24133,1.59283
630.20184,1.57354
628.16236,1.57306
626.12287,1.56645
624.08338,1.55708
622.04389,1.57964
620.00440,1.62219
617.96492,1.65037
615.92543,1.64817
613.88594,1.62989
611.84645,1.61973
609.80696,1.61716
607.76747,1.60246
605.72799,1.57764
603.68850,1.57900
601.64901,1.59304
599.60952,1.57945
597.57003,1.57850
595.53055,1.60729
593.49106,1.61899
591.45157,1.61293
589.41208,1.58647
587.37259,1.55952
585.33310,1.56138
583.29362,1.57903
581.25413,1.62040
579.21464,1.66013
577.17515,1.60711
575.13566,1.50941
573.09618,1.47286
571.05669,1.51130
569.01720,1.56740
566.97771,1.59773
564.93822,1.56976
562.89873,1.53040
560.85925,1.53336
558.81976,1.53162
556.78027,1.50200
554.74078,1.49535
552.70129,1.52705
550.66181,1.52971
548.62232,1.50007
546.58283,1.49999
544.54334,1.53216
542.50385,1.56970
540.46436,1.55788
538.42488,1.50853
536.38539,1.45919
534.34590,1.46843
532.30641,1.54150
530.26692,1.59308
528.22744,1.56749
526.18795,1.50115
524.14846,1.47201
522.10897,1.48211
520.06948,1.48094
518.02999,1.47082
515.99051,1.41471
513.95102,1.33062
511.91153,1.29597
509.87204,1.33525
507.83255,1.31769
505.79307,1.22721
503.75358,1.17842
501.71409,1.30011
499.67460,1.47218
