3997.39681,0.38989
3995.35732,0.38887
3993.31783,0.38819
3991.27835,0.38740
3989.23886,0.38637
3987.19937,0.38573
3985.15988,0.38564
3983.12039,0.38563
3981.08091,0.38550
3979.04142,0.38494
3977.00193,0.38344
3974.96244,0.38161
3972.92295,0.38034
3970.88346,0.37924
3968.84398,0.37803
3966.80449,0.37727
3964.76500,0.37690
3962.72551,0.37611
3960.68602,0.37480
3958.64654,0.37347
3956.60705,0.37205
3954.56756,0.37046
3952.52807,0.36915
3950.48858,0.36811
3948.44909,0.36696
3946.40961,0.36588
3944.37012,0.36494
3942.33063,0.36350
3940.29114,0.36156
3938.25165,0.35990
3936.21217,0.35896
3934.17268,0.35834
3932.13319,0.35699
3930.09370,0.35472
3928.05421,0.35271
3926.01473,0.35113
3923.97524,0.34923
3921.93575,0.34744
3919.89626,0.34618
3917.85677,0.34431
3915.81728,0.34126
3913.77780,0.33830
3911.73831,0.33644
3909.69882,0.33567
3907.65933,0.33555
3905.61984,0.33497
3903.58036,0.33296
3901.54087,0.32993
3899.50138,0.32709
3897.46189,0.32544
3895.42240,0.32519
3893.38291,0.32513
3891.34343,0.32368
3889.30394,0.32159
3887.26445,0.32060
3885.22496,0.32021
3883.18547,0.31951
3881.14599,0.31851
3879.10650,0.31740
3877.06701,0.31711
3875.02752,0.31782
3872.98803,0.31843
3870.94854,0.31788
3868.90906,0.31627
3866.86957,0.31504
3864.83008,0.31438
3862.79059,0.31355
3860.75110,0.31320
3858.71162,0.31393
3856.67213,0.31470
3854.63264,0.31384
3852.59315,0.31146
3850.55366,0.31017
3848.51417,0.31080
3846.47469,0.31243
3844.43520,0.31406
3842.39571,0.31515
3840.35622,0.31544
3838.31673,0.31449
3836.27725,0.31265
3834.23776,0.31136
3832.19827,0.31108
3830.15878,0.31116
3828.11929,0.31135
3826.07980,0.31195
3824.04032,0.31273
3822.00083,0.31280
3819.96134,0.31223
3817.92185,0.31216
3815.88236,0.31205
3813.84288,0.31173
3811.80339,0.31246
3809.76390,0.31415
3807.72441,0.31559
3805.68492,0.31644
3803.64543,0.31727
3801.60595,0.31778
3799.56646,0.31788
3797.52697,0.31831
3795.48748,0.31907
3793.44799,0.32018
3791.40851,0.32200
3789.36902,0.32430
3787.32953,0.32630
3785.29004,0.32755
3783.25055,0.32860
3781.21107,0.33008
3779.17158,0.33154
3777.13209,0.33254
3775.09260,0.33381
3773.05311,0.33594
3771.01362,0.33849
3768.97414,0.34083
3766.93465,0.34292
3764.89516,0.34463
3762.85567,0.34609
3760.81618,0.34784
3758.77670,0.35015
3756.73721,0.35324
3754.69772,0.35668
3752.65823,0.35911
3750.61874,0.36029
3748.57925,0.36217
3746.53977,0.36500
3744.50028,0.36700
3742.46079,0.36852
3740.42130,0.37129
3738.38181,0.37503
3736.34233,0.37849
3734.30284,0.38119
3732.26335,0.38366
3730.22386,0.38673
3728.18437,0.39054
3726.14488,0.39444
3724.10540,0.39808
3722.06591,0.40172
3720.02642,0.40543
3717.98693,0.40951
3715.94744,0.41465
3713.90796,0.42081
3711.86847,0.42682
3709.82898,0.43210
3707.78949,0.43755
3705.75000,0.44400
3703.71051,0.45177
3701.67103,0.46062
3699.63154,0.46939
3697.59205,0.47791
3695.55256,0.48741
3693.51307,0.49830
3691.47359,0.50981
3689.43410,0.52145
3687.39461,0.53358
3685.35512,0.54645
3683.31563,0.56025
3681.27614,0.57530
3679.23666,0.59169
3677.19717,0.61033
3675.15768,0.63177
3673.11819,0.65397
3671.07870,0.67644
3669.03922,0.69824
3666.99973,0.71720
3664.96024,0.73646
3662.92075,0.75871
3660.88126,0.78261
3658.84177,0.80712
3656.80229,0.83177
3654.76280,0.85467
3652.72331,0.87645
3650.68382,0.90063
3648.64433,0.92679
3646.60485,0.95215
3644.56536,0.97653
3642.52587,1.00050
3640.48638,1.02377
3638.44689,1.04579
3636.40741,1.06659
3634.36792,1.08690
3632.32843,1.10851
3630.28894,1.13234
3628.24945,1.15362
3626.20996,1.16945
3624.17048,1.18692
3622.13099,1.20850
3620.09150,1.23051
3618.05201,1.25142
3616.01252,1.26998
3613.97304,1.28452
3611.93355,1.29659
3609.89406,1.31172
3607.85457,1.33226
3605.81508,1.35239
3603.77559,1.36967
3601.73611,1.38877
3599.69662,1.40921
3597.65713,1.42511
3595.61764,1.43444
3593.57815,1.44035
3591.53867,1.44747
3589.49918,1.45765
3587.45969,1.47216
3585.42020,1.49355
3583.38071,1.51717
3581.34122,1.53499
3579.30174,1.54673
3577.26225,1.55427
3575.22276,1.55941
3573.18327,1.56723
3571.14378,1.57840
3569.10430,1.58830
3567.06481,1.59518
3565.02532,1.59801
3562.98583,1.59669
3560.94634,1.59721
3558.90685,1.60377
3556.86737,1.61471
3554.82788,1.62670
3552.78839,1.63645
3550.74890,1.64184
3548.70941,1.64551
3546.66993,1.65111
3544.63044,1.65725
3542.59095,1.66109
3540.55146,1.66209
3538.51197,1.66162
3536.47248,1.66277
3534.43300,1.66775
3532.39351,1.67152
3530.35402,1.66979
3528.31453,1.67121
3526.27504,1.68121
3524.23556,1.68796
3522.19607,1.68577
3520.15658,1.68203
3518.11709,1.68078
3516.07760,1.68262
3514.03811,1.68751
3511.99863,1.69056
3509.95914,1.68854
3507.91965,1.68432
3505.88016,1.68402
3503.84067,1.68927
3501.80119,1.69467
3499.76170,1.69880
3497.72221,1.70468
3495.68272,1.70928
3493.64323,1.70699
3491.60375,1.70236
3489.56426,1.70335
3487.52477,1.70252
3485.48528,1.69254
3483.44579,1.68639
3481.40630,1.69170
3479.36682,1.70157
3477.32733,1.71203
3475.28784,1.72047
3473.24835,1.71989
3471.20886,1.71070
3469.16938,1.70842
3467.12989,1.72313
3465.09040,1.74058
3463.05091,1.74339
3461.01142,1.74018
3458.97193,1.74327
3456.93245,1.74439
3454.89296,1.73648
3452.85347,1.72749
3450.81398,1.72525
3448.77449,1.72707
3446.73501,1.72561
3444.69552,1.72128
3442.65603,1.72006
3440.61654,1.71669
3438.57705,1.70900
3436.53756,1.70831
3434.49808,1.71303
3432.45859,1.71356
3430.41910,1.71230
3428.37961,1.71312
3426.34012,1.71312
3424.30064,1.71154
3422.26115,1.71148
3420.22166,1.70974
3418.18217,1.70177
3416.14268,1.69260
3414.10319,1.68911
3412.06371,1.69232
3410.02422,1.70287
3407.98473,1.71448
3405.94524,1.71080
3403.90575,1.69295
3401.86627,1.68262
3399.82678,1.68821
3397.78729,1.69896
3395.74780,1.70284
3393.70831,1.69596
3391.66882,1.68398
3389.62934,1.67903
3387.58985,1.68393
3385.55036,1.68847
3383.51087,1.68580
3381.47138,1.68062
3379.43190,1.68074
3377.39241,1.68412
3375.35292,1.68387
3373.31343,1.68452
3371.27394,1.68804
3369.23446,1.68380
3367.19497,1.67567
3365.15548,1.67927
3363.11599,1.69221
3361.07650,1.69751
3359.03701,1.69121
3356.99753,1.68133
3354.95804,1.67085
3352.91855,1.66344
3350.87906,1.66072
3348.83957,1.65703
3346.80009,1.65124
3344.76060,1.64765
3342.72111,1.64992
3340.68162,1.65738
3338.64213,1.66394
3336.60264,1.66632
3334.56316,1.66645
3332.52367,1.66418
3330.48418,1.66062
3328.44469,1.66284
3326.40520,1.67093
3324.36572,1.67373
3322.32623,1.66743
3320.28674,1.65744
3318.24725,1.64942
3316.20776,1.64657
3314.16827,1.64640
3312.12879,1.64421
3310.08930,1.63965
3308.04981,1.64087
3306.01032,1.64684
3303.97083,1.64473
3301.93135,1.63643
3299.89186,1.63173
3297.85237,1.63130
3295.81288,1.63577
3293.77339,1.64259
3291.73390,1.64110
3289.69442,1.63469
3287.65493,1.63250
3285.61544,1.62974
3283.57595,1.62483
3281.53646,1.62172
3279.49698,1.62026
3277.45749,1.62311
3275.41800,1.62662
3273.37851,1.62026
3271.33902,1.60803
3269.29953,1.60367
3267.26005,1.61159
3265.22056,1.62227
3263.18107,1.62546
3261.14158,1.62038
3259.10209,1.61189
3257.06261,1.60710
3255.02312,1.60899
3252.98363,1.61081
3250.94414,1.60498
3248.90465,1.59701
3246.86516,1.59351
3244.82568,1.59186
3242.78619,1.59073
3240.74670,1.59130
3238.70721,1.59319
3236.66772,1.59569
3234.62824,1.59639
3232.58875,1.59464
3230.54926,1.59177
3228.50977,1.58487
3226.47028,1.57661
3224.43080,1.57805
3222.39131,1.58968
3220.35182,1.59737
3218.31233,1.59467
3216.27284,1.59067
3214.23335,1.58971
3212.19387,1.58890
3210.15438,1.58899
3208.11489,1.58968
3206.07540,1.58711
3204.03591,1.58207
3201.99643,1.57868
3199.95694,1.57739
3197.91745,1.57283
3195.87796,1.56394
3193.83847,1.56005
3191.79898,1.56327
3189.75950,1.56619
3187.72001,1.56550
3185.68052,1.56106
3183.64103,1.55588
3181.60154,1.55549
3179.56206,1.55840
3177.52257,1.55997
3175.48308,1.56180
3173.44359,1.56275
3171.40410,1.55804
3169.36461,1.55045
3167.32513,1.54541
3165.28564,1.54494
3163.24615,1.54715
3161.20666,1.54731
3159.16717,1.54468
3157.12769,1.54111
3155.08820,1.53705
3153.04871,1.53304
3151.00922,1.52987
3148.96973,1.52829
3146.93024,1.52937
3144.89076,1.53203
3142.85127,1.53267
3140.81178,1.53085
3138.77229,1.52890
3136.73280,1.52824
3134.69332,1.52679
3132.65383,1.52107
3130.61434,1.51330
3128.57485,1.50658
3126.53536,1.50249
3124.49587,1.50372
3122.45639,1.50896
3120.41690,1.51163
3118.37741,1.50664
3116.33792,1.49786
3114.29843,1.49289
3112.25895,1.49163
3110.21946,1.49181
3108.17997,1.49201
3106.14048,1.48613
3104.10099,1.47620
3102.06150,1.47106
3100.02202,1.46888
3097.98253,1.46363
3095.94304,1.45695
3093.90355,1.45339
3091.86406,1.45245
3089.82458,1.45100
3087.78509,1.44853
3085.74560,1.44529
3083.70611,1.44407
3081.66662,1.44783
3079.62714,1.45034
3077.58765,1.44597
3075.54816,1.44071
3073.50867,1.43937
3071.46918,1.43561
3069.42969,1.42641
3067.39021,1.42044
3065.35072,1.41983
3063.31123,1.41677
3061.27174,1.40941
3059.23225,1.40283
3057.19277,1.39907
3055.15328,1.39530
3053.11379,1.38934
3051.07430,1.38280
3049.03481,1.37862
3046.99532,1.37618
3044.95584,1.37204
3042.91635,1.36529
3040.87686,1.35909
3038.83737,1.35462
3036.79788,1.34934
3034.75840,1.34443
3032.71891,1.34163
3030.67942,1.33794
3028.63993,1.33239
3026.60044,1.32779
3024.56095,1.32523
3022.52147,1.32212
3020.48198,1.31769
3018.44249,1.31587
3016.40300,1.31745
3014.36351,1.31772
3012.32403,1.31497
3010.28454,1.31361
3008.24505,1.31672
3006.20556,1.32086
3004.16607,1.32176
3002.12658,1.32046
3000.08710,1.32131
2998.04761,1.32580
2996.00812,1.33129
2993.96863,1.33669
2991.92914,1.34267
2989.88966,1.34695
2987.85017,1.34967
2985.81068,1.35506
2983.77119,1.36329
2981.73170,1.37211
2979.69221,1.38079
2977.65273,1.38772
2975.61324,1.39276
2973.57375,1.40057
2971.53426,1.41330
2969.49477,1.42592
2967.45529,1.43535
2965.41580,1.44427
2963.37631,1.45367
2961.33682,1.46246
2959.29733,1.47147
2957.25784,1.48337
2955.21836,1.49890
2953.17887,1.51348
2951.13938,1.52179
2949.09989,1.52296
2947.06040,1.52313
2945.02092,1.53063
2942.98143,1.54358
2940.94194,1.55164
2938.90245,1.55251
2936.86296,1.55245
2934.82348,1.55369
2932.78399,1.55541
2930.74450,1.55461
2928.70501,1.54941
2926.66552,1.54410
2924.62603,1.53963
2922.58655,1.53370
2920.54706,1.52937
2918.50757,1.52626
2916.46808,1.52171
2914.42859,1.51837
2912.38911,1.51579
2910.34962,1.51005
2908.31013,1.50377
2906.27064,1.50137
2904.23115,1.49784
2902.19166,1.48989
2900.15218,1.48296
2898.11269,1.47890
2896.07320,1.47666
2894.03371,1.47643
2891.99422,1.47647
2889.95474,1.47464
2887.91525,1.47039
2885.87576,1.46435
2883.83627,1.45809
2881.79678,1.45164
2879.75729,1.44324
2877.71781,1.43327
2875.67832,1.42457
2873.63883,1.41631
2871.59934,1.40443
2869.55985,1.38926
2867.52037,1.37627
2865.48088,1.36794
2863.44139,1.36067
2861.40190,1.35435
2859.36241,1.34971
2857.32292,1.34354
2855.28344,1.33602
2853.24395,1.32801
2851.20446,1.31907
2849.16497,1.31056
2847.12548,1.30340
2845.08600,1.29607
2843.04651,1.28724
2841.00702,1.27742
2838.96753,1.26798
2836.92804,1.26105
2834.88855,1.25634
2832.84907,1.25067
2830.80958,1.24287
2828.77009,1.23459
2826.73060,1.22749
2824.69111,1.22183
2822.65163,1.21580
2820.61214,1.20906
2818.57265,1.20367
2816.53316,1.19865
2814.49367,1.19211
2812.45418,1.18520
2810.41470,1.17914
2808.37521,1.17384
2806.33572,1.16966
2804.29623,1.16683
2802.25674,1.16386
2800.21726,1.15956
2798.17777,1.15511
2796.13828,1.15127
2794.09879,1.14723
2792.05930,1.14357
2790.01982,1.14106
2787.98033,1.13861
2785.94084,1.13543
2783.90135,1.13157
2781.86186,1.12806
2779.82237,1.12505
2777.78289,1.12262
2775.74340,1.12204
2773.70391,1.12200
2771.66442,1.12086
2769.62493,1.11995
2767.58545,1.11942
2765.54596,1.11730
2763.50647,1.11460
2761.46698,1.11320
2759.42749,1.11279
2757.38800,1.11328
2755.34852,1.11316
2753.30903,1.11063
2751.26954,1.10706
2749.23005,1.10506
2747.19056,1.10400
2745.15108,1.10185
2743.11159,1.09906
2741.07210,1.09731
2739.03261,1.09717
2736.99312,1.09591
2734.95363,1.09212
2732.91415,1.08797
2730.87466,1.08500
2728.83517,1.08343
2726.79568,1.08162
2724.75619,1.07849
2722.71671,1.07504
2720.67722,1.07117
2718.63773,1.06657
2716.59824,1.06178
2714.55875,1.05720
2712.51926,1.05317
2710.47978,1.04973
2708.44029,1.04574
2706.40080,1.04071
2704.36131,1.03596
2702.32182,1.03255
2700.28234,1.02958
2698.24285,1.02532
2696.20336,1.02059
2694.16387,1.01721
2692.12438,1.01460
2690.08489,1.01119
2688.04541,1.00766
2686.00592,1.00611
2683.96643,1.00496
2681.92694,1.00106
2679.88745,0.99528
2677.84797,0.99015
2675.80848,0.98570
2673.76899,0.98117
2671.72950,0.97717
2669.69001,0.97365
2667.65052,0.97032
2665.61104,0.96760
2663.57155,0.96502
2661.53206,0.96125
2659.49257,0.95593
2657.45308,0.95060
2655.41360,0.94662
2653.37411,0.94342
2651.33462,0.93936
2649.29513,0.93382
2647.25564,0.92770
2645.21616,0.92238
2643.17667,0.91781
2641.13718,0.91229
2639.09769,0.90623
2637.05820,0.90107
2635.01871,0.89622
2632.97923,0.89137
2630.93974,0.88685
2628.90025,0.88248
2626.86076,0.87796
2624.82127,0.87309
2622.78179,0.86809
2620.74230,0.86379
2618.70281,0.86082
2616.66332,0.85858
2614.62383,0.85569
2612.58434,0.85195
2610.54486,0.84870
2608.50537,0.84638
2606.46588,0.84406
2604.42639,0.84194
2602.38690,0.84030
2600.34742,0.83815
2598.30793,0.83560
2596.26844,0.83371
2594.22895,0.83256
2592.18946,0.83142
2590.14997,0.82952
2588.11049,0.82653
2586.07100,0.82372
2584.03151,0.82180
2581.99202,0.81960
2579.95253,0.81661
2577.91305,0.81352
2575.87356,0.81076
2573.83407,0.80795
2571.79458,0.80470
2569.75509,0.80116
2567.71560,0.79782
2565.67612,0.79479
2563.63663,0.79187
2561.59714,0.78894
2559.55765,0.78625
2557.51816,0.78390
2555.47868,0.78080
2553.43919,0.77677
2551.39970,0.77302
2549.36021,0.76961
2547.32072,0.76610
2545.28123,0.76258
2543.24175,0.75936
2541.20226,0.75679
2539.16277,0.75385
2537.12328,0.74957
2535.08379,0.74527
2533.04431,0.74204
2531.00482,0.73934
2528.96533,0.73638
2526.92584,0.73318
2524.88635,0.73035
2522.84686,0.72797
2520.80738,0.72563
2518.76789,0.72312
2516.72840,0.72039
2514.68891,0.71775
2512.64942,0.71577
2510.60994,0.71405
2508.57045,0.71207
2506.53096,0.71045
2504.49147,0.70912
2502.45198,0.70747
2500.41250,0.70551
2498.37301,0.70309
2496.33352,0.70046
2494.29403,0.69864
2492.25454,0.69731
2490.21505,0.69514
2488.17557,0.69189
2486.13608,0.68887
2484.09659,0.68672
2482.05710,0.68450
2480.01761,0.68193
2477.97813,0.67935
2475.93864,0.67657
2473.89915,0.67345
2471.85966,0.67049
2469.82017,0.66772
2467.78068,0.66445
2465.74120,0.66082
2463.70171,0.65735
2461.66222,0.65431
2459.62273,0.65146
2457.58324,0.64828
2455.54376,0.64465
2453.50427,0.64079
2451.46478,0.63702
2449.42529,0.63331
2447.38580,0.62940
2445.34631,0.62536
2443.30683,0.62119
2441.26734,0.61698
2439.22785,0.61296
2437.18836,0.60916
2435.14887,0.60538
2433.10939,0.60161
2431.06990,0.59799
2429.03041,0.59443
2426.99092,0.59065
2424.95143,0.58675
2422.91194,0.58322
2420.87246,0.58022
2418.83297,0.57730
2416.79348,0.57406
2414.75399,0.57065
2412.71450,0.56735
2410.67502,0.56434
2408.63553,0.56162
2406.59604,0.55909
2404.55655,0.55656
2402.51706,0.55398
2400.47757,0.55154
2398.43809,0.54943
2396.39860,0.54765
2394.35911,0.54608
2392.31962,0.54468
2390.28013,0.54337
2388.24065,0.54214
2386.20116,0.54128
2384.16167,0.54106
2382.12218,0.54152
2380.08269,0.54239
2378.04320,0.54320
2376.00372,0.54354
2373.96423,0.54376
2371.92474,0.54446
2369.88525,0.54503
2367.84576,0.54522
2365.80628,0.54563
2363.76679,0.54635
2361.72730,0.54701
2359.68781,0.54572
2357.64832,0.54084
2355.60884,0.53438
2353.56935,0.53063
2351.52986,0.53158
2349.49037,0.53326
2347.45088,0.53118
2345.41139,0.52709
2343.37191,0.52480
2341.33242,0.52411
2339.29293,0.52332
2337.25344,0.52190
2335.21395,0.51970
2333.17447,0.51724
2331.13498,0.51498
2329.09549,0.51278
2327.05600,0.51053
2325.01651,0.50834
2322.97702,0.50618
2320.93754,0.50413
2318.89805,0.50246
2316.85856,0.50091
2314.81907,0.49913
2312.77958,0.49729
2310.74010,0.49586
2308.70061,0.49500
2306.66112,0.49439
2304.62163,0.49350
2302.58214,0.49227
2300.54265,0.49124
2298.50317,0.49065
2296.46368,0.49002
2294.42419,0.48912
2292.38470,0.48828
2290.34521,0.48779
2288.30573,0.48778
2286.26624,0.48823
2284.22675,0.48880
2282.18726,0.48917
2280.14777,0.48947
2278.10828,0.48984
2276.06880,0.49041
2274.02931,0.49136
2271.98982,0.49242
2269.95033,0.49314
2267.91084,0.49366
2265.87136,0.49443
2263.83187,0.49555
2261.79238,0.49666
2259.75289,0.49747
2257.71340,0.49796
2255.67391,0.49838
2253.63443,0.49895
2251.59494,0.49961
2249.55545,0.50017
2247.51596,0.50094
2245.47647,0.50175
2243.43699,0.50253
2241.39750,0.50333
2239.35801,0.50428
2237.31852,0.50529
2235.27903,0.50618
2233.23954,0.50723
2231.20006,0.50858
2229.16057,0.50979
2227.12108,0.51086
2225.08159,0.51204
2223.04210,0.51330
2221.00262,0.51461
2218.96313,0.51624
2216.92364,0.51824
2214.88415,0.52043
2212.84466,0.52280
2210.80518,0.52532
2208.76569,0.52747
2206.72620,0.52892
2204.68671,0.53024
2202.64722,0.53207
2200.60773,0.53419
2198.56825,0.53636
2196.52876,0.53872
2194.48927,0.54110
2192.44978,0.54304
2190.41029,0.54483
2188.37081,0.54698
2186.33132,0.54916
2184.29183,0.55116
2182.25234,0.55334
2180.21285,0.55593
2178.17336,0.55861
2176.13388,0.56129
2174.09439,0.56413
2172.05490,0.56678
2170.01541,0.56921
2167.97592,0.57169
2165.93644,0.57398
2163.89695,0.57588
2161.85746,0.57739
2159.81797,0.57854
2157.77848,0.57941
2155.73899,0.58007
2153.69951,0.58067
2151.66002,0.58129
2149.62053,0.58153
2147.58104,0.58118
2145.54155,0.58042
2143.50207,0.57954
2141.46258,0.57899
2139.42309,0.57902
2137.38360,0.57918
2135.34411,0.57885
2133.30462,0.57824
2131.26514,0.57783
2129.22565,0.57740
2127.18616,0.57677
2125.14667,0.57644
2123.10718,0.57625
2121.06770,0.57559
2119.02821,0.57486
2116.98872,0.57472
2114.94923,0.57482
2112.90974,0.57468
2110.87025,0.57446
2108.83077,0.57442
2106.79128,0.57474
2104.75179,0.57522
2102.71230,0.57545
2100.67281,0.57553
2098.63333,0.57574
2096.59384,0.57629
2094.55435,0.57707
2092.51486,0.57746
2090.47537,0.57713
2088.43588,0.57675
2086.39640,0.57693
2084.35691,0.57716
2082.31742,0.57703
2080.27793,0.57701
2078.23844,0.57697
2076.19896,0.57652
2074.15947,0.57605
2072.11998,0.57571
2070.08049,0.57545
2068.04100,0.57538
2066.00152,0.57560
2063.96203,0.57581
2061.92254,0.57578
2059.88305,0.57575
2057.84356,0.57562
2055.80407,0.57508
2053.76459,0.57422
2051.72510,0.57304
2049.68561,0.57136
2047.64612,0.56951
2045.60663,0.56787
2043.56715,0.56616
2041.52766,0.56398
2039.48817,0.56130
2037.44868,0.55831
2035.40919,0.55505
2033.36970,0.55143
2031.33022,0.54760
2029.29073,0.54393
2027.25124,0.54038
2025.21175,0.53691
2023.17226,0.53354
2021.13278,0.53031
2019.09329,0.52722
2017.05380,0.52397
2015.01431,0.52066
2012.97482,0.51770
2010.93533,0.51478
2008.89585,0.51156
2006.85636,0.50874
2004.81687,0.50671
2002.77738,0.50474
2000.73789,0.50259
1998.69841,0.50115
1996.65892,0.50067
1994.61943,0.50041
1992.57994,0.49969
1990.54045,0.49858
1988.50096,0.49770
1986.46148,0.49704
1984.42199,0.49634
1982.38250,0.49562
1980.34301,0.49483
1978.30352,0.49392
1976.26404,0.49292
1974.22455,0.49217
1972.18506,0.49222
1970.14557,0.49298
1968.10608,0.49345
1966.06659,0.49305
1964.02711,0.49256
1961.98762,0.49268
1959.94813,0.49313
1957.90864,0.49360
1955.86915,0.49406
1953.82967,0.49431
1951.79018,0.49434
1949.75069,0.49445
1947.71120,0.49486
1945.67171,0.49568
1943.63222,0.49625
1941.59274,0.49541
1939.55325,0.49358
1937.51376,0.49230
1935.47427,0.49186
1933.43478,0.49149
1931.39530,0.49076
1929.35581,0.48991
1927.31632,0.48937
1925.27683,0.48934
1923.23734,0.48954
1921.19786,0.48970
1919.15837,0.48967
1917.11888,0.48872
1915.07939,0.48719
1913.03990,0.48655
1911.00041,0.48655
1908.96093,0.48570
1906.92144,0.48390
1904.88195,0.48232
1902.84246,0.48138
1900.80297,0.48074
1898.76349,0.48041
1896.72400,0.48030
1894.68451,0.48005
1892.64502,0.48002
1890.60553,0.48062
1888.56604,0.48103
1886.52656,0.48117
1884.48707,0.48161
1882.44758,0.48214
1880.40809,0.48277
1878.36860,0.48373
1876.32912,0.48458
1874.28963,0.48529
1872.25014,0.48674
1870.21065,0.48849
1868.17116,0.48829
1866.13167,0.48595
1864.09219,0.48366
1862.05270,0.48234
1860.01321,0.48162
1857.97372,0.48104
1855.93423,0.48025
1853.89475,0.47926
1851.85526,0.47848
1849.81577,0.47841
1847.77628,0.47913
1845.73679,0.47972
1843.69730,0.47871
1841.65782,0.47655
1839.61833,0.47517
1837.57884,0.47485
1835.53935,0.47505
1833.49986,0.47612
1831.46038,0.47810
1829.42089,0.47954
1827.38140,0.47979
1825.34191,0.47969
1823.30242,0.47962
1821.26293,0.48002
1819.22345,0.48123
1817.18396,0.48290
1815.14447,0.48493
1813.10498,0.48749
1811.06549,0.49007
1809.02601,0.49204
1806.98652,0.49395
1804.94703,0.49674
1802.90754,0.50054
1800.86805,0.50450
1798.82856,0.50790
1796.78908,0.51154
1794.74959,0.51659
1792.71010,0.52217
1790.67061,0.52621
1788.63112,0.52932
1786.59164,0.53345
1784.55215,0.53873
1782.51266,0.54429
1780.47317,0.54945
1778.43368,0.55415
1776.39420,0.55935
1774.35471,0.56590
1772.31522,0.57264
1770.27573,0.57740
1768.23624,0.58067
1766.19675,0.58473
1764.15727,0.59092
1762.11778,0.59888
1760.07829,0.60725
1758.03880,0.61597
1755.99931,0.62569
1753.95983,0.63676
1751.92034,0.65057
1749.88085,0.66699
1747.84136,0.68306
1745.80187,0.69821
1743.76238,0.71445
1741.72290,0.73261
1739.68341,0.75175
1737.64392,0.76983
1735.60443,0.78666
1733.56494,0.80270
1731.52546,0.81504
1729.48597,0.82341
1727.44648,0.83000
1725.40699,0.83565
1723.36750,0.84079
1721.32801,0.84632
1719.28853,0.85287
1717.24904,0.85863
1715.20955,0.86173
1713.17006,0.86486
1711.13057,0.87111
1709.09109,0.88075
1707.05160,0.89336
1705.01211,0.90823
1702.97262,0.92492
1700.93313,0.94647
1698.89364,0.97291
1696.85416,0.99882
1694.81467,1.02301
1692.77518,1.04583
1690.73569,1.06949
1688.69620,1.09474
1686.65672,1.12124
1684.61723,1.15263
1682.57774,1.18535
1680.53825,1.21166
1678.49876,1.23510
1676.45927,1.26016
1674.41979,1.28563
1672.38030,1.30820
1670.34081,1.32921
1668.30132,1.35068
1666.26183,1.36990
1664.22235,1.38592
1662.18286,1.39841
1660.14337,1.40688
1658.10388,1.41513
1656.06439,1.42743
1654.02490,1.44128
1651.98542,1.44759
1649.94593,1.44724
1647.90644,1.44567
1645.86695,1.44310
1643.82746,1.44111
1641.78798,1.44089
1639.74849,1.44159
1637.70900,1.44115
1635.66951,1.43725
1633.63002,1.43160
1631.59054,1.42636
1629.55105,1.42024
1627.51156,1.41240
1625.47207,1.40159
1623.43258,1.38750
1621.39309,1.37532
1619.35361,1.36781
1617.31412,1.35929
1615.27463,1.34773
1613.23514,1.33858
1611.19565,1.33281
1609.15617,1.32756
1607.11668,1.32155
1605.07719,1.31601
1603.03770,1.31231
1600.99821,1.31065
1598.95872,1.30959
1596.91924,1.30698
1594.87975,1.30301
1592.84026,1.29991
1590.80077,1.29860
1588.76128,1.29781
1586.72180,1.29617
1584.68231,1.29416
1582.64282,1.29270
1580.60333,1.29188
1578.56384,1.29224
1576.52435,1.29406
1574.48487,1.29659
1572.44538,1.29878
1570.40589,1.29952
1568.36640,1.29864
1566.32691,1.29731
1564.28743,1.29617
1562.24794,1.29518
1560.20845,1.29226
1558.16896,1.28561
1556.12947,1.27918
1554.08998,1.27239
1552.05050,1.26258
1550.01101,1.25191
1547.97152,1.24416
1545.93203,1.23972
1543.89254,1.23479
1541.85306,1.22582
1539.81357,1.21359
1537.77408,1.20311
1535.73459,1.19683
1533.69510,1.19183
1531.65561,1.18522
1529.61613,1.17792
1527.57664,1.17174
1525.53715,1.16750
1523.49766,1.16461
1521.45817,1.16137
1519.41869,1.15723
1517.37920,1.15277
1515.33971,1.14838
1513.30022,1.14421
1511.26073,1.14053
1509.22124,1.13733
1507.18176,1.13336
1505.14227,1.12950
1503.10278,1.12917
1501.06329,1.13203
1499.02380,1.13606
1496.98432,1.14061
1494.94483,1.14659
1492.90534,1.15483
1490.86585,1.16550
1488.82636,1.17754
1486.78688,1.19057
1484.74739,1.20675
1482.70790,1.22765
1480.66841,1.25295
1478.62892,1.28200
1476.58943,1.31439
1474.54995,1.34998
1472.51046,1.39117
1470.47097,1.43566
1468.43148,1.47504
1466.39199,1.50672
1464.35251,1.52939
1462.31302,1.54352
1460.27353,1.55558
1458.23404,1.56694
1456.19455,1.57021
1454.15506,1.56575
1452.11558,1.56105
1450.07609,1.55907
1448.03660,1.55914
1445.99711,1.55906
1443.95762,1.55829
1441.91814,1.55961
1439.87865,1.56587
1437.83916,1.57693
1435.79967,1.58903
1433.76018,1.59699
1431.72069,1.60112
1429.68121,1.60473
1427.64172,1.60862
1425.60223,1.61097
1423.56274,1.61058
1421.52325,1.61090
1419.48377,1.61625
1417.44428,1.62238
1415.40479,1.62395
1413.36530,1.62279
1411.32581,1.61925
1409.28632,1.61401
1407.24684,1.61040
1405.20735,1.60926
1403.16786,1.60950
1401.12837,1.60988
1399.08888,1.60859
1397.04940,1.60628
1395.00991,1.60453
1392.97042,1.60215
1390.93093,1.60026
1388.89144,1.60336
1386.85195,1.61153
1384.81247,1.61857
1382.77298,1.62289
1380.73349,1.62767
1378.69400,1.63356
1376.65451,1.64129
1374.61503,1.65216
1372.57554,1.66154
1370.53605,1.66292
1368.49656,1.65735
1366.45707,1.64920
1364.41758,1.64158
1362.37810,1.63785
1360.33861,1.63993
1358.29912,1.64543
1356.25963,1.64898
1354.22014,1.64656
1352.18066,1.64146
1350.14117,1.63942
1348.10168,1.63968
1346.06219,1.63965
1344.02270,1.64167
1341.98322,1.64686
1339.94373,1.64910
1337.90424,1.64505
1335.86475,1.63958
1333.82526,1.63476
1331.78577,1.62721
1329.74629,1.61471
1327.70680,1.60016
1325.66731,1.58868
1323.62782,1.58165
1321.58833,1.57706
1319.54885,1.57445
1317.50936,1.57351
1315.46987,1.57194
1313.43038,1.56765
1311.39089,1.55911
1309.35140,1.54819
1307.31192,1.53964
1305.27243,1.53495
1303.23294,1.53244
1301.19345,1.53087
1299.15396,1.52825
1297.11448,1.52392
1295.07499,1.51873
1293.03550,1.51216
1290.99601,1.50531
1288.95652,1.50039
1286.91703,1.49673
1284.87755,1.49187
1282.83806,1.48583
1280.79857,1.47908
1278.75908,1.47007
1276.71959,1.46124
1274.68011,1.45683
1272.64062,1.45714
1270.60113,1.46176
1268.56164,1.46799
1266.52215,1.47171
1264.48266,1.47466
1262.44318,1.47951
1260.40369,1.48403
1258.36420,1.48511
1256.32471,1.48684
1254.28522,1.49519
1252.24574,1.50373
1250.20625,1.50766
1248.16676,1.51220
1246.12727,1.51497
1244.08778,1.51260
1242.04829,1.50947
1240.00881,1.50720
1237.96932,1.50493
1235.92983,1.50136
1233.89034,1.49207
1231.85085,1.47788
1229.81137,1.46264
1227.77188,1.44509
1225.73239,1.42957
1223.69290,1.42268
1221.65341,1.42190
1219.61392,1.42360
1217.57444,1.42829
1215.53495,1.43592
1213.49546,1.44360
1211.45597,1.45144
1209.41648,1.46310
1207.37700,1.47640
1205.33751,1.48472
1203.29802,1.48518
1201.25853,1.48060
1199.21904,1.47639
1197.17956,1.47322
1195.14007,1.46674
1193.10058,1.45749
1191.06109,1.45384
1189.02160,1.46218
1186.98211,1.47825
1184.94263,1.50015
1182.90314,1.53770
1180.86365,1.59152
1178.82416,1.64816
1176.78467,1.70453
1174.74519,1.76751
1172.70570,1.83416
1170.66621,1.89567
1168.62672,1.94183
1166.58723,1.96180
1164.54774,1.96032
1162.50826,1.94081
1160.46877,1.90426
1158.42928,1.86672
1156.38979,1.83357
1154.35030,1.80482
1152.31082,1.78497
1150.27133,1.76700
1148.23184,1.74196
1146.19235,1.72426
1144.15286,1.72684
1142.11337,1.74041
1140.07389,1.75585
1138.03440,1.76732
1135.99491,1.77073
1133.95542,1.77407
1131.91593,1.78037
1129.87645,1.78030
1127.83696,1.77782
1125.79747,1.78414
1123.75798,1.79293
1121.71849,1.79263
1119.67900,1.78717
1117.63952,1.78613
1115.60003,1.78717
1113.56054,1.78814
1111.52105,1.78878
1109.48156,1.78893
1107.44208,1.79203
1105.40259,1.79448
1103.36310,1.79319
1101.32361,1.79380
1099.28412,1.79541
1097.24463,1.79360
1095.20515,1.79424
1093.16566,1.79891
1091.12617,1.80380
1089.08668,1.80988
1087.04719,1.81369
1085.00771,1.81242
1082.96822,1.79893
1080.92873,1.77607
1078.88924,1.76331
1076.84975,1.76348
1074.81027,1.76663
1072.77078,1.77513
1070.73129,1.79255
1068.69180,1.80474
1066.65231,1.81378
1064.61282,1.83267
1062.57334,1.84076
1060.53385,1.81931
1058.49436,1.78180
1056.45487,1.74047
1054.41538,1.69511
1052.37590,1.65533
1050.33641,1.63082
1048.29692,1.61636
1046.25743,1.60797
1044.21794,1.59942
1042.17845,1.58971
1040.13897,1.58986
1038.09948,1.59246
1036.05999,1.58533
1034.02050,1.57313
1031.98101,1.56002
1029.94153,1.55116
1027.90204,1.54680
1025.86255,1.53639
1023.82306,1.52264
1021.78357,1.51416
1019.74408,1.50893
1017.70460,1.50561
1015.66511,1.50313
1013.62562,1.49987
1011.58613,1.49660
1009.54664,1.49224
1007.50716,1.48758
1005.46767,1.48692
1003.42818,1.48932
1001.38869,1.48561
999.34920,1.47520
997.30971,1.46650
995.27023,1.45987
993.23074,1.45327
991.19125,1.44735
989.15176,1.44068
987.11227,1.42995
985.07279,1.41166
983.03330,1.38442
980.99381,1.35140
978.95432,1.31747
976.91483,1.28304
974.87534,1.24629
972.83586,1.21059
970.79637,1.18185
968.75688,1.15917
966.71739,1.13856
964.67790,1.12069
962.63842,1.10746
960.59893,1.09794
958.55944,1.09080
956.51995,1.08811
954.48046,1.09274
952.44097,1.10489
950.40149,1.12513
948.36200,1.15371
946.32251,1.18739
944.28302,1.22363
942.24353,1.26083
940.20405,1.29409
938.16456,1.31712
936.12507,1.32977
934.08558,1.33661
932.04609,1.33931
930.00661,1.33916
927.96712,1.33540
925.92763,1.32640
923.88814,1.31411
921.84865,1.29874
919.80916,1.27900
917.76968,1.25463
915.73019,1.22790
913.69070,1.20316
911.65121,1.18223
909.61172,1.16549
907.57224,1.15443
905.53275,1.14925
903.49326,1.14707
901.45377,1.14430
899.41428,1.14002
897.37479,1.13465
895.33531,1.12760
893.29582,1.11917
891.25633,1.11147
889.21684,1.10594
887.17735,1.10020
885.13787,1.09518
883.09838,1.09824
881.05889,1.10997
879.01940,1.12866
876.97991,1.15812
874.94042,1.19716
872.90094,1.23990
870.86145,1.28258
868.82196,1.32182
866.78247,1.35282
864.74298,1.37297
862.70350,1.38197
860.66401,1.37752
858.62452,1.36272
856.58503,1.34523
854.54554,1.32976
852.50605,1.31803
850.46657,1.30572
848.42708,1.29079
846.38759,1.27915
844.34810,1.27213
842.30861,1.26546
840.26913,1.25566
838.22964,1.24380
836.19015,1.23226
834.15066,1.21908
832.11117,1.20533
830.07168,1.19636
828.03220,1.19501
825.99271,1.19768
823.95322,1.19903
821.91373,1.20002
819.87424,1.20503
817.83476,1.21330
815.79527,1.22106
813.75578,1.23053
811.71629,1.24056
809.67680,1.24733
807.63731,1.25767
805.59783,1.27452
803.55834,1.29026
801.51885,1.30281
799.47936,1.31603
797.43987,1.33079
795.40039,1.34663
793.36090,1.36222
791.32141,1.37323
789.28192,1.38150
787.24243,1.39174
785.20295,1.40139
783.16346,1.41036
781.12397,1.42501
779.08448,1.44533
777.04499,1.46486
775.00550,1.47946
772.96602,1.48992
770.92653,1.50250
768.88704,1.51733
766.84755,1.52324
764.80806,1.51641
762.76858,1.50501
760.72909,1.49499
758.68960,1.48557
756.65011,1.47671
754.61062,1.46737
752.57113,1.45437
750.53165,1.44249
748.49216,1.44195
746.45267,1.45401
744.41318,1.46866
742.37369,1.47748
740.33421,1.48038
738.29472,1.48052
736.25523,1.48019
734.21574,1.48346
732.17625,1.49143
730.13676,1.49961
728.09728,1.51111
726.05779,1.52928
724.01830,1.54457
721.97881,1.55091
719.93932,1.55693
717.89984,1.57038
715.86035,1.58300
713.82086,1.58455
711.78137,1.57841
709.74188,1.57256
707.70239,1.56105
705.66291,1.54256
703.62342,1.53296
701.58393,1.53802
699.54444,1.54371
697.50495,1.53827
695.46547,1.52882
693.42598,1.52426
691.38649,1.52161
689.34700,1.51950
687.30751,1.52469
685.26802,1.53898
683.22854,1.54894
681.18905,1.54527
679.14956,1.53872
677.11007,1.54038
675.07058,1.55265
673.03110,1.56755
670.99161,1.57076
668.95212,1.56194
666.91263,1.55712
664.87314,1.55794
662.83365,1.54892
660.79417,1.53313
658.75468,1.52641
656.71519,1.52786
654.67570,1.53129
652.63621,1.53794
650.59673,1.53880
648.55724,1.53036
646.51775,1.52863
644.47826,1.53622
642.43877,1.53966
640.39929,1.53832
638.35980,1.54200
636.32031,1.55243
634.28082,1.56451
632.24133,1.57466
630.20184,1.58171
628.16236,1.58285
626.12287,1.57223
624.08338,1.56562
622.04389,1.58199
620.00440,1.59296
617.96492,1.56964
615.92543,1.55578
613.88594,1.59416
611.84645,1.64423
609.80696,1.65462
607.76747,1.63105
605.72799,1.59382
603.68850,1.57248
601.64901,1.57161
599.60952,1.57389
597.57003,1.57877
595.53055,1.58847
593.49106,1.60817
591.45157,1.63769
589.41208,1.64111
587.37259,1.59917
585.33310,1.55428
583.29362,1.55326
581.25413,1.57975
579.21464,1.56008
577.17515,1.51323
575.13566,1.49334
573.09618,1.51057
571.05669,1.51093
569.01720,1.46273
566.97771,1.42619
564.93822,1.44533
562.89873,1.48583
560.85925,1.48773
558.81976,1.46179
556.78027,1.44672
554.74078,1.44063
552.70129,1.43887
550.66181,1.45565
548.62232,1.49538
546.58283,1.53285
544.54334,1.56173
542.50385,1.59489
540.46436,1.59132
538.42488,1.53836
536.38539,1.48926
534.34590,1.46853
532.30641,1.50893
530.26692,1.59009
528.22744,1.56629
526.18795,1.51451
524.14846,1.48317
522.10897,1.49096
520.06948,1.54697
518.02999,1.51531
515.99051,1.41442
513.95102,1.40797
511.91153,1.42225
509.87204,1.38002
507.83255,1.35686
505.79307,1.38802
503.75358,1.33820
501.71409,1.24716
499.67460,1.04769
