3997.39681,0.37904
3995.35732,0.37903
3993.31783,0.37875
3991.27835,0.37820
3989.23886,0.37709
3987.19937,0.37607
3985.15988,0.37575
3983.12039,0.37553
3981.08091,0.37495
3979.04142,0.37400
3977.00193,0.37261
3974.96244,0.37105
3972.92295,0.36979
3970.88346,0.36895
3968.84398,0.36821
3966.80449,0.36735
3964.76500,0.36619
3962.72551,0.36470
3960.68602,0.36344
3958.64654,0.36274
3956.60705,0.36195
3954.56756,0.36077
3952.52807,0.35975
3950.48858,0.35895
3948.44909,0.35767
3946.40961,0.35600
3944.37012,0.35462
3942.33063,0.35355
3940.29114,0.35238
3938.25165,0.35113
3936.21217,0.35019
3934.17268,0.34950
3932.13319,0.34830
3930.09370,0.34657
3928.05421,0.34497
3926.01473,0.34337
3923.97524,0.34152
3921.93575,0.33999
3919.89626,0.33899
3917.85677,0.33751
3915.81728,0.33476
3913.77780,0.33156
3911.73831,0.32921
3909.69882,0.32796
3907.65933,0.32725
3905.61984,0.32651
3903.58036,0.32544
3901.54087,0.32383
3899.50138,0.32155
3897.46189,0.31956
3895.42240,0.31888
3893.38291,0.31847
3891.34343,0.31708
3889.30394,0.31564
3887.26445,0.31527
3885.22496,0.31538
3883.18547,0.31468
3881.14599,0.31277
3879.10650,0.31102
3877.06701,0.31090
3875.02752,0.31161
3872.98803,0.31163
3870.94854,0.31044
3868.90906,0.30887
3866.86957,0.30808
3864.83008,0.30771
3862.79059,0.30707
3860.75110,0.30680
3858.71162,0.30729
3856.67213,0.30757
3854.63264,0.30667
3852.59315,0.30525
3850.55366,0.30479
3848.51417,0.30517
3846.47469,0.30577
3844.43520,0.30642
3842.39571,0.30721
3840.35622,0.30783
3838.31673,0.30750
3836.27725,0.30629
3834.23776,0.30504
3832.19827,0.30412
3830.15878,0.30385
3828.11929,0.30458
3826.07980,0.30610
3824.04032,0.30745
3822.00083,0.30767
3819.96134,0.30715
3817.92185,0.30685
3815.88236,0.30643
3813.84288,0.30622
3811.80339,0.30714
3809.76390,0.30858
3807.72441,0.30944
3805.68492,0.31011
3803.64543,0.31137
3801.60595,0.31225
3799.56646,0.31239
3797.52697,0.31288
3795.48748,0.31380
3793.44799,0.31486
3791.40851,0.31623
3789.36902,0.31778
3787.32953,0.31909
3785.29004,0.32013
3783.25055,0.32117
3781.21107,0.32253
3779.17158,0.32422
3777.13209,0.32586
3775.09260,0.32725
3773.05311,0.32864
3771.01362,0.33027
3768.97414,0.33233
3766.93465,0.33492
3764.89516,0.33755
3762.85567,0.33981
3760.81618,0.34191
3758.77670,0.34407
3756.73721,0.34621
3754.69772,0.34846
3752.65823,0.35074
3750.61874,0.35239
3748.57925,0.35373
3746.53977,0.35584
3744.50028,0.35879
3742.46079,0.36190
3740.42130,0.36489
3738.38181,0.36795
3736.34233,0.37097
3734.30284,0.37332
3732.26335,0.37530
3730.22386,0.37822
3728.18437,0.38262
3726.14488,0.38767
3724.10540,0.39185
3722.06591,0.39474
3720.02642,0.39751
3717.98693,0.40134
3715.94744,0.40641
3713.90796,0.41225
3711.86847,0.41830
3709.82898,0.42407
3707.78949,0.42956
3705.75000,0.43517
3703.71051,0.44149
3701.67103,0.44893
3699.63154,0.45720
3697.59205,0.46561
3695.55256,0.47433
3693.51307,0.48457
3691.47359,0.49686
3689.43410,0.50990
3687.39461,0.52245
3685.35512,0.53495
3683.31563,0.54854
3681.27614,0.56383
3679.23666,0.58047
3677.19717,0.59863
3675.15768,0.61873
3673.11819,0.63846
3671.07870,0.65797
3669.03922,0.67905
3666.99973,0.69948
3664.96024,0.71940
3662.92075,0.74084
3660.88126,0.76321
3658.84177,0.78609
3656.80229,0.81034
3654.76280,0.83419
3652.72331,0.85586
3650.68382,0.87935
3648.64433,0.90730
3646.60485,0.93423
3644.56536,0.95638
3642.52587,0.97624
3640.48638,0.99696
3638.44689,1.01986
3636.40741,1.04372
3634.36792,1.06625
3632.32843,1.08717
3630.28894,1.10876
3628.24945,1.13183
3626.20996,1.15365
3624.17048,1.17400
3622.13099,1.19404
3620.09150,1.21446
3618.05201,1.23740
3616.01252,1.26242
3613.97304,1.28515
3611.93355,1.30378
3609.89406,1.32112
3607.85457,1.33806
3605.81508,1.35446
3603.77559,1.37248
3601.73611,1.39176
3599.69662,1.40973
3597.65713,1.42591
3595.61764,1.44112
3593.57815,1.45676
3591.53867,1.47263
3589.49918,1.48666
3587.45969,1.49677
3585.42020,1.50541
3583.38071,1.51877
3581.34122,1.53646
3579.30174,1.55182
3577.26225,1.56250
3575.22276,1.57380
3573.18327,1.58629
3571.14378,1.59491
3569.10430,1.60107
3567.06481,1.60935
3565.02532,1.62082
3562.98583,1.63678
3560.94634,1.65838
3558.90685,1.67706
3556.86737,1.68165
3554.82788,1.67992
3552.78839,1.68634
3550.74890,1.69807
3548.70941,1.70456
3546.66993,1.70638
3544.63044,1.71246
3542.59095,1.72168
3540.55146,1.72507
3538.51197,1.72450
3536.47248,1.72393
3534.43300,1.72202
3532.39351,1.72594
3530.35402,1.73850
3528.31453,1.74730
3526.27504,1.74914
3524.23556,1.74951
3522.19607,1.74856
3520.15658,1.74671
3518.11709,1.74199
3516.07760,1.73746
3514.03811,1.74630
3511.99863,1.76756
3509.95914,1.78463
3507.91965,1.79354
3505.88016,1.79412
3503.84067,1.78460
3501.80119,1.77828
3499.76170,1.78334
3497.72221,1.78692
3495.68272,1.78143
3493.64323,1.77277
3491.60375,1.76773
3489.56426,1.77192
3487.52477,1.78139
3485.48528,1.78803
3483.44579,1.79461
3481.40630,1.80413
3479.36682,1.80992
3477.32733,1.81033
3475.28784,1.80964
3473.24835,1.80569
3471.20886,1.79701
3469.16938,1.79361
3467.12989,1.80596
3465.09040,1.82249
3463.05091,1.81979
3461.01142,1.80461
3458.97193,1.79529
3456.93245,1.78825
3454.89296,1.77866
3452.85347,1.77684
3450.81398,1.78983
3448.77449,1.80284
3446.73501,1.80412
3444.69552,1.80451
3442.65603,1.80840
3440.61654,1.81123
3438.57705,1.81373
3436.53756,1.81323
3434.49808,1.81090
3432.45859,1.81110
3430.41910,1.80950
3428.37961,1.80043
3426.34012,1.78744
3424.30064,1.77752
3422.26115,1.77384
3420.22166,1.78048
3418.18217,1.79096
3416.14268,1.78469
3414.10319,1.76909
3412.06371,1.77206
3410.02422,1.78262
3407.98473,1.77720
3405.94524,1.77298
3403.90575,1.77674
3401.86627,1.77929
3399.82678,1.78803
3397.78729,1.79745
3395.74780,1.78894
3393.70831,1.76941
3391.66882,1.76236
3389.62934,1.77015
3387.58985,1.77899
3385.55036,1.78081
3383.51087,1.77757
3381.47138,1.77149
3379.43190,1.76123
3377.39241,1.75189
3375.35292,1.74676
3373.31343,1.74746
3371.27394,1.75468
3369.23446,1.75933
3367.19497,1.75637
3365.15548,1.75423
3363.11599,1.76049
3361.07650,1.77007
3359.03701,1.77291
3356.99753,1.76776
3354.95804,1.75669
3352.91855,1.74401
3350.87906,1.74068
3348.83957,1.74700
3346.80009,1.75042
3344.76060,1.74419
3342.72111,1.73747
3340.68162,1.74159
3338.64213,1.75198
3336.60264,1.75530
3334.56316,1.74988
3332.52367,1.74468
3330.48418,1.74489
3328.44469,1.75027
3326.40520,1.75402
3324.36572,1.74765
3322.32623,1.73550
3320.28674,1.72867
3318.24725,1.73123
3316.20776,1.73707
3314.16827,1.73715
3312.12879,1.73369
3310.08930,1.73030
3308.04981,1.72559
3306.01032,1.71940
3303.97083,1.71191
3301.93135,1.70576
3299.89186,1.70652
3297.85237,1.71444
3295.81288,1.72105
3293.77339,1.72258
3291.73390,1.72367
3289.69442,1.72480
3287.65493,1.72174
3285.61544,1.71439
3283.57595,1.70883
3281.53646,1.70977
3279.49698,1.71586
3277.45749,1.72122
3275.41800,1.72295
3273.37851,1.71881
3271.33902,1.70726
3269.29953,1.69198
3267.26005,1.68096
3265.22056,1.68042
3263.18107,1.68770
3261.14158,1.69314
3259.10209,1.68725
3257.06261,1.67836
3255.02312,1.68021
3252.98363,1.68733
3250.94414,1.69218
3248.90465,1.69674
3246.86516,1.69661
3244.82568,1.68657
3242.78619,1.67744
3240.74670,1.67727
3238.70721,1.67851
3236.66772,1.67977
3234.62824,1.68306
3232.58875,1.68064
3230.54926,1.67205
3228.50977,1.66754
3226.47028,1.66983
3224.43080,1.66920
3222.39131,1.66151
3220.35182,1.65763
3218.31233,1.66391
3216.27284,1.67219
3214.23335,1.67259
3212.19387,1.66640
3210.15438,1.66289
3208.11489,1.66461
3206.07540,1.66572
3204.03591,1.66177
3201.99643,1.65468
3199.95694,1.64837
3197.91745,1.64405
3195.87796,1.64352
3193.83847,1.64946
3191.79898,1.65339
3189.75950,1.64638
3187.72001,1.63876
3185.68052,1.63928
3183.64103,1.64019
3181.60154,1.63596
3179.56206,1.63390
3177.52257,1.63826
3175.48308,1.64169
3173.44359,1.63903
3171.40410,1.63348
3169.36461,1.62735
3167.32513,1.62249
3165.28564,1.62199
3163.24615,1.62479
3161.20666,1.62499
3159.16717,1.61824
3157.12769,1.60649
3155.08820,1.59633
3153.04871,1.59447
3151.00922,1.60059
3148.96973,1.60867
3146.93024,1.61118
3144.89076,1.60171
3142.85127,1.58972
3140.81178,1.59048
3138.77229,1.59953
3136.73280,1.60039
3134.69332,1.58957
3132.65383,1.57746
3130.61434,1.56943
3128.57485,1.56435
3126.53536,1.56429
3124.49587,1.56876
3122.45639,1.57091
3120.41690,1.56882
3118.37741,1.56590
3116.33792,1.56155
3114.29843,1.55575
3112.25895,1.55174
3110.21946,1.54927
3108.17997,1.54432
3106.14048,1.53586
3104.10099,1.52878
3102.06150,1.52540
3100.02202,1.52369
3097.98253,1.52239
3095.94304,1.52143
3093.90355,1.52109
3091.86406,1.51950
3089.82458,1.51451
3087.78509,1.50818
3085.74560,1.50451
3083.70611,1.50323
3081.66662,1.49838
3079.62714,1.48796
3077.58765,1.47912
3075.54816,1.47660
3073.50867,1.47683
3071.46918,1.47436
3069.42969,1.46722
3067.39021,1.45807
3065.35072,1.45062
3063.31123,1.44587
3061.27174,1.44258
3059.23225,1.44077
3057.19277,1.43835
3055.15328,1.43252
3053.11379,1.42702
3051.07430,1.42534
3049.03481,1.42481
3046.99532,1.42237
3044.95584,1.41731
3042.91635,1.40904
3040.87686,1.40109
3038.83737,1.39648
3036.79788,1.39061
3034.75840,1.38270
3032.71891,1.37779
3030.67942,1.37519
3028.63993,1.37032
3026.60044,1.36342
3024.56095,1.35833
3022.52147,1.35637
3020.48198,1.35557
3018.44249,1.35337
3016.40300,1.34921
3014.36351,1.34554
3012.32403,1.34377
3010.28454,1.34282
3008.24505,1.34186
3006.20556,1.34063
3004.16607,1.34078
3002.12658,1.34279
3000.08710,1.34542
2998.04761,1.34916
2996.00812,1.35336
2993.96863,1.35651
2991.92914,1.36071
2989.88966,1.36804
2987.85017,1.37505
2985.81068,1.37843
2983.77119,1.38289
2981.73170,1.39164
2979.69221,1.40123
2977.65273,1.41041
2975.61324,1.42000
2973.57375,1.42809
2971.53426,1.43543
2969.49477,1.44584
2967.45529,1.45675
2965.41580,1.46517
2963.37631,1.47327
2961.33682,1.48252
2959.29733,1.49565
2957.25784,1.51125
2955.21836,1.52347
2953.17887,1.53351
2951.13938,1.54466
2949.09989,1.55725
2947.06040,1.56943
2945.02092,1.57793
2942.98143,1.58367
2940.94194,1.58882
2938.90245,1.59232
2936.86296,1.59583
2934.82348,1.60268
2932.78399,1.60778
2930.74450,1.60550
2928.70501,1.59938
2926.66552,1.59389
2924.62603,1.58919
2922.58655,1.58124
2920.54706,1.57031
2918.50757,1.56194
2916.46808,1.55535
2914.42859,1.54761
2912.38911,1.54120
2910.34962,1.53675
2908.31013,1.53192
2906.27064,1.52854
2904.23115,1.52797
2902.19166,1.52450
2900.15218,1.51594
2898.11269,1.50878
2896.07320,1.50790
2894.03371,1.50983
2891.99422,1.50703
2889.95474,1.50036
2887.91525,1.49339
2885.87576,1.48427
2883.83627,1.47709
2881.79678,1.47321
2879.75729,1.46463
2877.71781,1.45215
2875.67832,1.44103
2873.63883,1.43046
2871.59934,1.41795
2869.55985,1.40230
2867.52037,1.38934
2865.48088,1.38323
2863.44139,1.37884
2861.40190,1.37290
2859.36241,1.36531
2857.32292,1.35787
2855.28344,1.35226
2853.24395,1.34528
2851.20446,1.33605
2849.16497,1.32708
2847.12548,1.31847
2845.08600,1.31038
2843.04651,1.30360
2841.00702,1.29781
2838.96753,1.29086
2836.92804,1.28127
2834.88855,1.27162
2832.84907,1.26281
2830.80958,1.25427
2828.77009,1.24803
2826.73060,1.24386
2824.69111,1.23918
2822.65163,1.23157
2820.61214,1.22143
2818.57265,1.21309
2816.53316,1.20825
2814.49367,1.20488
2812.45418,1.20254
2810.41470,1.20035
2808.37521,1.19567
2806.33572,1.19003
2804.29623,1.18566
2802.25674,1.18079
2800.21726,1.17539
2798.17777,1.17189
2796.13828,1.16918
2794.09879,1.16548
2792.05930,1.16242
2790.01982,1.15976
2787.98033,1.15538
2785.94084,1.15059
2783.90135,1.14739
2781.86186,1.14572
2779.82237,1.14457
2777.78289,1.14291
2775.74340,1.14091
2773.70391,1.13867
2771.66442,1.13616
2769.62493,1.13497
2767.58545,1.13448
2765.54596,1.13313
2763.50647,1.13187
2761.46698,1.13123
2759.42749,1.13127
2757.38800,1.13104
2755.34852,1.12956
2753.30903,1.12814
2751.26954,1.12724
2749.23005,1.12633
2747.19056,1.12447
2745.15108,1.12119
2743.11159,1.11742
2741.07210,1.11325
2739.03261,1.10968
2736.99312,1.10820
2734.95363,1.10786
2732.91415,1.10615
2730.87466,1.10226
2728.83517,1.09853
2726.79568,1.09555
2724.75619,1.09145
2722.71671,1.08712
2720.67722,1.08398
2718.63773,1.08153
2716.59824,1.07917
2714.55875,1.07567
2712.51926,1.07088
2710.47978,1.06605
2708.44029,1.06194
2706.40080,1.05859
2704.36131,1.05491
2702.32182,1.05092
2700.28234,1.04757
2698.24285,1.04433
2696.20336,1.04052
2694.16387,1.03641
2692.12438,1.03169
2690.08489,1.02651
2688.04541,1.02206
2686.00592,1.01926
2683.96643,1.01805
2681.92694,1.01605
2679.88745,1.01183
2677.84797,1.00668
2675.80848,1.00175
2673.76899,0.99765
2671.72950,0.99405
2669.69001,0.99070
2667.65052,0.98769
2665.61104,0.98387
2663.57155,0.97826
2661.53206,0.97248
2659.49257,0.96862
2657.45308,0.96553
2655.41360,0.96110
2653.37411,0.95593
2651.33462,0.95142
2649.29513,0.94700
2647.25564,0.94224
2645.21616,0.93721
2643.17667,0.93102
2641.13718,0.92513
2639.09769,0.92137
2637.05820,0.91784
2635.01871,0.91284
2632.97923,0.90748
2630.93974,0.90249
2628.90025,0.89745
2626.86076,0.89270
2624.82127,0.88826
2622.78179,0.88400
2620.74230,0.88073
2618.70281,0.87797
2616.66332,0.87439
2614.62383,0.87004
2612.58434,0.86637
2610.54486,0.86432
2608.50537,0.86274
2606.46588,0.86045
2604.42639,0.85826
2602.38690,0.85649
2600.34742,0.85450
2598.30793,0.85230
2596.26844,0.84995
2594.22895,0.84777
2592.18946,0.84604
2590.14997,0.84452
2588.11049,0.84322
2586.07100,0.84175
2584.03151,0.83921
2581.99202,0.83568
2579.95253,0.83208
2577.91305,0.82919
2575.87356,0.82695
2573.83407,0.82468
2571.79458,0.82199
2569.75509,0.81861
2567.71560,0.81494
2565.67612,0.81193
2563.63663,0.80927
2561.59714,0.80597
2559.55765,0.80218
2557.51816,0.79859
2555.47868,0.79493
2553.43919,0.79114
2551.39970,0.78802
2549.36021,0.78548
2547.32072,0.78263
2545.28123,0.77885
2543.24175,0.77455
2541.20226,0.77122
2539.16277,0.76878
2537.12328,0.76563
2535.08379,0.76150
2533.04431,0.75746
2531.00482,0.75405
2528.96533,0.75130
2526.92584,0.74913
2524.88635,0.74672
2522.84686,0.74397
2520.80738,0.74155
2518.76789,0.73937
2516.72840,0.73738
2514.68891,0.73565
2512.64942,0.73360
2510.60994,0.73104
2508.57045,0.72846
2506.53096,0.72604
2504.49147,0.72418
2502.45198,0.72286
2500.41250,0.72064
2498.37301,0.71783
2496.33352,0.71633
2494.29403,0.71531
2492.25454,0.71308
2490.21505,0.71028
2488.17557,0.70780
2486.13608,0.70536
2484.09659,0.70259
2482.05710,0.69975
2480.01761,0.69688
2477.97813,0.69352
2475.93864,0.69011
2473.89915,0.68759
2471.85966,0.68519
2469.82017,0.68171
2467.78068,0.67791
2465.74120,0.67483
2463.70171,0.67188
2461.66222,0.66881
2459.62273,0.66576
2457.58324,0.66221
2455.54376,0.65820
2453.50427,0.65425
2451.46478,0.65056
2449.42529,0.64686
2447.38580,0.64299
2445.34631,0.63918
2443.30683,0.63540
2441.26734,0.63134
2439.22785,0.62715
2437.18836,0.62354
2435.14887,0.62070
2433.10939,0.61773
2431.06990,0.61389
2429.03041,0.60965
2426.99092,0.60604
2424.95143,0.60304
2422.91194,0.59950
2420.87246,0.59559
2418.83297,0.59252
2416.79348,0.59003
2414.75399,0.58711
2412.71450,0.58397
2410.67502,0.58102
2408.63553,0.57804
2406.59604,0.57534
2404.55655,0.57322
2402.51706,0.57123
2400.47757,0.56916
2398.43809,0.56712
2396.39860,0.56509
2394.35911,0.56302
2392.31962,0.56082
2390.28013,0.55873
2388.24065,0.55717
2386.20116,0.55632
2384.16167,0.55607
2382.12218,0.55634
2380.08269,0.55697
2378.04320,0.55766
2376.00372,0.55818
2373.96423,0.55849
2371.92474,0.55860
2369.88525,0.55855
2367.84576,0.55881
2365.80628,0.55944
2363.76679,0.55999
2361.72730,0.56013
2359.68781,0.55886
2357.64832,0.55492
2355.60884,0.54936
2353.56935,0.54570
2351.52986,0.54556
2349.49037,0.54616
2347.45088,0.54468
2345.41139,0.54175
2343.37191,0.53910
2341.33242,0.53722
2339.29293,0.53573
2337.25344,0.53429
2335.21395,0.53269
2333.17447,0.53096
2331.13498,0.52910
2329.09549,0.52725
2327.05600,0.52579
2325.01651,0.52448
2322.97702,0.52243
2320.93754,0.51955
2318.89805,0.51699
2316.85856,0.51546
2314.81907,0.51431
2312.77958,0.51300
2310.74010,0.51164
2308.70061,0.51015
2306.66112,0.50869
2304.62163,0.50776
2302.58214,0.50716
2300.54265,0.50634
2298.50317,0.50538
2296.46368,0.50460
2294.42419,0.50391
2292.38470,0.50312
2290.34521,0.50253
2288.30573,0.50245
2286.26624,0.50239
2284.22675,0.50210
2282.18726,0.50201
2280.14777,0.50232
2278.10828,0.50273
2276.06880,0.50325
2274.02931,0.50394
2271.98982,0.50462
2269.95033,0.50519
2267.91084,0.50572
2265.87136,0.50645
2263.83187,0.50732
2261.79238,0.50801
2259.75289,0.50848
2257.71340,0.50888
2255.67391,0.50935
2253.63443,0.51004
2251.59494,0.51069
2249.55545,0.51112
2247.51596,0.51168
2245.47647,0.51245
2243.43699,0.51309
2241.39750,0.51381
2239.35801,0.51469
2237.31852,0.51551
2235.27903,0.51619
2233.23954,0.51703
2231.20006,0.51816
2229.16057,0.51913
2227.12108,0.51997
2225.08159,0.52113
2223.04210,0.52282
2221.00262,0.52480
2218.96313,0.52646
2216.92364,0.52759
2214.88415,0.52875
2212.84466,0.53058
2210.80518,0.53279
2208.76569,0.53466
2206.72620,0.53615
2204.68671,0.53767
2202.64722,0.53942
2200.60773,0.54137
2198.56825,0.54330
2196.52876,0.54502
2194.48927,0.54664
2192.44978,0.54852
2190.41029,0.55062
2188.37081,0.55263
2186.33132,0.55468
2184.29183,0.55682
2182.25234,0.55887
2180.21285,0.56100
2178.17336,0.56346
2176.13388,0.56607
2174.09439,0.56850
2172.05490,0.57071
2170.01541,0.57283
2167.97592,0.57489
2165.93644,0.57678
2163.89695,0.57834
2161.85746,0.57956
2159.81797,0.58067
2157.77848,0.58155
2155.73899,0.58196
2153.69951,0.58234
2151.66002,0.58272
2149.62053,0.58265
2147.58104,0.58227
2145.54155,0.58186
2143.50207,0.58143
2141.46258,0.58107
2139.42309,0.58079
2137.38360,0.58045
2135.34411,0.57997
2133.30462,0.57938
2131.26514,0.57896
2129.22565,0.57870
2127.18616,0.57841
2125.14667,0.57798
2123.10718,0.57740
2121.06770,0.57685
2119.02821,0.57629
2116.98872,0.57565
2114.94923,0.57506
2112.90974,0.57470
2110.87025,0.57462
2108.83077,0.57451
2106.79128,0.57455
2104.75179,0.57506
2102.71230,0.57564
2100.67281,0.57613
2098.63333,0.57650
2096.59384,0.57664
2094.55435,0.57686
2092.51486,0.57718
2090.47537,0.57712
2088.43588,0.57681
2086.39640,0.57666
2084.35691,0.57651
2082.31742,0.57629
2080.27793,0.57596
2078.23844,0.57531
2076.19896,0.57468
2074.15947,0.57430
2072.11998,0.57396
2070.08049,0.57383
2068.04100,0.57416
2066.00152,0.57454
2063.96203,0.57443
2061.92254,0.57388
2059.88305,0.57356
2057.84356,0.57355
2055.80407,0.57324
2053.76459,0.57264
2051.72510,0.57175
2049.68561,0.57042
2047.64612,0.56907
2045.60663,0.56766
2043.56715,0.56548
2041.52766,0.56254
2039.48817,0.55956
2037.44868,0.55676
2035.40919,0.55374
2033.36970,0.55037
2031.33022,0.54683
2029.29073,0.54342
2027.25124,0.54042
2025.21175,0.53762
2023.17226,0.53458
2021.13278,0.53141
2019.09329,0.52856
2017.05380,0.52573
2015.01431,0.52249
2012.97482,0.51913
2010.93533,0.51604
2008.89585,0.51328
2006.85636,0.51095
2004.81687,0.50910
2002.77738,0.50764
2000.73789,0.50645
1998.69841,0.50532
1996.65892,0.50425
1994.61943,0.50362
1992.57994,0.50333
1990.54045,0.50269
1988.50096,0.50167
1986.46148,0.50062
1984.42199,0.49965
1982.38250,0.49914
1980.34301,0.49895
1978.30352,0.49835
1976.26404,0.49742
1974.22455,0.49676
1972.18506,0.49659
1970.14557,0.49699
1968.10608,0.49761
1966.06659,0.49774
1964.02711,0.49740
1961.98762,0.49725
1959.94813,0.49751
1957.90864,0.49775
1955.86915,0.49779
1953.82967,0.49790
1951.79018,0.49821
1949.75069,0.49853
1947.71120,0.49879
1945.67171,0.49933
1943.63222,0.49994
1941.59274,0.49960
1939.55325,0.49843
1937.51376,0.49744
1935.47427,0.49673
1933.43478,0.49606
1931.39530,0.49560
1929.35581,0.49530
1927.31632,0.49517
1925.27683,0.49550
1923.23734,0.49581
1921.19786,0.49549
1919.15837,0.49494
1917.11888,0.49414
1915.07939,0.49305
1913.03990,0.49232
1911.00041,0.49206
1908.96093,0.49162
1906.92144,0.49063
1904.88195,0.48959
1902.84246,0.48883
1900.80297,0.48819
1898.76349,0.48784
1896.72400,0.48798
1894.68451,0.48821
1892.64502,0.48850
1890.60553,0.48913
1888.56604,0.48956
1886.52656,0.48968
1884.48707,0.49023
1882.44758,0.49128
1880.40809,0.49232
1878.36860,0.49311
1876.32912,0.49381
1874.28963,0.49455
1872.25014,0.49574
1870.21065,0.49731
1868.17116,0.49760
1866.13167,0.49576
1864.09219,0.49353
1862.05270,0.49219
1860.01321,0.49147
1857.97372,0.49092
1855.93423,0.49051
1853.89475,0.49006
1851.85526,0.48943
1849.81577,0.48933
1847.77628,0.49042
1845.73679,0.49176
1843.69730,0.49129
1841.65782,0.48906
1839.61833,0.48717
1837.57884,0.48645
1835.53935,0.48669
1833.49986,0.48824
1831.46038,0.49092
1829.42089,0.49312
1827.38140,0.49395
1825.34191,0.49431
1823.30242,0.49477
1821.26293,0.49554
1819.22345,0.49688
1817.18396,0.49860
1815.14447,0.50062
1813.10498,0.50335
1811.06549,0.50656
1809.02601,0.50937
1806.98652,0.51199
1804.94703,0.51562
1802.90754,0.52044
1800.86805,0.52544
1798.82856,0.52998
1796.78908,0.53513
1794.74959,0.54208
1792.71010,0.55011
1790.67061,0.55710
1788.63112,0.56296
1786.59164,0.56934
1784.55215,0.57637
1782.51266,0.58308
1780.47317,0.58902
1778.43368,0.59449
1776.39420,0.60031
1774.35471,0.60695
1772.31522,0.61328
1770.27573,0.61769
1768.23624,0.62063
1766.19675,0.62378
1764.15727,0.62840
1762.11778,0.63477
1760.07829,0.64221
1758.03880,0.65084
1755.99931,0.66098
1753.95983,0.67233
1751.92034,0.68635
1749.88085,0.70383
1747.84136,0.72193
1745.80187,0.73919
1743.76238,0.75768
1741.72290,0.77882
1739.68341,0.80132
1737.64392,0.82274
1735.60443,0.84364
1733.56494,0.86383
1731.52546,0.87739
1729.48597,0.88413
1727.44648,0.88873
1725.40699,0.89292
1723.36750,0.89557
1721.32801,0.89695
1719.28853,0.89895
1717.24904,0.90077
1715.20955,0.90046
1713.17006,0.90000
1711.13057,0.90275
1709.09109,0.91015
1707.05160,0.92203
1705.01211,0.93644
1702.97262,0.95223
1700.93313,0.97323
1698.89364,1.00036
1696.85416,1.02846
1694.81467,1.05575
1692.77518,1.08065
1690.73569,1.10526
1688.69620,1.13231
1686.65672,1.16157
1684.61723,1.19424
1682.57774,1.22554
1680.53825,1.24956
1678.49876,1.27045
1676.45927,1.29262
1674.41979,1.31543
1672.38030,1.33549
1670.34081,1.35326
1668.30132,1.37048
1666.26183,1.38585
1664.22235,1.39976
1662.18286,1.41167
1660.14337,1.42054
1658.10388,1.42895
1656.06439,1.43868
1654.02490,1.44793
1651.98542,1.45408
1649.94593,1.45853
1647.90644,1.46129
1645.86695,1.45963
1643.82746,1.45632
1641.78798,1.45636
1639.74849,1.45877
1637.70900,1.45908
1635.66951,1.45465
1633.63002,1.44893
1631.59054,1.44519
1629.55105,1.44167
1627.51156,1.43862
1625.47207,1.43763
1623.43258,1.43620
1621.39309,1.43098
1619.35361,1.42398
1617.31412,1.41795
1615.27463,1.41354
1613.23514,1.41144
1611.19565,1.41126
1609.15617,1.41218
1607.11668,1.41366
1605.07719,1.41459
1603.03770,1.41321
1600.99821,1.40968
1598.95872,1.40735
1596.91924,1.40841
1594.87975,1.41102
1592.84026,1.41206
1590.80077,1.41109
1588.76128,1.40939
1586.72180,1.40709
1584.68231,1.40376
1582.64282,1.40051
1580.60333,1.39964
1578.56384,1.40085
1576.52435,1.39888
1574.48487,1.39115
1572.44538,1.38364
1570.40589,1.37937
1568.36640,1.37558
1566.32691,1.36968
1564.28743,1.36133
1562.24794,1.35136
1560.20845,1.33838
1558.16896,1.32236
1556.12947,1.31124
1554.08998,1.30371
1552.05050,1.29415
1550.01101,1.28409
1547.97152,1.27688
1545.93203,1.27083
1543.89254,1.26200
1541.85306,1.24962
1539.81357,1.23574
1537.77408,1.22555
1535.73459,1.22016
1533.69510,1.21415
1531.65561,1.20667
1529.61613,1.20171
1527.57664,1.19714
1525.53715,1.18985
1523.49766,1.18212
1521.45817,1.17600
1519.41869,1.17192
1517.37920,1.16937
1515.33971,1.16702
1513.30022,1.16430
1511.26073,1.16091
1509.22124,1.15617
1507.18176,1.15010
1505.14227,1.14590
1503.10278,1.14523
1501.06329,1.14513
1499.02380,1.14482
1496.98432,1.14722
1494.94483,1.15345
1492.90534,1.16161
1490.86585,1.17154
1488.82636,1.18381
1486.78688,1.19709
1484.74739,1.21051
1482.70790,1.22589
1480.66841,1.24634
1478.62892,1.27212
1476.58943,1.30179
1474.54995,1.33627
1472.51046,1.37718
1470.47097,1.41932
1468.43148,1.45618
1466.39199,1.48912
1464.35251,1.51724
1462.31302,1.53528
1460.27353,1.54361
1458.23404,1.54553
1456.19455,1.54294
1454.15506,1.53945
1452.11558,1.53723
1450.07609,1.53631
1448.03660,1.53690
1445.99711,1.53915
1443.95762,1.54272
1441.91814,1.54814
1439.87865,1.55502
1437.83916,1.56324
1435.79967,1.57367
1433.76018,1.58352
1431.72069,1.59031
1429.68121,1.59412
1427.64172,1.59574
1425.60223,1.59792
1423.56274,1.60486
1421.52325,1.61568
1419.48377,1.62341
1417.44428,1.62515
1415.40479,1.62530
1413.36530,1.62721
1411.32581,1.62861
1409.28632,1.62509
1407.24684,1.61791
1405.20735,1.61225
1403.16786,1.61035
1401.12837,1.61086
1399.08888,1.61097
1397.04940,1.60813
1395.00991,1.60228
1392.97042,1.59854
1390.93093,1.60279
1388.89144,1.61312
1386.85195,1.62000
1384.81247,1.61818
1382.77298,1.61388
1380.73349,1.61386
1378.69400,1.61972
1376.65451,1.62870
1374.61503,1.63436
1372.57554,1.63318
1370.53605,1.63007
1368.49656,1.63137
1366.45707,1.63455
1364.41758,1.63282
1362.37810,1.62824
1360.33861,1.62700
1358.29912,1.62639
1356.25963,1.62259
1354.22014,1.61975
1352.18066,1.62139
1350.14117,1.62340
1348.10168,1.62124
1346.06219,1.61773
1344.02270,1.61815
1341.98322,1.62194
1339.94373,1.62450
1337.90424,1.62341
1335.86475,1.61830
1333.82526,1.60843
1331.78577,1.59648
1329.74629,1.58659
1327.70680,1.57671
1325.66731,1.56541
1323.62782,1.55706
1321.58833,1.55198
1319.54885,1.54652
1317.50936,1.54048
1315.46987,1.53631
1313.43038,1.53354
1311.39089,1.53003
1309.35140,1.52611
1307.31192,1.52180
1305.27243,1.51602
1303.23294,1.50937
1301.19345,1.50447
1299.15396,1.50257
1297.11448,1.49926
1295.07499,1.49089
1293.03550,1.48074
1290.99601,1.47454
1288.95652,1.47279
1286.91703,1.46902
1284.87755,1.46078
1282.83806,1.45273
1280.79857,1.44691
1278.75908,1.44200
1276.71959,1.43865
1274.68011,1.43903
1272.64062,1.44246
1270.60113,1.44531
1268.56164,1.44665
1266.52215,1.44782
1264.48266,1.44851
1262.44318,1.45103
1260.40369,1.45634
1258.36420,1.45971
1256.32471,1.46002
1254.28522,1.45986
1252.24574,1.46094
1250.20625,1.46327
1248.16676,1.46692
1246.12727,1.47395
1244.08778,1.48010
1242.04829,1.47840
1240.00881,1.47380
1237.96932,1.47105
1235.92983,1.46490
1233.89034,1.45462
1231.85085,1.44406
1229.81137,1.43242
1227.77188,1.41920
1225.73239,1.40698
1223.69290,1.39803
1221.65341,1.39343
1219.61392,1.39354
1217.57444,1.39704
1215.53495,1.40309
1213.49546,1.41300
1211.45597,1.42522
1209.41648,1.43599
1207.37700,1.44486
1205.33751,1.45278
1203.29802,1.45757
1201.25853,1.45773
1199.21904,1.45463
1197.17956,1.44787
1195.14007,1.43802
1193.10058,1.42939
1191.06109,1.42744
1189.02160,1.43542
1186.98211,1.45125
1184.94263,1.47493
1182.90314,1.51081
1180.86365,1.55588
1178.82416,1.60454
1176.78467,1.66139
1174.74519,1.72771
1172.70570,1.79307
1170.66621,1.85166
1168.62672,1.89921
1166.58723,1.92735
1164.54774,1.93559
1162.50826,1.92705
1160.46877,1.90907
1158.42928,1.89229
1156.38979,1.87603
1154.35030,1.85466
1152.31082,1.82828
1150.27133,1.80405
1148.23184,1.79096
1146.19235,1.78519
1144.15286,1.77770
1142.11337,1.76848
1140.07389,1.76367
1138.03440,1.76590
1135.99491,1.76828
1133.95542,1.76154
1131.91593,1.75643
1129.87645,1.77353
1127.83696,1.80294
1125.79747,1.81521
1123.75798,1.80578
1121.71849,1.79071
1119.67900,1.78130
1117.63952,1.78092
1115.60003,1.78941
1113.56054,1.80149
1111.52105,1.80829
1109.48156,1.80697
1107.44208,1.80861
1105.40259,1.81676
1103.36310,1.82072
1101.32361,1.81588
1099.28412,1.80545
1097.24463,1.79686
1095.20515,1.80518
1093.16566,1.83278
1091.12617,1.86051
1089.08668,1.87269
1087.04719,1.87220
1085.00771,1.86430
1082.96822,1.85005
1080.92873,1.83374
1078.88924,1.81743
1076.84975,1.79859
1074.81027,1.78548
1072.77078,1.78670
1070.73129,1.79705
1068.69180,1.81376
1066.65231,1.84019
1064.61282,1.86425
1062.57334,1.86396
1060.53385,1.84283
1058.49436,1.81809
1056.45487,1.78744
1054.41538,1.74828
1052.37590,1.71276
1050.33641,1.69107
1048.29692,1.68017
1046.25743,1.66803
1044.21794,1.65526
1042.17845,1.64948
1040.13897,1.64758
1038.09948,1.64638
1036.05999,1.64678
1034.02050,1.64747
1031.98101,1.64457
1029.94153,1.63429
1027.90204,1.62026
1025.86255,1.60644
1023.82306,1.59293
1021.78357,1.58219
1019.74408,1.57459
1017.70460,1.57146
1015.66511,1.57298
1013.62562,1.57650
1011.58613,1.57984
1009.54664,1.57933
1007.50716,1.57681
1005.46767,1.57293
1003.42818,1.56435
1001.38869,1.55536
999.34920,1.55196
997.30971,1.54927
995.27023,1.53932
993.23074,1.52404
991.19125,1.50938
989.15176,1.49450
987.11227,1.47067
985.07279,1.43377
983.03330,1.39116
980.99381,1.34713
978.95432,1.29984
976.91483,1.25271
974.87534,1.21178
972.83586,1.17771
970.79637,1.14794
968.75688,1.12062
966.71739,1.09725
964.67790,1.08046
962.63842,1.06911
960.59893,1.06127
958.55944,1.05791
956.51995,1.05845
954.48046,1.06195
952.44097,1.07199
950.40149,1.09251
948.36200,1.12333
946.32251,1.16125
944.28302,1.20140
942.24353,1.23776
940.20405,1.26662
938.16456,1.28727
936.12507,1.30118
934.08558,1.31130
932.04609,1.31627
930.00661,1.31196
927.96712,1.30198
925.92763,1.29363
923.88814,1.28559
921.84865,1.27170
919.80916,1.24990
917.76968,1.22300
915.73019,1.19602
913.69070,1.17141
911.65121,1.15074
909.61172,1.13678
907.57224,1.12858
905.53275,1.12187
903.49326,1.11621
901.45377,1.11394
899.41428,1.11377
897.37479,1.11121
895.33531,1.10408
893.29582,1.09533
891.25633,1.08816
889.21684,1.08217
887.17735,1.07698
885.13787,1.07439
883.09838,1.07667
881.05889,1.08632
879.01940,1.10568
876.97991,1.13414
874.94042,1.16809
872.90094,1.20636
870.86145,1.24873
868.82196,1.28992
866.78247,1.32502
864.74298,1.35060
862.70350,1.35945
860.66401,1.35053
858.62452,1.33362
856.58503,1.31662
854.54554,1.30046
852.50605,1.28419
850.46657,1.27036
848.42708,1.26234
846.38759,1.25714
844.34810,1.24947
842.30861,1.24083
840.26913,1.23326
838.22964,1.22261
836.19015,1.20893
834.15066,1.19831
832.11117,1.19186
830.07168,1.18685
828.03220,1.18331
825.99271,1.18151
823.95322,1.18067
821.91373,1.18191
819.87424,1.18748
817.83476,1.19637
815.79527,1.20511
813.75578,1.21440
811.71629,1.22550
809.67680,1.23856
807.63731,1.25233
805.59783,1.26257
803.55834,1.27423
801.51885,1.28977
799.47936,1.30083
797.43987,1.30862
795.40039,1.31896
793.36090,1.32967
791.32141,1.33979
789.28192,1.35137
787.24243,1.36436
785.20295,1.37993
783.16346,1.39636
781.12397,1.41173
779.08448,1.43125
777.04499,1.45654
775.00550,1.48189
772.96602,1.50060
770.92653,1.50967
768.88704,1.51361
766.84755,1.51295
764.80806,1.50449
762.76858,1.49003
760.72909,1.47474
758.68960,1.46629
756.65011,1.46014
754.61062,1.45222
752.57113,1.44845
750.53165,1.44552
748.49216,1.43960
746.45267,1.43463
744.41318,1.43276
742.37369,1.43436
740.33421,1.43978
738.29472,1.45030
736.25523,1.46402
734.21574,1.47402
732.17625,1.47957
730.13676,1.48482
728.09728,1.49513
726.05779,1.51506
724.01830,1.53528
721.97881,1.54497
719.93932,1.54490
717.89984,1.54475
715.86035,1.55080
713.82086,1.55627
711.78137,1.55398
709.74188,1.54673
707.70239,1.53862
705.66291,1.53205
703.62342,1.52658
701.58393,1.52021
699.54444,1.51451
697.50495,1.51388
695.46547,1.52049
693.42598,1.52690
691.38649,1.52703
689.34700,1.52338
687.30751,1.52078
685.26802,1.52615
683.22854,1.53779
681.18905,1.54070
679.14956,1.52784
677.11007,1.51051
675.07058,1.50721
673.03110,1.52576
670.99161,1.54817
668.95212,1.55038
666.91263,1.54057
664.87314,1.53970
662.83365,1.54100
660.79417,1.53931
658.75468,1.54495
656.71519,1.55895
654.67570,1.56985
652.63621,1.57770
650.59673,1.58400
648.55724,1.57935
646.51775,1.56553
644.47826,1.55510
642.43877,1.55636
640.39929,1.56052
638.35980,1.55206
636.32031,1.54615
634.28082,1.55963
632.24133,1.57288
630.20184,1.56573
628.16236,1.54666
626.12287,1.54515
624.08338,1.58623
622.04389,1.62414
620.00440,1.61505
617.96492,1.59225
615.92543,1.57226
613.88594,1.57353
611.84645,1.60326
609.80696,1.63217
607.76747,1.62415
605.72799,1.59344
603.68850,1.58629
601.64901,1.59952
599.60952,1.58638
597.57003,1.54933
595.53055,1.52554
593.49106,1.52476
591.45157,1.54255
589.41208,1.55869
587.37259,1.55572
585.33310,1.56866
583.29362,1.61646
581.25413,1.62490
579.21464,1.56561
577.17515,1.50318
575.13566,1.47357
573.09618,1.48597
571.05669,1.48334
569.01720,1.47330
566.97771,1.50623
564.93822,1.53019
562.89873,1.51053
560.85925,1.48566
558.81976,1.48304
556.78027,1.49451
554.74078,1.49747
552.70129,1.52917
550.66181,1.61121
548.62232,1.63779
546.58283,1.58167
544.54334,1.55515
542.50385,1.52700
540.46436,1.49402
538.42488,1.49026
536.38539,1.51181
534.34590,1.55242
532.30641,1.58206
530.26692,1.54672
528.22744,1.46455
526.18795,1.43703
524.14846,1.43572
522.10897,1.40558
520.06948,1.38039
518.02999,1.36714
515.99051,1.33756
513.95102,1.33037
511.91153,1.42831
509.87204,1.62842
507.83255,1.79624
505.79307,1.47943
503.75358,1.27842
501.71409,1.15467
499.67460,0.99702
