3997.39681,0.39423
3995.35732,0.39410
3993.31783,0.39340
3991.27835,0.39267
3989.23886,0.39237
3987.19937,0.39226
3985.15988,0.39196
3983.12039,0.39118
3981.08091,0.39020
3979.04142,0.38955
3977.00193,0.38895
3974.96244,0.38788
3972.92295,0.38644
3970.88346,0.38478
3968.84398,0.38313
3966.80449,0.38200
3964.76500,0.38139
3962.72551,0.38061
3960.68602,0.37920
3958.64654,0.37752
3956.60705,0.37610
3954.56756,0.37495
3952.52807,0.37392
3950.48858,0.37279
3948.44909,0.37104
3946.40961,0.36914
3944.37012,0.36809
3942.33063,0.36742
3940.29114,0.36632
3938.25165,0.36505
3936.21217,0.36389
3934.17268,0.36250
3932.13319,0.36064
3930.09370,0.35888
3928.05421,0.35759
3926.01473,0.35635
3923.97524,0.35483
3921.93575,0.35336
3919.89626,0.35181
3917.85677,0.34941
3915.81728,0.34625
3913.77780,0.34337
3911.73831,0.34140
3909.69882,0.34037
3907.65933,0.33989
3905.61984,0.33929
3903.58036,0.33793
3901.54087,0.33583
3899.50138,0.33333
3897.46189,0.33083
3895.42240,0.32922
3893.38291,0.32839
3891.34343,0.32726
3889.30394,0.32626
3887.26445,0.32602
3885.22496,0.32548
3883.18547,0.32430
3881.14599,0.32320
3879.10650,0.32228
3877.06701,0.32194
3875.02752,0.32247
3872.98803,0.32297
3870.94854,0.32215
3868.90906,0.32029
3866.86957,0.31924
3864.83008,0.31918
3862.79059,0.31867
3860.75110,0.31788
3858.71162,0.31786
3856.67213,0.31853
3854.63264,0.31851
3852.59315,0.31685
3850.55366,0.31527
3848.51417,0.31516
3846.47469,0.31609
3844.43520,0.31735
3842.39571,0.31840
3840.35622,0.31865
3838.31673,0.31788
3836.27725,0.31667
3834.23776,0.31569
3832.19827,0.31515
3830.15878,0.31513
3828.11929,0.31544
3826.07980,0.31595
3824.04032,0.31680
3822.00083,0.31757
3819.96134,0.31749
3817.92185,0.31681
3815.88236,0.31622
3813.84288,0.31629
3811.80339,0.31744
3809.76390,0.31911
3807.72441,0.32021
3805.68492,0.32074
3803.64543,0.32168
3801.60595,0.32275
3799.56646,0.32346
3797.52697,0.32403
3795.48748,0.32440
3793.44799,0.32507
3791.40851,0.32668
3789.36902,0.32890
3787.32953,0.33085
3785.29004,0.33221
3783.25055,0.33366
3781.21107,0.33545
3779.17158,0.33670
3777.13209,0.33737
3775.09260,0.33868
3773.05311,0.34074
3771.01362,0.34266
3768.97414,0.34415
3766.93465,0.34588
3764.89516,0.34823
3762.85567,0.35105
3760.81618,0.35382
3758.77670,0.35596
3756.73721,0.35799
3754.69772,0.36071
3752.65823,0.36326
3750.61874,0.36476
3748.57925,0.36617
3746.53977,0.36825
3744.50028,0.37075
3742.46079,0.37385
3740.42130,0.37760
3738.38181,0.38131
3736.34233,0.38412
3734.30284,0.38581
3732.26335,0.38782
3730.22386,0.39154
3728.18437,0.39640
3726.14488,0.40081
3724.10540,0.40419
3722.06591,0.40732
3720.02642,0.41084
3717.98693,0.41493
3715.94744,0.41981
3713.90796,0.42571
3711.86847,0.43217
3709.82898,0.43862
3707.78949,0.44551
3705.75000,0.45287
3703.71051,0.46057
3701.67103,0.46868
3699.63154,0.47712
3697.59205,0.48605
3695.55256,0.49565
3693.51307,0.50624
3691.47359,0.51847
3689.43410,0.53173
3687.39461,0.54455
3685.35512,0.55721
3683.31563,0.57121
3681.27614,0.58713
3679.23666,0.60437
3677.19717,0.62352
3675.15768,0.64493
3673.11819,0.66625
3671.07870,0.68838
3669.03922,0.71207
3666.99973,0.73366
3664.96024,0.75416
3662.92075,0.77678
3660.88126,0.80115
3658.84177,0.82644
3656.80229,0.85232
3654.76280,0.87614
3652.72331,0.89808
3650.68382,0.92454
3648.64433,0.95641
3646.60485,0.98393
3644.56536,1.00345
3642.52587,1.02233
3640.48638,1.04563
3638.44689,1.07093
3636.40741,1.09421
3634.36792,1.11484
3632.32843,1.13517
3630.28894,1.15770
3628.24945,1.18154
3626.20996,1.20331
3624.17048,1.22353
3622.13099,1.24521
3620.09150,1.27052
3618.05201,1.29890
3616.01252,1.32476
3613.97304,1.34261
3611.93355,1.35444
3609.89406,1.36684
3607.85457,1.38221
3605.81508,1.39967
3603.77559,1.41910
3601.73611,1.43780
3599.69662,1.45350
3597.65713,1.47035
3595.61764,1.48858
3593.57815,1.50167
3591.53867,1.51008
3589.49918,1.52148
3587.45969,1.53782
3585.42020,1.55140
3583.38071,1.55708
3581.34122,1.56268
3579.30174,1.57749
3577.26225,1.59820
3575.22276,1.61354
3573.18327,1.61665
3571.14378,1.61379
3569.10430,1.62028
3567.06481,1.64208
3565.02532,1.66375
3562.98583,1.67129
3560.94634,1.67344
3558.90685,1.68048
3556.86737,1.69074
3554.82788,1.69698
3552.78839,1.69295
3550.74890,1.67969
3548.70941,1.66954
3546.66993,1.67326
3544.63044,1.68644
3542.59095,1.69773
3540.55146,1.70511
3538.51197,1.71297
3536.47248,1.72279
3534.43300,1.73039
3532.39351,1.72947
3530.35402,1.72725
3528.31453,1.73646
3526.27504,1.74956
3524.23556,1.74676
3522.19607,1.73036
3520.15658,1.72386
3518.11709,1.73571
3516.07760,1.75059
3514.03811,1.75264
3511.99863,1.74802
3509.95914,1.74771
3507.91965,1.74817
3505.88016,1.74496
3503.84067,1.73911
3501.80119,1.73503
3499.76170,1.73639
3497.72221,1.74086
3495.68272,1.74587
3493.64323,1.75183
3491.60375,1.75530
3489.56426,1.75173
3487.52477,1.74918
3485.48528,1.75463
3483.44579,1.76252
3481.40630,1.77172
3479.36682,1.77758
3477.32733,1.77161
3475.28784,1.76386
3473.24835,1.76464
3471.20886,1.76425
3469.16938,1.76095
3467.12989,1.76416
3465.09040,1.76876
3463.05091,1.76760
3461.01142,1.76459
3458.97193,1.76473
3456.93245,1.77135
3454.89296,1.78302
3452.85347,1.78765
3450.81398,1.78252
3448.77449,1.77691
3446.73501,1.77424
3444.69552,1.77808
3442.65603,1.78487
3440.61654,1.78144
3438.57705,1.77070
3436.53756,1.76173
3434.49808,1.75617
3432.45859,1.76033
3430.41910,1.76942
3428.37961,1.77572
3426.34012,1.77976
3424.30064,1.77382
3422.26115,1.76195
3420.22166,1.75670
3418.18217,1.75645
3416.14268,1.75591
3414.10319,1.75795
3412.06371,1.76348
3410.02422,1.76333
3407.98473,1.75708
3405.94524,1.75390
3403.90575,1.75131
3401.86627,1.74449
3399.82678,1.73485
3397.78729,1.72395
3395.74780,1.71749
3393.70831,1.72581
3391.66882,1.74272
3389.62934,1.74975
3387.58985,1.74458
3385.55036,1.73555
3383.51087,1.72916
3381.47138,1.72722
3379.43190,1.72667
3377.39241,1.72766
3375.35292,1.73170
3373.31343,1.73548
3371.27394,1.73438
3369.23446,1.72826
3367.19497,1.72135
3365.15548,1.71951
3363.11599,1.72444
3361.07650,1.72665
3359.03701,1.72089
3356.99753,1.71602
3354.95804,1.71406
3352.91855,1.71197
3350.87906,1.70800
3348.83957,1.70095
3346.80009,1.69839
3344.76060,1.70355
3342.72111,1.71032
3340.68162,1.71356
3338.64213,1.71438
3336.60264,1.71674
3334.56316,1.71611
3332.52367,1.71032
3330.48418,1.70717
3328.44469,1.70556
3326.40520,1.70350
3324.36572,1.70877
3322.32623,1.71714
3320.28674,1.72007
3318.24725,1.71992
3316.20776,1.71351
3314.16827,1.70108
3312.12879,1.69225
3310.08930,1.68824
3308.04981,1.68494
3306.01032,1.68575
3303.97083,1.68932
3301.93135,1.68388
3299.89186,1.67464
3297.85237,1.67620
3295.81288,1.68587
3293.77339,1.68975
3291.73390,1.68264
3289.69442,1.67669
3287.65493,1.67943
3285.61544,1.68157
3283.57595,1.67588
3281.53646,1.66682
3279.49698,1.66136
3277.45749,1.66333
3275.41800,1.66700
3273.37851,1.66307
3271.33902,1.65809
3269.29953,1.66103
3267.26005,1.66706
3265.22056,1.67092
3263.18107,1.67098
3261.14158,1.66620
3259.10209,1.65933
3257.06261,1.65657
3255.02312,1.65995
3252.98363,1.66192
3250.94414,1.65731
3248.90465,1.65167
3246.86516,1.65212
3244.82568,1.65537
3242.78619,1.65262
3240.74670,1.64425
3238.70721,1.63804
3236.66772,1.63872
3234.62824,1.64517
3232.58875,1.65042
3230.54926,1.64608
3228.50977,1.63559
3226.47028,1.63017
3224.43080,1.63164
3222.39131,1.63284
3220.35182,1.62827
3218.31233,1.62160
3216.27284,1.62150
3214.23335,1.62608
3212.19387,1.62573
3210.15438,1.62150
3208.11489,1.61803
3206.07540,1.61630
3204.03591,1.61858
3201.99643,1.62087
3199.95694,1.61820
3197.91745,1.61466
3195.87796,1.61430
3193.83847,1.61417
3191.79898,1.61219
3189.75950,1.61161
3187.72001,1.61247
3185.68052,1.61479
3183.64103,1.61947
3181.60154,1.61965
3179.56206,1.61388
3177.52257,1.61016
3175.48308,1.60910
3173.44359,1.60652
3171.40410,1.60358
3169.36461,1.60303
3167.32513,1.60201
3165.28564,1.59646
3163.24615,1.58893
3161.20666,1.58470
3159.16717,1.58504
3157.12769,1.58819
3155.08820,1.59079
3153.04871,1.58891
3151.00922,1.58557
3148.96973,1.58592
3146.93024,1.58637
3144.89076,1.58036
3142.85127,1.57047
3140.81178,1.56361
3138.77229,1.56002
3136.73280,1.55840
3134.69332,1.56116
3132.65383,1.56672
3130.61434,1.56645
3128.57485,1.55844
3126.53536,1.55160
3124.49587,1.54965
3122.45639,1.54853
3120.41690,1.54617
3118.37741,1.54385
3116.33792,1.54161
3114.29843,1.53851
3112.25895,1.53624
3110.21946,1.53460
3108.17997,1.52948
3106.14048,1.52129
3104.10099,1.51603
3102.06150,1.51544
3100.02202,1.51505
3097.98253,1.51338
3095.94304,1.51029
3093.90355,1.50354
3091.86406,1.49524
3089.82458,1.48862
3087.78509,1.48553
3085.74560,1.48703
3083.70611,1.48848
3081.66662,1.48464
3079.62714,1.47766
3077.58765,1.47296
3075.54816,1.47209
3073.50867,1.47166
3071.46918,1.46795
3069.42969,1.46102
3067.39021,1.45319
3065.35072,1.44831
3063.31123,1.44758
3061.27174,1.44570
3059.23225,1.43851
3057.19277,1.42888
3055.15328,1.42238
3053.11379,1.41980
3051.07430,1.41646
3049.03481,1.40952
3046.99532,1.40256
3044.95584,1.39927
3042.91635,1.39737
3040.87686,1.39366
3038.83737,1.38828
3036.79788,1.38195
3034.75840,1.37602
3032.71891,1.37305
3030.67942,1.37145
3028.63993,1.36749
3026.60044,1.36173
3024.56095,1.35659
3022.52147,1.35286
3020.48198,1.35013
3018.44249,1.34867
3016.40300,1.34840
3014.36351,1.34766
3012.32403,1.34441
3010.28454,1.33924
3008.24505,1.33553
3006.20556,1.33503
3004.16607,1.33813
3002.12658,1.34300
3000.08710,1.34660
2998.04761,1.35106
2996.00812,1.35917
2993.96863,1.36625
2991.92914,1.36903
2989.88966,1.37297
2987.85017,1.38012
2985.81068,1.38675
2983.77119,1.39466
2981.73170,1.40395
2979.69221,1.41034
2977.65273,1.41598
2975.61324,1.42367
2973.57375,1.43167
2971.53426,1.44044
2969.49477,1.45299
2967.45529,1.46694
2965.41580,1.47739
2963.37631,1.48538
2961.33682,1.49328
2959.29733,1.50071
2957.25784,1.51078
2955.21836,1.52797
2953.17887,1.54647
2951.13938,1.55746
2949.09989,1.56106
2947.06040,1.56218
2945.02092,1.56587
2942.98143,1.57389
2940.94194,1.58392
2938.90245,1.59258
2936.86296,1.60061
2934.82348,1.60601
2932.78399,1.60390
2930.74450,1.59875
2928.70501,1.59568
2926.66552,1.59326
2924.62603,1.58764
2922.58655,1.57649
2920.54706,1.56424
2918.50757,1.55573
2916.46808,1.55037
2914.42859,1.54814
2912.38911,1.54800
2910.34962,1.54639
2908.31013,1.54330
2906.27064,1.53945
2904.23115,1.53435
2902.19166,1.52723
2900.15218,1.52148
2898.11269,1.52241
2896.07320,1.52547
2894.03371,1.52174
2891.99422,1.51228
2889.95474,1.50455
2887.91525,1.50246
2885.87576,1.50160
2883.83627,1.49848
2881.79678,1.49451
2879.75729,1.48686
2877.71781,1.47399
2875.67832,1.45907
2873.63883,1.44406
2871.59934,1.43280
2869.55985,1.42687
2867.52037,1.41949
2865.48088,1.40838
2863.44139,1.39860
2861.40190,1.38964
2859.36241,1.38071
2857.32292,1.37456
2855.28344,1.36917
2853.24395,1.36076
2851.20446,1.35105
2849.16497,1.34331
2847.12548,1.33669
2845.08600,1.32953
2843.04651,1.32076
2841.00702,1.30897
2838.96753,1.29680
2836.92804,1.28808
2834.88855,1.28196
2832.84907,1.27609
2830.80958,1.26898
2828.77009,1.26056
2826.73060,1.25305
2824.69111,1.24766
2822.65163,1.24231
2820.61214,1.23443
2818.57265,1.22495
2816.53316,1.21682
2814.49367,1.21108
2812.45418,1.20673
2810.41470,1.20279
2808.37521,1.19892
2806.33572,1.19500
2804.29623,1.19016
2802.25674,1.18453
2800.21726,1.17990
2798.17777,1.17642
2796.13828,1.17310
2794.09879,1.17007
2792.05930,1.16751
2790.01982,1.16456
2787.98033,1.16025
2785.94084,1.15522
2783.90135,1.15173
2781.86186,1.15017
2779.82237,1.14872
2777.78289,1.14755
2775.74340,1.14607
2773.70391,1.14289
2771.66442,1.14017
2769.62493,1.13864
2767.58545,1.13742
2765.54596,1.13653
2763.50647,1.13499
2761.46698,1.13382
2759.42749,1.13385
2757.38800,1.13299
2755.34852,1.13065
2753.30903,1.12829
2751.26954,1.12647
2749.23005,1.12487
2747.19056,1.12389
2745.15108,1.12371
2743.11159,1.12294
2741.07210,1.12052
2739.03261,1.11700
2736.99312,1.11323
2734.95363,1.10988
2732.91415,1.10739
2730.87466,1.10527
2728.83517,1.10295
2726.79568,1.10013
2724.75619,1.09662
2722.71671,1.09314
2720.67722,1.08956
2718.63773,1.08508
2716.59824,1.07979
2714.55875,1.07396
2712.51926,1.06869
2710.47978,1.06452
2708.44029,1.06071
2706.40080,1.05700
2704.36131,1.05336
2702.32182,1.04979
2700.28234,1.04660
2698.24285,1.04393
2696.20336,1.04143
2694.16387,1.03877
2692.12438,1.03530
2690.08489,1.03073
2688.04541,1.02583
2686.00592,1.02138
2683.96643,1.01862
2681.92694,1.01714
2679.88745,1.01362
2677.84797,1.00807
2675.80848,1.00312
2673.76899,0.99872
2671.72950,0.99437
2669.69001,0.99038
2667.65052,0.98707
2665.61104,0.98466
2663.57155,0.98137
2661.53206,0.97583
2659.49257,0.96988
2657.45308,0.96532
2655.41360,0.96141
2653.37411,0.95645
2651.33462,0.95010
2649.29513,0.94430
2647.25564,0.94009
2645.21616,0.93561
2643.17667,0.92988
2641.13718,0.92413
2639.09769,0.91883
2637.05820,0.91369
2635.01871,0.90876
2632.97923,0.90412
2630.93974,0.89929
2628.90025,0.89379
2626.86076,0.88857
2624.82127,0.88437
2622.78179,0.87990
2620.74230,0.87513
2618.70281,0.87115
2616.66332,0.86755
2614.62383,0.86403
2612.58434,0.86082
2610.54486,0.85802
2608.50537,0.85578
2606.46588,0.85389
2604.42639,0.85176
2602.38690,0.84952
2600.34742,0.84743
2598.30793,0.84531
2596.26844,0.84353
2594.22895,0.84179
2592.18946,0.83967
2590.14997,0.83759
2588.11049,0.83549
2586.07100,0.83323
2584.03151,0.83082
2581.99202,0.82838
2579.95253,0.82599
2577.91305,0.82340
2575.87356,0.82040
2573.83407,0.81705
2571.79458,0.81344
2569.75509,0.80973
2567.71560,0.80632
2565.67612,0.80350
2563.63663,0.80077
2561.59714,0.79726
2559.55765,0.79323
2557.51816,0.78934
2555.47868,0.78584
2553.43919,0.78290
2551.39970,0.78021
2549.36021,0.77732
2547.32072,0.77365
2545.28123,0.76960
2543.24175,0.76612
2541.20226,0.76263
2539.16277,0.75895
2537.12328,0.75541
2535.08379,0.75176
2533.04431,0.74829
2531.00482,0.74496
2528.96533,0.74163
2526.92584,0.73824
2524.88635,0.73468
2522.84686,0.73194
2520.80738,0.73035
2518.76789,0.72867
2516.72840,0.72647
2514.68891,0.72463
2512.64942,0.72303
2510.60994,0.72077
2508.57045,0.71834
2506.53096,0.71614
2504.49147,0.71404
2502.45198,0.71234
2500.41250,0.71075
2498.37301,0.70869
2496.33352,0.70650
2494.29403,0.70458
2492.25454,0.70249
2490.21505,0.70019
2488.17557,0.69795
2486.13608,0.69547
2484.09659,0.69284
2482.05710,0.69031
2480.01761,0.68750
2477.97813,0.68445
2475.93864,0.68144
2473.89915,0.67837
2471.85966,0.67553
2469.82017,0.67305
2467.78068,0.66999
2465.74120,0.66621
2463.70171,0.66270
2461.66222,0.65959
2459.62273,0.65615
2457.58324,0.65205
2455.54376,0.64812
2453.50427,0.64471
2451.46478,0.64084
2449.42529,0.63631
2447.38580,0.63177
2445.34631,0.62779
2443.30683,0.62445
2441.26734,0.62112
2439.22785,0.61715
2437.18836,0.61294
2435.14887,0.60899
2433.10939,0.60532
2431.06990,0.60173
2429.03041,0.59775
2426.99092,0.59335
2424.95143,0.58938
2422.91194,0.58621
2420.87246,0.58314
2418.83297,0.57965
2416.79348,0.57617
2414.75399,0.57308
2412.71450,0.57001
2410.67502,0.56682
2408.63553,0.56359
2406.59604,0.56035
2404.55655,0.55759
2402.51706,0.55575
2400.47757,0.55427
2398.43809,0.55228
2396.39860,0.55001
2394.35911,0.54787
2392.31962,0.54607
2390.28013,0.54452
2388.24065,0.54318
2386.20116,0.54236
2384.16167,0.54236
2382.12218,0.54294
2380.08269,0.54359
2378.04320,0.54414
2376.00372,0.54493
2373.96423,0.54609
2371.92474,0.54705
2369.88525,0.54749
2367.84576,0.54763
2365.80628,0.54735
2363.76679,0.54726
2361.72730,0.54827
2359.68781,0.54842
2357.64832,0.54492
2355.60884,0.53909
2353.56935,0.53472
2351.52986,0.53349
2349.49037,0.53307
2347.45088,0.53056
2345.41139,0.52682
2343.37191,0.52422
2341.33242,0.52288
2339.29293,0.52185
2337.25344,0.52098
2335.21395,0.51978
2333.17447,0.51786
2331.13498,0.51577
2329.09549,0.51403
2327.05600,0.51235
2325.01651,0.51018
2322.97702,0.50736
2320.93754,0.50463
2318.89805,0.50283
2316.85856,0.50166
2314.81907,0.50035
2312.77958,0.49877
2310.74010,0.49727
2308.70061,0.49593
2306.66112,0.49461
2304.62163,0.49341
2302.58214,0.49252
2300.54265,0.49180
2298.50317,0.49098
2296.46368,0.49008
2294.42419,0.48953
2292.38470,0.48957
2290.34521,0.48977
2288.30573,0.48968
2286.26624,0.48949
2284.22675,0.48956
2282.18726,0.49003
2280.14777,0.49076
2278.10828,0.49134
2276.06880,0.49161
2274.02931,0.49204
2271.98982,0.49302
2269.95033,0.49420
2267.91084,0.49515
2265.87136,0.49604
2263.83187,0.49706
2261.79238,0.49785
2259.75289,0.49833
2257.71340,0.49899
2255.67391,0.49980
2253.63443,0.50043
2251.59494,0.50097
2249.55545,0.50157
2247.51596,0.50267
2245.47647,0.50373
2243.43699,0.50452
2241.39750,0.50538
2239.35801,0.50658
2237.31852,0.50785
2235.27903,0.50906
2233.23954,0.51015
2231.20006,0.51090
2229.16057,0.51176
2227.12108,0.51323
2225.08159,0.51489
2223.04210,0.51633
2221.00262,0.51788
2218.96313,0.51953
2216.92364,0.52113
2214.88415,0.52306
2212.84466,0.52528
2210.80518,0.52756
2208.76569,0.52979
2206.72620,0.53169
2204.68671,0.53350
2202.64722,0.53550
2200.60773,0.53748
2198.56825,0.53958
2196.52876,0.54183
2194.48927,0.54391
2192.44978,0.54590
2190.41029,0.54812
2188.37081,0.55046
2186.33132,0.55270
2184.29183,0.55497
2182.25234,0.55737
2180.21285,0.55999
2178.17336,0.56279
2176.13388,0.56565
2174.09439,0.56832
2172.05490,0.57064
2170.01541,0.57304
2167.97592,0.57571
2165.93644,0.57830
2163.89695,0.58060
2161.85746,0.58245
2159.81797,0.58362
2157.77848,0.58442
2155.73899,0.58512
2153.69951,0.58547
2151.66002,0.58543
2149.62053,0.58508
2147.58104,0.58469
2145.54155,0.58451
2143.50207,0.58420
2141.46258,0.58374
2139.42309,0.58344
2137.38360,0.58317
2135.34411,0.58287
2133.30462,0.58287
2131.26514,0.58300
2129.22565,0.58258
2127.18616,0.58167
2125.14667,0.58067
2123.10718,0.57960
2121.06770,0.57874
2119.02821,0.57833
2116.98872,0.57807
2114.94923,0.57771
2112.90974,0.57732
2110.87025,0.57710
2108.83077,0.57723
2106.79128,0.57757
2104.75179,0.57789
2102.71230,0.57826
2100.67281,0.57862
2098.63333,0.57887
2096.59384,0.57921
2094.55435,0.57968
2092.51486,0.58021
2090.47537,0.58065
2088.43588,0.58055
2086.39640,0.58000
2084.35691,0.57954
2082.31742,0.57927
2080.27793,0.57905
2078.23844,0.57883
2076.19896,0.57840
2074.15947,0.57787
2072.11998,0.57766
2070.08049,0.57785
2068.04100,0.57813
2066.00152,0.57837
2063.96203,0.57849
2061.92254,0.57843
2059.88305,0.57828
2057.84356,0.57785
2055.80407,0.57699
2053.76459,0.57589
2051.72510,0.57473
2049.68561,0.57361
2047.64612,0.57232
2045.60663,0.57039
2043.56715,0.56774
2041.52766,0.56453
2039.48817,0.56135
2037.44868,0.55870
2035.40919,0.55588
2033.36970,0.55212
2031.33022,0.54796
2029.29073,0.54425
2027.25124,0.54088
2025.21175,0.53730
2023.17226,0.53362
2021.13278,0.53020
2019.09329,0.52700
2017.05380,0.52378
2015.01431,0.52036
2012.97482,0.51685
2010.93533,0.51351
2008.89585,0.51042
2006.85636,0.50763
2004.81687,0.50535
2002.77738,0.50370
2000.73789,0.50236
1998.69841,0.50116
1996.65892,0.50018
1994.61943,0.49952
1992.57994,0.49896
1990.54045,0.49803
1988.50096,0.49689
1986.46148,0.49598
1984.42199,0.49515
1982.38250,0.49404
1980.34301,0.49285
1978.30352,0.49200
1976.26404,0.49137
1974.22455,0.49091
1972.18506,0.49080
1970.14557,0.49116
1968.10608,0.49166
1966.06659,0.49152
1964.02711,0.49091
1961.98762,0.49079
1959.94813,0.49127
1957.90864,0.49187
1955.86915,0.49222
1953.82967,0.49227
1951.79018,0.49229
1949.75069,0.49255
1947.71120,0.49303
1945.67171,0.49352
1943.63222,0.49378
1941.59274,0.49328
1939.55325,0.49217
1937.51376,0.49117
1935.47427,0.49035
1933.43478,0.48951
1931.39530,0.48869
1929.35581,0.48800
1927.31632,0.48764
1925.27683,0.48783
1923.23734,0.48808
1921.19786,0.48788
1919.15837,0.48728
1917.11888,0.48602
1915.07939,0.48445
1913.03990,0.48374
1911.00041,0.48379
1908.96093,0.48337
1906.92144,0.48209
1904.88195,0.48064
1902.84246,0.47933
1900.80297,0.47815
1898.76349,0.47752
1896.72400,0.47749
1894.68451,0.47754
1892.64502,0.47759
1890.60553,0.47788
1888.56604,0.47814
1886.52656,0.47846
1884.48707,0.47916
1882.44758,0.48005
1880.40809,0.48102
1878.36860,0.48185
1876.32912,0.48235
1874.28963,0.48284
1872.25014,0.48399
1870.21065,0.48549
1868.17116,0.48552
1866.13167,0.48356
1864.09219,0.48131
1862.05270,0.47982
1860.01321,0.47886
1857.97372,0.47807
1855.93423,0.47731
1853.89475,0.47651
1851.85526,0.47568
1849.81577,0.47515
1847.77628,0.47523
1845.73679,0.47542
1843.69730,0.47434
1841.65782,0.47228
1839.61833,0.47098
1837.57884,0.47062
1835.53935,0.47058
1833.49986,0.47130
1831.46038,0.47292
1829.42089,0.47412
1827.38140,0.47447
1825.34191,0.47476
1823.30242,0.47495
1821.26293,0.47524
1819.22345,0.47619
1817.18396,0.47765
1815.14447,0.47947
1813.10498,0.48186
1811.06549,0.48443
1809.02601,0.48650
1806.98652,0.48835
1804.94703,0.49060
1802.90754,0.49342
1800.86805,0.49642
1798.82856,0.49916
1796.78908,0.50227
1794.74959,0.50652
1792.71010,0.51096
1790.67061,0.51384
1788.63112,0.51597
1786.59164,0.51923
1784.55215,0.52368
1782.51266,0.52848
1780.47317,0.53304
1778.43368,0.53716
1776.39420,0.54174
1774.35471,0.54741
1772.31522,0.55286
1770.27573,0.55657
1768.23624,0.55952
1766.19675,0.56342
1764.15727,0.56910
1762.11778,0.57632
1760.07829,0.58402
1758.03880,0.59211
1755.99931,0.60104
1753.95983,0.61118
1751.92034,0.62386
1749.88085,0.63854
1747.84136,0.65221
1745.80187,0.66452
1743.76238,0.67749
1741.72290,0.69162
1739.68341,0.70554
1737.64392,0.71813
1735.60443,0.73097
1733.56494,0.74452
1731.52546,0.75518
1729.48597,0.76286
1727.44648,0.76990
1725.40699,0.77728
1723.36750,0.78524
1721.32801,0.79381
1719.28853,0.80398
1717.24904,0.81527
1715.20955,0.82437
1713.17006,0.83167
1711.13057,0.84055
1709.09109,0.85232
1707.05160,0.86690
1705.01211,0.88320
1702.97262,0.90053
1700.93313,0.92125
1698.89364,0.94482
1696.85416,0.96835
1694.81467,0.99270
1692.77518,1.01582
1690.73569,1.03863
1688.69620,1.06435
1686.65672,1.09362
1684.61723,1.12780
1682.57774,1.16088
1680.53825,1.18525
1678.49876,1.20677
1676.45927,1.23133
1674.41979,1.25705
1672.38030,1.28097
1670.34081,1.30605
1668.30132,1.33235
1666.26183,1.35383
1664.22235,1.37121
1662.18286,1.38696
1660.14337,1.39910
1658.10388,1.40862
1656.06439,1.41813
1654.02490,1.42634
1651.98542,1.43027
1649.94593,1.43186
1647.90644,1.43431
1645.86695,1.43696
1643.82746,1.43754
1641.78798,1.43755
1639.74849,1.43916
1637.70900,1.44005
1635.66951,1.43544
1633.63002,1.42630
1631.59054,1.41701
1629.55105,1.40688
1627.51156,1.39591
1625.47207,1.38655
1623.43258,1.37871
1621.39309,1.37059
1619.35361,1.36181
1617.31412,1.35065
1615.27463,1.33762
1613.23514,1.32800
1611.19565,1.32261
1609.15617,1.31832
1607.11668,1.31366
1605.07719,1.30942
1603.03770,1.30580
1600.99821,1.30313
1598.95872,1.30203
1596.91924,1.30120
1594.87975,1.29918
1592.84026,1.29733
1590.80077,1.29733
1588.76128,1.29764
1586.72180,1.29645
1584.68231,1.29515
1582.64282,1.29640
1580.60333,1.30063
1578.56384,1.30475
1576.52435,1.30606
1574.48487,1.30691
1572.44538,1.30950
1570.40589,1.31203
1568.36640,1.31398
1566.32691,1.31611
1564.28743,1.31648
1562.24794,1.31296
1560.20845,1.30531
1558.16896,1.29570
1556.12947,1.28892
1554.08998,1.28397
1552.05050,1.27746
1550.01101,1.26818
1547.97152,1.25793
1545.93203,1.24880
1543.89254,1.23988
1541.85306,1.22913
1539.81357,1.21583
1537.77408,1.20378
1535.73459,1.19492
1533.69510,1.18608
1531.65561,1.17770
1529.61613,1.17200
1527.57664,1.16728
1525.53715,1.16213
1523.49766,1.15610
1521.45817,1.14844
1519.41869,1.14175
1517.37920,1.13777
1515.33971,1.13431
1513.30022,1.13041
1511.26073,1.12719
1509.22124,1.12495
1507.18176,1.12343
1505.14227,1.12353
1503.10278,1.12550
1501.06329,1.12847
1499.02380,1.13234
1496.98432,1.13738
1494.94483,1.14395
1492.90534,1.15331
1490.86585,1.16656
1488.82636,1.18203
1486.78688,1.19784
1484.74739,1.21550
1482.70790,1.23687
1480.66841,1.26208
1478.62892,1.29040
1476.58943,1.32315
1474.54995,1.36353
1472.51046,1.41205
1470.47097,1.45992
1468.43148,1.49814
1466.39199,1.52749
1464.35251,1.54896
1462.31302,1.56213
1460.27353,1.57136
1458.23404,1.58128
1456.19455,1.58911
1454.15506,1.59184
1452.11558,1.59093
1450.07609,1.58652
1448.03660,1.58236
1445.99711,1.58414
1443.95762,1.58994
1441.91814,1.59436
1439.87865,1.59634
1437.83916,1.59965
1435.79967,1.61017
1433.76018,1.62636
1431.72069,1.63968
1429.68121,1.64631
1427.64172,1.64776
1425.60223,1.64682
1423.56274,1.64687
1421.52325,1.64892
1419.48377,1.65027
1417.44428,1.65126
1415.40479,1.65566
1413.36530,1.66180
1411.32581,1.66488
1409.28632,1.66322
1407.24684,1.65667
1405.20735,1.64680
1403.16786,1.63998
1401.12837,1.64017
1399.08888,1.63940
1397.04940,1.63084
1395.00991,1.62460
1392.97042,1.62958
1390.93093,1.63862
1388.89144,1.64535
1386.85195,1.65098
1384.81247,1.65494
1382.77298,1.65750
1380.73349,1.66207
1378.69400,1.66969
1376.65451,1.67955
1374.61503,1.68894
1372.57554,1.69304
1370.53605,1.69140
1368.49656,1.68786
1366.45707,1.68587
1364.41758,1.68697
1362.37810,1.68918
1360.33861,1.68934
1358.29912,1.68883
1356.25963,1.68987
1354.22014,1.68794
1352.18066,1.68051
1350.14117,1.67621
1348.10168,1.67986
1346.06219,1.68377
1344.02270,1.68298
1341.98322,1.68169
1339.94373,1.68092
1337.90424,1.67807
1335.86475,1.67405
1333.82526,1.66842
1331.78577,1.65845
1329.74629,1.64448
1327.70680,1.63077
1325.66731,1.62153
1323.62782,1.61740
1321.58833,1.61543
1319.54885,1.61098
1317.50936,1.60345
1315.46987,1.59612
1313.43038,1.58990
1311.39089,1.58490
1309.35140,1.58114
1307.31192,1.57682
1305.27243,1.57172
1303.23294,1.56702
1301.19345,1.56169
1299.15396,1.55484
1297.11448,1.54853
1295.07499,1.54509
1293.03550,1.54168
1290.99601,1.53333
1288.95652,1.52314
1286.91703,1.51557
1284.87755,1.50966
1282.83806,1.50415
1280.79857,1.49808
1278.75908,1.49155
1276.71959,1.48613
1274.68011,1.48186
1272.64062,1.47947
1270.60113,1.48154
1268.56164,1.48825
1266.52215,1.49495
1264.48266,1.49819
1262.44318,1.49993
1260.40369,1.50061
1258.36420,1.50031
1256.32471,1.50262
1254.28522,1.50825
1252.24574,1.51481
1250.20625,1.51947
1248.16676,1.52129
1246.12727,1.52313
1244.08778,1.52702
1242.04829,1.53176
1240.00881,1.53408
1237.96932,1.52911
1235.92983,1.51590
1233.89034,1.50212
1231.85085,1.49279
1229.81137,1.48227
1227.77188,1.46663
1225.73239,1.45176
1223.69290,1.44167
1221.65341,1.43378
1219.61392,1.43056
1217.57444,1.43640
1215.53495,1.44660
1213.49546,1.45623
1211.45597,1.46782
1209.41648,1.48246
1207.37700,1.49432
1205.33751,1.50063
1203.29802,1.50422
1201.25853,1.50407
1199.21904,1.49993
1197.17956,1.49353
1195.14007,1.48394
1193.10058,1.47305
1191.06109,1.46900
1189.02160,1.47718
1186.98211,1.49448
1184.94263,1.52179
1182.90314,1.56327
1180.86365,1.61421
1178.82416,1.66927
1176.78467,1.73014
1174.74519,1.79984
1172.70570,1.87356
1170.66621,1.93758
1168.62672,1.98058
1166.58723,1.99974
1164.54774,2.00019
1162.50826,1.98253
1160.46877,1.94754
1158.42928,1.90574
1156.38979,1.86594
1154.35030,1.83480
1152.31082,1.81287
1150.27133,1.79747
1148.23184,1.79032
1146.19235,1.79066
1144.15286,1.79368
1142.11337,1.79664
1140.07389,1.80153
1138.03440,1.80942
1135.99491,1.81534
1133.95542,1.81599
1131.91593,1.81589
1129.87645,1.81573
1127.83696,1.81343
1125.79747,1.81320
1123.75798,1.81831
1121.71849,1.82806
1119.67900,1.83703
1117.63952,1.83883
1115.60003,1.84103
1113.56054,1.85338
1111.52105,1.86505
1109.48156,1.86255
1107.44208,1.85297
1105.40259,1.84884
1103.36310,1.85320
1101.32361,1.84846
1099.28412,1.83072
1097.24463,1.81939
1095.20515,1.81575
1093.16566,1.81790
1091.12617,1.83066
1089.08668,1.84724
1087.04719,1.85610
1085.00771,1.85042
1082.96822,1.83479
1080.92873,1.81826
1078.88924,1.80532
1076.84975,1.80054
1074.81027,1.80018
1072.77078,1.80149
1070.73129,1.81050
1068.69180,1.83139
1066.65231,1.86044
1064.61282,1.87950
1062.57334,1.87145
1060.53385,1.84496
1058.49436,1.81758
1056.45487,1.78716
1054.41538,1.74561
1052.37590,1.69944
1050.33641,1.66130
1048.29692,1.63717
1046.25743,1.62383
1044.21794,1.61864
1042.17845,1.61980
1040.13897,1.62183
1038.09948,1.62363
1036.05999,1.62346
1034.02050,1.61631
1031.98101,1.60596
1029.94153,1.59500
1027.90204,1.58384
1025.86255,1.57528
1023.82306,1.56624
1021.78357,1.55809
1019.74408,1.55480
1017.70460,1.55300
1015.66511,1.55122
1013.62562,1.54880
1011.58613,1.54405
1009.54664,1.53758
1007.50716,1.52971
1005.46767,1.52153
1003.42818,1.51719
1001.38869,1.51613
999.34920,1.51163
997.30971,1.50346
995.27023,1.49632
993.23074,1.49195
991.19125,1.48710
989.15176,1.47751
987.11227,1.46263
985.07279,1.44171
983.03330,1.41270
980.99381,1.37627
978.95432,1.33575
976.91483,1.29373
974.87534,1.25395
972.83586,1.21994
970.79637,1.19180
968.75688,1.16896
966.71739,1.15007
964.67790,1.13304
962.63842,1.11832
960.59893,1.10763
958.55944,1.10142
956.51995,1.09961
954.48046,1.10437
952.44097,1.11816
950.40149,1.14010
948.36200,1.16840
946.32251,1.20372
944.28302,1.24603
942.24353,1.28861
940.20405,1.32130
938.16456,1.34093
936.12507,1.35188
934.08558,1.35847
932.04609,1.36166
930.00661,1.36221
927.96712,1.35883
925.92763,1.34903
923.88814,1.33439
921.84865,1.31544
919.80916,1.29069
917.76968,1.26263
915.73019,1.23506
913.69070,1.21045
911.65121,1.19122
909.61172,1.17736
907.57224,1.16770
905.53275,1.16134
903.49326,1.15731
901.45377,1.15517
899.41428,1.15306
897.37479,1.14907
895.33531,1.14347
893.29582,1.13630
891.25633,1.12820
889.21684,1.12052
887.17735,1.11413
885.13787,1.11089
883.09838,1.11222
881.05889,1.12064
879.01940,1.13987
876.97991,1.16944
874.94042,1.20649
872.90094,1.25091
870.86145,1.30191
868.82196,1.35090
866.78247,1.38669
864.74298,1.40418
862.70350,1.40516
860.66401,1.39443
858.62452,1.37655
856.58503,1.35680
854.54554,1.33815
852.50605,1.32325
850.46657,1.31285
848.42708,1.30372
846.38759,1.29408
844.34810,1.28258
842.30861,1.27072
840.26913,1.26270
838.22964,1.25685
836.19015,1.24830
834.15066,1.23652
832.11117,1.22650
830.07168,1.22252
828.03220,1.22094
825.99271,1.21771
823.95322,1.21629
821.91373,1.22018
819.87424,1.22626
817.83476,1.23163
815.79527,1.23951
813.75578,1.24980
811.71629,1.25861
809.67680,1.26643
807.63731,1.27514
805.59783,1.28612
803.55834,1.29833
801.51885,1.30987
799.47936,1.32298
797.43987,1.33895
795.40039,1.35434
793.36090,1.36973
791.32141,1.39110
789.28192,1.41163
787.24243,1.41895
785.20295,1.42155
783.16346,1.43275
781.12397,1.45304
779.08448,1.47722
777.04499,1.50249
775.00550,1.52921
772.96602,1.54710
770.92653,1.54668
768.88704,1.53991
766.84755,1.53322
764.80806,1.52431
762.76858,1.51924
760.72909,1.51943
758.68960,1.51669
756.65011,1.50920
754.61062,1.50381
752.57113,1.50200
750.53165,1.49805
748.49216,1.48960
746.45267,1.48579
744.41318,1.48827
742.37369,1.48820
740.33421,1.48435
738.29472,1.48554
736.25523,1.49900
734.21574,1.51674
732.17625,1.52899
730.13676,1.53992
728.09728,1.55000
726.05779,1.55798
724.01830,1.56643
721.97881,1.57581
719.93932,1.58450
717.89984,1.58463
715.86035,1.57449
713.82086,1.56890
711.78137,1.57339
709.74188,1.57918
707.70239,1.58228
705.66291,1.58313
703.62342,1.57845
701.58393,1.56683
699.54444,1.55872
697.50495,1.55956
695.46547,1.55860
693.42598,1.55444
691.38649,1.55405
689.34700,1.55185
687.30751,1.54613
685.26802,1.54818
683.22854,1.56121
681.18905,1.57430
679.14956,1.57750
677.11007,1.57159
675.07058,1.56933
673.03110,1.57759
670.99161,1.58150
668.95212,1.56997
666.91263,1.56048
664.87314,1.57005
662.83365,1.58520
660.79417,1.59092
658.75468,1.58978
656.71519,1.59052
654.67570,1.59163
652.63621,1.58657
650.59673,1.57982
648.55724,1.58212
646.51775,1.59047
644.47826,1.59163
642.43877,1.59021
640.39929,1.61182
638.35980,1.65560
636.32031,1.67140
634.28082,1.63340
632.24133,1.58727
630.20184,1.57221
628.16236,1.58493
626.12287,1.60819
624.08338,1.62177
622.04389,1.61428
620.00440,1.59804
617.96492,1.59059
615.92543,1.59473
613.88594,1.61086
611.84645,1.63691
609.80696,1.65706
607.76747,1.64492
605.72799,1.61311
603.68850,1.60381
601.64901,1.60823
599.60952,1.60081
597.57003,1.59185
595.53055,1.58919
593.49106,1.57189
591.45157,1.54582
589.41208,1.56482
587.37259,1.61477
585.33310,1.60919
583.29362,1.56158
581.25413,1.55153
579.21464,1.59232
577.17515,1.61945
575.13566,1.59868
573.09618,1.57095
571.05669,1.54270
569.01720,1.50439
566.97771,1.46439
564.93822,1.43899
562.89873,1.44942
560.85925,1.48650
558.81976,1.50056
556.78027,1.49981
554.74078,1.54903
552.70129,1.62225
550.66181,1.59925
548.62232,1.55005
546.58283,1.54245
544.54334,1.51643
542.50385,1.47076
540.46436,1.45704
538.42488,1.50616
536.38539,1.57577
534.34590,1.61384
532.30641,1.59917
530.26692,1.57211
528.22744,1.53175
526.18795,1.53436
524.14846,1.52449
522.10897,1.48404
520.06948,1.48038
518.02999,1.47552
515.99051,1.44526
513.95102,1.42291
511.91153,1.48792
509.87204,1.67015
507.83255,1.64735
505.79307,1.28794
503.75358,1.04851
501.71409,0.95579
499.67460,0.93217
