3997.39681,0.41680
3995.35732,0.41696
3993.31783,0.41710
3991.27835,0.41664
3989.23886,0.41551
3987.19937,0.41482
3985.15988,0.41466
3983.12039,0.41407
3981.08091,0.41293
3979.04142,0.41183
3977.00193,0.41102
3974.96244,0.41033
3972.92295,0.40945
3970.88346,0.40818
3968.84398,0.40670
3966.80449,0.40561
3964.76500,0.40510
3962.72551,0.40435
3960.68602,0.40277
3958.64654,0.40057
3956.60705,0.39835
3954.56756,0.39670
3952.52807,0.39587
3950.48858,0.39565
3948.44909,0.39542
3946.40961,0.39497
3944.37012,0.39418
3942.33063,0.39260
3940.29114,0.39058
3938.25165,0.38896
3936.21217,0.38801
3934.17268,0.38744
3932.13319,0.38636
3930.09370,0.38461
3928.05421,0.38305
3926.01473,0.38171
3923.97524,0.37989
3921.93575,0.37786
3919.89626,0.37606
3917.85677,0.37394
3915.81728,0.37113
3913.77780,0.36834
3911.73831,0.36630
3909.69882,0.36526
3907.65933,0.36527
3905.61984,0.36557
3903.58036,0.36478
3901.54087,0.36237
3899.50138,0.35918
3897.46189,0.35668
3895.42240,0.35571
3893.38291,0.35515
3891.34343,0.35351
3889.30394,0.35180
3887.26445,0.35128
3885.22496,0.35098
3883.18547,0.35018
3881.14599,0.34882
3879.10650,0.34696
3877.06701,0.34600
3875.02752,0.34672
3872.98803,0.34801
3870.94854,0.34779
3868.90906,0.34574
3866.86957,0.34422
3864.83008,0.34383
3862.79059,0.34331
3860.75110,0.34299
3858.71162,0.34382
3856.67213,0.34493
3854.63264,0.34450
3852.59315,0.34248
3850.55366,0.34097
3848.51417,0.34062
3846.47469,0.34090
3844.43520,0.34167
3842.39571,0.34296
3840.35622,0.34394
3838.31673,0.34348
3836.27725,0.34219
3834.23776,0.34109
3832.19827,0.34008
3830.15878,0.33968
3828.11929,0.34034
3826.07980,0.34140
3824.04032,0.34245
3822.00083,0.34321
3819.96134,0.34327
3817.92185,0.34282
3815.88236,0.34177
3813.84288,0.34097
3811.80339,0.34169
3809.76390,0.34347
3807.72441,0.34490
3805.68492,0.34596
3803.64543,0.34724
3801.60595,0.34806
3799.56646,0.34836
3797.52697,0.34882
3795.48748,0.34939
3793.44799,0.35024
3791.40851,0.35153
3789.36902,0.35310
3787.32953,0.35475
3785.29004,0.35631
3783.25055,0.35794
3781.21107,0.35988
3779.17158,0.36159
3777.13209,0.36264
3775.09260,0.36409
3773.05311,0.36692
3771.01362,0.37018
3768.97414,0.37248
3766.93465,0.37393
3764.89516,0.37519
3762.85567,0.37681
3760.81618,0.37932
3758.77670,0.38264
3756.73721,0.38592
3754.69772,0.38834
3752.65823,0.38985
3750.61874,0.39135
3748.57925,0.39403
3746.53977,0.39740
3744.50028,0.40018
3742.46079,0.40266
3740.42130,0.40589
3738.38181,0.40975
3736.34233,0.41303
3734.30284,0.41509
3732.26335,0.41700
3730.22386,0.41981
3728.18437,0.42354
3726.14488,0.42747
3724.10540,0.43105
3722.06591,0.43457
3720.02642,0.43853
3717.98693,0.44317
3715.94744,0.44850
3713.90796,0.45455
3711.86847,0.46112
3709.82898,0.46762
3707.78949,0.47407
3705.75000,0.48115
3703.71051,0.48876
3701.67103,0.49641
3699.63154,0.50461
3697.59205,0.51420
3695.55256,0.52515
3693.51307,0.53715
3691.47359,0.54992
3689.43410,0.56253
3687.39461,0.57446
3685.35512,0.58703
3683.31563,0.60135
3681.27614,0.61750
3679.23666,0.63513
3677.19717,0.65453
3675.15768,0.67595
3673.11819,0.69801
3671.07870,0.72059
3669.03922,0.74387
3666.99973,0.76600
3664.96024,0.78762
3662.92075,0.81034
3660.88126,0.83362
3658.84177,0.85722
3656.80229,0.88191
3654.76280,0.90616
3652.72331,0.92940
3650.68382,0.95586
3648.64433,0.98625
3646.60485,1.01332
3644.56536,1.03450
3642.52587,1.05512
3640.48638,1.07895
3638.44689,1.10545
3636.40741,1.13152
3634.36792,1.15433
3632.32843,1.17468
3630.28894,1.19651
3628.24945,1.22117
3626.20996,1.24405
3624.17048,1.26322
3622.13099,1.28137
3620.09150,1.30029
3618.05201,1.31951
3616.01252,1.33895
3613.97304,1.35957
3611.93355,1.38024
3609.89406,1.39778
3607.85457,1.41255
3605.81508,1.42890
3603.77559,1.44800
3601.73611,1.46568
3599.69662,1.47904
3597.65713,1.49120
3595.61764,1.50402
3593.57815,1.51622
3591.53867,1.52936
3589.49918,1.54665
3587.45969,1.56507
3585.42020,1.57511
3583.38071,1.57731
3581.34122,1.58433
3579.30174,1.59983
3577.26225,1.61371
3575.22276,1.61968
3573.18327,1.62321
3571.14378,1.63281
3569.10430,1.64789
3567.06481,1.65861
3565.02532,1.66069
3562.98583,1.66101
3560.94634,1.66588
3558.90685,1.67477
3556.86737,1.68286
3554.82788,1.69161
3552.78839,1.70449
3550.74890,1.71163
3548.70941,1.70800
3546.66993,1.70881
3544.63044,1.71836
3542.59095,1.72091
3540.55146,1.71482
3538.51197,1.71192
3536.47248,1.71637
3534.43300,1.72332
3532.39351,1.72437
3530.35402,1.71997
3528.31453,1.71925
3526.27504,1.72373
3524.23556,1.73038
3522.19607,1.73910
3520.15658,1.74639
3518.11709,1.74682
3516.07760,1.73808
3514.03811,1.72777
3511.99863,1.72767
3509.95914,1.73757
3507.91965,1.75115
3505.88016,1.76209
3503.84067,1.76490
3501.80119,1.76444
3499.76170,1.76733
3497.72221,1.76833
3495.68272,1.76468
3493.64323,1.76225
3491.60375,1.76221
3489.56426,1.75936
3487.52477,1.75341
3485.48528,1.74691
3483.44579,1.74134
3481.40630,1.74305
3479.36682,1.75315
3477.32733,1.76036
3475.28784,1.75873
3473.24835,1.75921
3471.20886,1.76966
3469.16938,1.77864
3467.12989,1.77263
3465.09040,1.75929
3463.05091,1.75007
3461.01142,1.74614
3458.97193,1.75112
3456.93245,1.76199
3454.89296,1.76944
3452.85347,1.77174
3450.81398,1.77300
3448.77449,1.77194
3446.73501,1.76980
3444.69552,1.77116
3442.65603,1.76994
3440.61654,1.76977
3438.57705,1.77722
3436.53756,1.77736
3434.49808,1.76831
3432.45859,1.76126
3430.41910,1.74993
3428.37961,1.73810
3426.34012,1.73934
3424.30064,1.75140
3422.26115,1.76516
3420.22166,1.77351
3418.18217,1.77367
3416.14268,1.77114
3414.10319,1.76796
3412.06371,1.76087
3410.02422,1.75503
3407.98473,1.75453
3405.94524,1.75646
3403.90575,1.75726
3401.86627,1.75936
3399.82678,1.76165
3397.78729,1.75210
3395.74780,1.73949
3393.70831,1.74679
3391.66882,1.76498
3389.62934,1.77182
3387.58985,1.76774
3385.55036,1.75961
3383.51087,1.75273
3381.47138,1.75117
3379.43190,1.74943
3377.39241,1.74703
3375.35292,1.75185
3373.31343,1.76258
3371.27394,1.76773
3369.23446,1.76225
3367.19497,1.75076
3365.15548,1.74218
3363.11599,1.74313
3361.07650,1.74919
3359.03701,1.75031
3356.99753,1.74811
3354.95804,1.75340
3352.91855,1.76483
3350.87906,1.76834
3348.83957,1.75979
3346.80009,1.75046
3344.76060,1.74778
3342.72111,1.75160
3340.68162,1.75739
3338.64213,1.75243
3336.60264,1.73500
3334.56316,1.72301
3332.52367,1.72695
3330.48418,1.73765
3328.44469,1.74311
3326.40520,1.74243
3324.36572,1.74176
3322.32623,1.74136
3320.28674,1.73629
3318.24725,1.72826
3316.20776,1.72323
3314.16827,1.72066
3312.12879,1.72054
3310.08930,1.72573
3308.04981,1.73050
3306.01032,1.72927
3303.97083,1.72583
3301.93135,1.71959
3299.89186,1.71213
3297.85237,1.71483
3295.81288,1.72293
3293.77339,1.72109
3291.73390,1.71455
3289.69442,1.71200
3287.65493,1.70674
3285.61544,1.69823
3283.57595,1.69806
3281.53646,1.70620
3279.49698,1.70901
3277.45749,1.70196
3275.41800,1.69321
3273.37851,1.68806
3271.33902,1.68812
3269.29953,1.69257
3267.26005,1.69652
3265.22056,1.69667
3263.18107,1.69321
3261.14158,1.68727
3259.10209,1.67926
3257.06261,1.67692
3255.02312,1.68593
3252.98363,1.69367
3250.94414,1.69040
3248.90465,1.68294
3246.86516,1.67811
3244.82568,1.67545
3242.78619,1.67457
3240.74670,1.67497
3238.70721,1.67489
3236.66772,1.67182
3234.62824,1.66614
3232.58875,1.66480
3230.54926,1.66705
3228.50977,1.66606
3226.47028,1.66213
3224.43080,1.65770
3222.39131,1.65561
3220.35182,1.66092
3218.31233,1.66894
3216.27284,1.66885
3214.23335,1.66325
3212.19387,1.66116
3210.15438,1.66241
3208.11489,1.66115
3206.07540,1.65603
3204.03591,1.65258
3201.99643,1.65263
3199.95694,1.64912
3197.91745,1.64175
3195.87796,1.63881
3193.83847,1.64175
3191.79898,1.64591
3189.75950,1.64688
3187.72001,1.64443
3185.68052,1.64121
3183.64103,1.63988
3181.60154,1.64399
3179.56206,1.64935
3177.52257,1.64650
3175.48308,1.63691
3173.44359,1.62990
3171.40410,1.63011
3169.36461,1.63582
3167.32513,1.64142
3165.28564,1.64101
3163.24615,1.63476
3161.20666,1.63054
3159.16717,1.63059
3157.12769,1.62924
3155.08820,1.62615
3153.04871,1.62512
3151.00922,1.62563
3148.96973,1.62397
3146.93024,1.62229
3144.89076,1.62404
3142.85127,1.62366
3140.81178,1.61735
3138.77229,1.61105
3136.73280,1.60806
3134.69332,1.60258
3132.65383,1.59559
3130.61434,1.59580
3128.57485,1.60088
3126.53536,1.60302
3124.49587,1.60243
3122.45639,1.60490
3120.41690,1.60981
3118.37741,1.60768
3116.33792,1.59846
3114.29843,1.59436
3112.25895,1.59619
3110.21946,1.59568
3108.17997,1.59257
3106.14048,1.58743
3104.10099,1.58147
3102.06150,1.57983
3100.02202,1.58328
3097.98253,1.58516
3095.94304,1.58062
3093.90355,1.57428
3091.86406,1.57004
3089.82458,1.56731
3087.78509,1.56480
3085.74560,1.56290
3083.70611,1.56104
3081.66662,1.55636
3079.62714,1.55130
3077.58765,1.54752
3075.54816,1.54322
3073.50867,1.54046
3071.46918,1.53718
3069.42969,1.53156
3067.39021,1.52896
3065.35072,1.53039
3063.31123,1.53153
3061.27174,1.53046
3059.23225,1.52799
3057.19277,1.52552
3055.15328,1.52284
3053.11379,1.51797
3051.07430,1.51040
3049.03481,1.50329
3046.99532,1.49854
3044.95584,1.49384
3042.91635,1.48867
3040.87686,1.48509
3038.83737,1.48296
3036.79788,1.48115
3034.75840,1.48043
3032.71891,1.47997
3030.67942,1.47623
3028.63993,1.46902
3026.60044,1.46211
3024.56095,1.45690
3022.52147,1.45187
3020.48198,1.44877
3018.44249,1.44920
3016.40300,1.44905
3014.36351,1.44674
3012.32403,1.44584
3010.28454,1.44594
3008.24505,1.44435
3006.20556,1.44443
3004.16607,1.44827
3002.12658,1.45140
3000.08710,1.45214
2998.04761,1.45092
2996.00812,1.44851
2993.96863,1.45016
2991.92914,1.45493
2989.88966,1.45853
2987.85017,1.46449
2985.81068,1.47295
2983.77119,1.47911
2981.73170,1.48528
2979.69221,1.49301
2977.65273,1.49937
2975.61324,1.50532
2973.57375,1.51376
2971.53426,1.52459
2969.49477,1.53526
2967.45529,1.54442
2965.41580,1.55363
2963.37631,1.56273
2961.33682,1.56897
2959.29733,1.57266
2957.25784,1.57491
2955.21836,1.57777
2953.17887,1.58558
2951.13938,1.59588
2949.09989,1.60292
2947.06040,1.60740
2945.02092,1.61141
2942.98143,1.61599
2940.94194,1.62169
2938.90245,1.62562
2936.86296,1.62635
2934.82348,1.62658
2932.78399,1.62860
2930.74450,1.63241
2928.70501,1.63337
2926.66552,1.62863
2924.62603,1.62314
2922.58655,1.61825
2920.54706,1.60857
2918.50757,1.59520
2916.46808,1.58765
2914.42859,1.58694
2912.38911,1.58562
2910.34962,1.58255
2908.31013,1.58023
2906.27064,1.57888
2904.23115,1.57714
2902.19166,1.57185
2900.15218,1.56445
2898.11269,1.56209
2896.07320,1.56427
2894.03371,1.56221
2891.99422,1.55614
2889.95474,1.55504
2887.91525,1.55808
2885.87576,1.55716
2883.83627,1.55215
2881.79678,1.54396
2879.75729,1.53141
2877.71781,1.51976
2875.67832,1.51241
2873.63883,1.50412
2871.59934,1.49450
2869.55985,1.48744
2867.52037,1.47986
2865.48088,1.46970
2863.44139,1.46201
2861.40190,1.45889
2859.36241,1.45682
2857.32292,1.45271
2855.28344,1.44633
2853.24395,1.43921
2851.20446,1.43028
2849.16497,1.42055
2847.12548,1.41270
2845.08600,1.40508
2843.04651,1.39886
2841.00702,1.39263
2838.96753,1.38234
2836.92804,1.37273
2834.88855,1.36841
2832.84907,1.36654
2830.80958,1.36152
2828.77009,1.35203
2826.73060,1.34263
2824.69111,1.33645
2822.65163,1.33149
2820.61214,1.32546
2818.57265,1.32113
2816.53316,1.31963
2814.49367,1.31694
2812.45418,1.31324
2810.41470,1.31122
2808.37521,1.30763
2806.33572,1.30065
2804.29623,1.29397
2802.25674,1.28931
2800.21726,1.28593
2798.17777,1.28274
2796.13828,1.27851
2794.09879,1.27366
2792.05930,1.27089
2790.01982,1.26978
2787.98033,1.26639
2785.94084,1.26205
2783.90135,1.26076
2781.86186,1.26141
2779.82237,1.26045
2777.78289,1.25716
2775.74340,1.25327
2773.70391,1.24999
2771.66442,1.24766
2769.62493,1.24626
2767.58545,1.24616
2765.54596,1.24713
2763.50647,1.24701
2761.46698,1.24452
2759.42749,1.24276
2757.38800,1.24451
2755.34852,1.24634
2753.30903,1.24457
2751.26954,1.24077
2749.23005,1.23783
2747.19056,1.23681
2745.15108,1.23510
2743.11159,1.22963
2741.07210,1.22308
2739.03261,1.21899
2736.99312,1.21699
2734.95363,1.21616
2732.91415,1.21547
2730.87466,1.21351
2728.83517,1.21100
2726.79568,1.20819
2724.75619,1.20467
2722.71671,1.20174
2720.67722,1.19874
2718.63773,1.19485
2716.59824,1.19137
2714.55875,1.18761
2712.51926,1.18295
2710.47978,1.17900
2708.44029,1.17544
2706.40080,1.17124
2704.36131,1.16741
2702.32182,1.16398
2700.28234,1.15999
2698.24285,1.15510
2696.20336,1.15004
2694.16387,1.14658
2692.12438,1.14392
2690.08489,1.14088
2688.04541,1.13876
2686.00592,1.13703
2683.96643,1.13384
2681.92694,1.12992
2679.88745,1.12647
2677.84797,1.12262
2675.80848,1.11778
2673.76899,1.11267
2671.72950,1.10773
2669.69001,1.10350
2667.65052,1.10031
2665.61104,1.09738
2663.57155,1.09350
2661.53206,1.08905
2659.49257,1.08527
2657.45308,1.08108
2655.41360,1.07486
2653.37411,1.06829
2651.33462,1.06272
2649.29513,1.05669
2647.25564,1.05079
2645.21616,1.04648
2643.17667,1.04200
2641.13718,1.03658
2639.09769,1.03215
2637.05820,1.02851
2635.01871,1.02388
2632.97923,1.01803
2630.93974,1.01240
2628.90025,1.00788
2626.86076,1.00357
2624.82127,0.99982
2622.78179,0.99734
2620.74230,0.99412
2618.70281,0.98895
2616.66332,0.98373
2614.62383,0.98050
2612.58434,0.97906
2610.54486,0.97745
2608.50537,0.97438
2606.46588,0.97114
2604.42639,0.96839
2602.38690,0.96506
2600.34742,0.96216
2598.30793,0.96073
2596.26844,0.95927
2594.22895,0.95743
2592.18946,0.95530
2590.14997,0.95247
2588.11049,0.95043
2586.07100,0.94938
2584.03151,0.94741
2581.99202,0.94427
2579.95253,0.94072
2577.91305,0.93723
2575.87356,0.93463
2573.83407,0.93280
2571.79458,0.93050
2569.75509,0.92667
2567.71560,0.92198
2565.67612,0.91832
2563.63663,0.91536
2561.59714,0.91190
2559.55765,0.90825
2557.51816,0.90489
2555.47868,0.90169
2553.43919,0.89811
2551.39970,0.89423
2549.36021,0.89129
2547.32072,0.88937
2545.28123,0.88654
2543.24175,0.88219
2541.20226,0.87763
2539.16277,0.87374
2537.12328,0.87017
2535.08379,0.86624
2533.04431,0.86198
2531.00482,0.85821
2528.96533,0.85519
2526.92584,0.85217
2524.88635,0.84917
2522.84686,0.84671
2520.80738,0.84437
2518.76789,0.84178
2516.72840,0.83924
2514.68891,0.83677
2512.64942,0.83456
2510.60994,0.83285
2508.57045,0.83067
2506.53096,0.82729
2504.49147,0.82378
2502.45198,0.82110
2500.41250,0.81903
2498.37301,0.81752
2496.33352,0.81625
2494.29403,0.81415
2492.25454,0.81110
2490.21505,0.80834
2488.17557,0.80651
2486.13608,0.80461
2484.09659,0.80192
2482.05710,0.79900
2480.01761,0.79606
2477.97813,0.79264
2475.93864,0.78883
2473.89915,0.78560
2471.85966,0.78294
2469.82017,0.77964
2467.78068,0.77554
2465.74120,0.77155
2463.70171,0.76826
2461.66222,0.76519
2459.62273,0.76156
2457.58324,0.75761
2455.54376,0.75383
2453.50427,0.75023
2451.46478,0.74668
2449.42529,0.74300
2447.38580,0.73875
2445.34631,0.73412
2443.30683,0.72965
2441.26734,0.72538
2439.22785,0.72122
2437.18836,0.71701
2435.14887,0.71295
2433.10939,0.70920
2431.06990,0.70558
2429.03041,0.70204
2426.99092,0.69835
2424.95143,0.69424
2422.91194,0.69008
2420.87246,0.68634
2418.83297,0.68308
2416.79348,0.68017
2414.75399,0.67710
2412.71450,0.67401
2410.67502,0.67149
2408.63553,0.66906
2406.59604,0.66648
2404.55655,0.66394
2402.51706,0.66115
2400.47757,0.65826
2398.43809,0.65562
2396.39860,0.65327
2394.35911,0.65115
2392.31962,0.64936
2390.28013,0.64783
2388.24065,0.64648
2386.20116,0.64552
2384.16167,0.64524
2382.12218,0.64544
2380.08269,0.64553
2378.04320,0.64526
2376.00372,0.64535
2373.96423,0.64661
2371.92474,0.64802
2369.88525,0.64759
2367.84576,0.64588
2365.80628,0.64500
2363.76679,0.64490
2361.72730,0.64441
2359.68781,0.64310
2357.64832,0.64046
2355.60884,0.63622
2353.56935,0.63276
2351.52986,0.63281
2349.49037,0.63342
2347.45088,0.62985
2345.41139,0.62399
2343.37191,0.62063
2341.33242,0.61974
2339.29293,0.61888
2337.25344,0.61741
2335.21395,0.61559
2333.17447,0.61406
2331.13498,0.61273
2329.09549,0.61095
2327.05600,0.60890
2325.01651,0.60685
2322.97702,0.60414
2320.93754,0.60080
2318.89805,0.59804
2316.85856,0.59610
2314.81907,0.59458
2312.77958,0.59338
2310.74010,0.59216
2308.70061,0.59048
2306.66112,0.58855
2304.62163,0.58710
2302.58214,0.58655
2300.54265,0.58640
2298.50317,0.58576
2296.46368,0.58456
2294.42419,0.58351
2292.38470,0.58289
2290.34521,0.58232
2288.30573,0.58162
2286.26624,0.58112
2284.22675,0.58104
2282.18726,0.58124
2280.14777,0.58174
2278.10828,0.58242
2276.06880,0.58300
2274.02931,0.58342
2271.98982,0.58382
2269.95033,0.58434
2267.91084,0.58498
2265.87136,0.58563
2263.83187,0.58617
2261.79238,0.58661
2259.75289,0.58721
2257.71340,0.58795
2255.67391,0.58833
2253.63443,0.58848
2251.59494,0.58880
2249.55545,0.58915
2247.51596,0.58954
2245.47647,0.59019
2243.43699,0.59111
2241.39750,0.59193
2239.35801,0.59255
2237.31852,0.59321
2235.27903,0.59402
2233.23954,0.59489
2231.20006,0.59588
2229.16057,0.59711
2227.12108,0.59836
2225.08159,0.59946
2223.04210,0.60079
2221.00262,0.60239
2218.96313,0.60398
2216.92364,0.60559
2214.88415,0.60722
2212.84466,0.60889
2210.80518,0.61069
2208.76569,0.61264
2206.72620,0.61448
2204.68671,0.61592
2202.64722,0.61724
2200.60773,0.61869
2198.56825,0.62038
2196.52876,0.62232
2194.48927,0.62428
2192.44978,0.62632
2190.41029,0.62850
2188.37081,0.63073
2186.33132,0.63299
2184.29183,0.63522
2182.25234,0.63754
2180.21285,0.64000
2178.17336,0.64255
2176.13388,0.64522
2174.09439,0.64787
2172.05490,0.65013
2170.01541,0.65200
2167.97592,0.65390
2165.93644,0.65575
2163.89695,0.65727
2161.85746,0.65873
2159.81797,0.66020
2157.77848,0.66130
2155.73899,0.66186
2153.69951,0.66187
2151.66002,0.66157
2149.62053,0.66159
2147.58104,0.66189
2145.54155,0.66141
2143.50207,0.66008
2141.46258,0.65892
2139.42309,0.65843
2137.38360,0.65826
2135.34411,0.65784
2133.30462,0.65730
2131.26514,0.65731
2129.22565,0.65734
2127.18616,0.65678
2125.14667,0.65617
2123.10718,0.65568
2121.06770,0.65485
2119.02821,0.65393
2116.98872,0.65346
2114.94923,0.65308
2112.90974,0.65232
2110.87025,0.65167
2108.83077,0.65176
2106.79128,0.65222
2104.75179,0.65259
2102.71230,0.65293
2100.67281,0.65324
2098.63333,0.65349
2096.59384,0.65378
2094.55435,0.65411
2092.51486,0.65447
2090.47537,0.65478
2088.43588,0.65489
2086.39640,0.65452
2084.35691,0.65378
2082.31742,0.65321
2080.27793,0.65273
2078.23844,0.65192
2076.19896,0.65123
2074.15947,0.65110
2072.11998,0.65115
2070.08049,0.65094
2068.04100,0.65066
2066.00152,0.65064
2063.96203,0.65071
2061.92254,0.65061
2059.88305,0.65023
2057.84356,0.64971
2055.80407,0.64920
2053.76459,0.64865
2051.72510,0.64799
2049.68561,0.64724
2047.64612,0.64602
2045.60663,0.64399
2043.56715,0.64143
2041.52766,0.63858
2039.48817,0.63564
2037.44868,0.63289
2035.40919,0.62994
2033.36970,0.62658
2031.33022,0.62320
2029.29073,0.61975
2027.25124,0.61608
2025.21175,0.61250
2023.17226,0.60922
2021.13278,0.60617
2019.09329,0.60296
2017.05380,0.59939
2015.01431,0.59596
2012.97482,0.59296
2010.93533,0.59004
2008.89585,0.58696
2006.85636,0.58414
2004.81687,0.58227
2002.77738,0.58090
2000.73789,0.57931
1998.69841,0.57769
1996.65892,0.57656
1994.61943,0.57633
1992.57994,0.57644
1990.54045,0.57572
1988.50096,0.57428
1986.46148,0.57293
1984.42199,0.57192
1982.38250,0.57116
1980.34301,0.57045
1978.30352,0.56979
1976.26404,0.56934
1974.22455,0.56897
1972.18506,0.56857
1970.14557,0.56856
1968.10608,0.56883
1966.06659,0.56854
1964.02711,0.56795
1961.98762,0.56798
1959.94813,0.56851
1957.90864,0.56888
1955.86915,0.56890
1953.82967,0.56875
1951.79018,0.56883
1949.75069,0.56924
1947.71120,0.56980
1945.67171,0.57064
1943.63222,0.57128
1941.59274,0.57057
1939.55325,0.56897
1937.51376,0.56785
1935.47427,0.56741
1933.43478,0.56716
1931.39530,0.56664
1929.35581,0.56599
1927.31632,0.56594
1925.27683,0.56661
1923.23734,0.56698
1921.19786,0.56678
1919.15837,0.56674
1917.11888,0.56614
1915.07939,0.56478
1913.03990,0.56407
1911.00041,0.56395
1908.96093,0.56314
1906.92144,0.56169
1904.88195,0.56055
1902.84246,0.55988
1900.80297,0.55919
1898.76349,0.55845
1896.72400,0.55811
1894.68451,0.55845
1892.64502,0.55950
1890.60553,0.56082
1888.56604,0.56135
1886.52656,0.56123
1884.48707,0.56145
1882.44758,0.56224
1880.40809,0.56325
1878.36860,0.56419
1876.32912,0.56496
1874.28963,0.56582
1872.25014,0.56754
1870.21065,0.56993
1868.17116,0.57056
1866.13167,0.56835
1864.09219,0.56570
1862.05270,0.56431
1860.01321,0.56373
1857.97372,0.56307
1855.93423,0.56217
1853.89475,0.56138
1851.85526,0.56099
1849.81577,0.56139
1847.77628,0.56289
1845.73679,0.56460
1843.69730,0.56418
1841.65782,0.56150
1839.61833,0.55946
1837.57884,0.55929
1835.53935,0.56011
1833.49986,0.56188
1831.46038,0.56475
1829.42089,0.56691
1827.38140,0.56744
1825.34191,0.56749
1823.30242,0.56738
1821.26293,0.56752
1819.22345,0.56877
1817.18396,0.57093
1815.14447,0.57361
1813.10498,0.57702
1811.06549,0.58074
1809.02601,0.58388
1806.98652,0.58661
1804.94703,0.59027
1802.90754,0.59569
1800.86805,0.60216
1798.82856,0.60831
1796.78908,0.61481
1794.74959,0.62340
1792.71010,0.63329
1790.67061,0.64147
1788.63112,0.64792
1786.59164,0.65526
1784.55215,0.66391
1782.51266,0.67245
1780.47317,0.68028
1778.43368,0.68780
1776.39420,0.69601
1774.35471,0.70493
1772.31522,0.71196
1770.27573,0.71460
1768.23624,0.71459
1766.19675,0.71513
1764.15727,0.71796
1762.11778,0.72271
1760.07829,0.72813
1758.03880,0.73455
1755.99931,0.74291
1753.95983,0.75421
1751.92034,0.77091
1749.88085,0.79303
1747.84136,0.81631
1745.80187,0.83992
1743.76238,0.86721
1741.72290,0.89963
1739.68341,0.93468
1737.64392,0.96779
1735.60443,0.99962
1733.56494,1.03080
1731.52546,1.05211
1729.48597,1.06188
1727.44648,1.06615
1725.40699,1.06760
1723.36750,1.06693
1721.32801,1.06607
1719.28853,1.06588
1717.24904,1.06307
1715.20955,1.05602
1713.17006,1.04942
1711.13057,1.04777
1709.09109,1.05274
1707.05160,1.06418
1705.01211,1.07901
1702.97262,1.09498
1700.93313,1.11710
1698.89364,1.14716
1696.85416,1.17731
1694.81467,1.20496
1692.77518,1.23198
1690.73569,1.26083
1688.69620,1.29082
1686.65672,1.32115
1684.61723,1.35562
1682.57774,1.38909
1680.53825,1.41318
1678.49876,1.43230
1676.45927,1.45252
1674.41979,1.47444
1672.38030,1.49546
1670.34081,1.51308
1668.30132,1.52648
1666.26183,1.53740
1664.22235,1.54902
1662.18286,1.56060
1660.14337,1.56767
1658.10388,1.57143
1656.06439,1.57707
1654.02490,1.58571
1651.98542,1.59443
1649.94593,1.60124
1647.90644,1.60184
1645.86695,1.59493
1643.82746,1.58970
1641.78798,1.58984
1639.74849,1.59309
1637.70900,1.59945
1635.66951,1.60327
1633.63002,1.59609
1631.59054,1.58472
1629.55105,1.57658
1627.51156,1.57117
1625.47207,1.56711
1623.43258,1.56260
1621.39309,1.55642
1619.35361,1.55150
1617.31412,1.54816
1615.27463,1.54331
1613.23514,1.53732
1611.19565,1.53271
1609.15617,1.53022
1607.11668,1.52835
1605.07719,1.52660
1603.03770,1.52561
1600.99821,1.52496
1598.95872,1.52408
1596.91924,1.52291
1594.87975,1.52236
1592.84026,1.52236
1590.80077,1.52133
1588.76128,1.51991
1586.72180,1.51841
1584.68231,1.51604
1582.64282,1.51437
1580.60333,1.51382
1578.56384,1.51140
1576.52435,1.50520
1574.48487,1.49972
1572.44538,1.49957
1570.40589,1.50022
1568.36640,1.49542
1566.32691,1.48704
1564.28743,1.48010
1562.24794,1.47642
1560.20845,1.47356
1558.16896,1.46457
1556.12947,1.45067
1554.08998,1.43985
1552.05050,1.43137
1550.01101,1.41986
1547.97152,1.40587
1545.93203,1.39597
1543.89254,1.39164
1541.85306,1.38659
1539.81357,1.37635
1537.77408,1.36608
1535.73459,1.35907
1533.69510,1.35204
1531.65561,1.34393
1529.61613,1.33711
1527.57664,1.33221
1525.53715,1.32818
1523.49766,1.32371
1521.45817,1.31741
1519.41869,1.30977
1517.37920,1.30358
1515.33971,1.29978
1513.30022,1.29688
1511.26073,1.29350
1509.22124,1.28868
1507.18176,1.28151
1505.14227,1.27500
1503.10278,1.27291
1501.06329,1.27357
1499.02380,1.27493
1496.98432,1.27698
1494.94483,1.27992
1492.90534,1.28391
1490.86585,1.28928
1488.82636,1.29614
1486.78688,1.30594
1484.74739,1.32088
1482.70790,1.34181
1480.66841,1.36633
1478.62892,1.39065
1476.58943,1.41630
1474.54995,1.44926
1472.51046,1.49007
1470.47097,1.52768
1468.43148,1.55586
1466.39199,1.58044
1464.35251,1.60249
1462.31302,1.61749
1460.27353,1.62770
1458.23404,1.63624
1456.19455,1.63905
1454.15506,1.63695
1452.11558,1.63657
1450.07609,1.63727
1448.03660,1.63433
1445.99711,1.62810
1443.95762,1.62510
1441.91814,1.63014
1439.87865,1.64113
1437.83916,1.65136
1435.79967,1.65681
1433.76018,1.66162
1431.72069,1.66960
1429.68121,1.67539
1427.64172,1.67392
1425.60223,1.67011
1423.56274,1.67170
1421.52325,1.68001
1419.48377,1.68935
1417.44428,1.69512
1415.40479,1.69931
1413.36530,1.70250
1411.32581,1.70157
1409.28632,1.69786
1407.24684,1.69466
1405.20735,1.68913
1403.16786,1.68127
1401.12837,1.67978
1399.08888,1.68518
1397.04940,1.68864
1395.00991,1.68805
1392.97042,1.68755
1390.93093,1.68744
1388.89144,1.68550
1386.85195,1.68207
1384.81247,1.67987
1382.77298,1.68036
1380.73349,1.68267
1378.69400,1.68646
1376.65451,1.69168
1374.61503,1.69739
1372.57554,1.70222
1370.53605,1.70417
1368.49656,1.70106
1366.45707,1.69464
1364.41758,1.69063
1362.37810,1.68882
1360.33861,1.68417
1358.29912,1.67782
1356.25963,1.67487
1354.22014,1.67575
1352.18066,1.67672
1350.14117,1.67677
1348.10168,1.67733
1346.06219,1.67909
1344.02270,1.68110
1341.98322,1.68211
1339.94373,1.68192
1337.90424,1.67781
1335.86475,1.67013
1333.82526,1.66618
1331.78577,1.66636
1329.74629,1.66252
1327.70680,1.65194
1325.66731,1.63951
1323.62782,1.63070
1321.58833,1.62832
1319.54885,1.62910
1317.50936,1.62725
1315.46987,1.62315
1313.43038,1.61918
1311.39089,1.61404
1309.35140,1.60804
1307.31192,1.60194
1305.27243,1.59511
1303.23294,1.59170
1301.19345,1.59306
1299.15396,1.59127
1297.11448,1.58352
1295.07499,1.57459
1293.03550,1.56836
1290.99601,1.56628
1288.95652,1.56436
1286.91703,1.55805
1284.87755,1.55079
1282.83806,1.54627
1280.79857,1.54247
1278.75908,1.53730
1276.71959,1.53216
1274.68011,1.52911
1272.64062,1.52829
1270.60113,1.52845
1268.56164,1.52830
1266.52215,1.52822
1264.48266,1.52973
1262.44318,1.53481
1260.40369,1.54219
1258.36420,1.54500
1256.32471,1.54283
1254.28522,1.54340
1252.24574,1.54627
1250.20625,1.54769
1248.16676,1.55181
1246.12727,1.55870
1244.08778,1.56098
1242.04829,1.55670
1240.00881,1.55078
1237.96932,1.54744
1235.92983,1.54510
1233.89034,1.54024
1231.85085,1.53227
1229.81137,1.52202
1227.77188,1.51075
1225.73239,1.49780
1223.69290,1.48345
1221.65341,1.47398
1219.61392,1.47228
1217.57444,1.47445
1215.53495,1.48088
1213.49546,1.49388
1211.45597,1.50898
1209.41648,1.52078
1207.37700,1.52967
1205.33751,1.53656
1203.29802,1.53760
1201.25853,1.53254
1199.21904,1.52575
1197.17956,1.51730
1195.14007,1.50512
1193.10058,1.49471
1191.06109,1.49307
1189.02160,1.49878
1186.98211,1.51104
1184.94263,1.53078
1182.90314,1.56036
1180.86365,1.60442
1178.82416,1.65678
1176.78467,1.71149
1174.74519,1.77413
1172.70570,1.84113
1170.66621,1.89829
1168.62672,1.93693
1166.58723,1.95509
1164.54774,1.94966
1162.50826,1.92958
1160.46877,1.91286
1158.42928,1.89788
1156.38979,1.87716
1154.35030,1.85161
1152.31082,1.82571
1150.27133,1.79909
1148.23184,1.77721
1146.19235,1.77489
1144.15286,1.78694
1142.11337,1.79348
1140.07389,1.79010
1138.03440,1.78995
1135.99491,1.79691
1133.95542,1.80557
1131.91593,1.81122
1129.87645,1.81263
1127.83696,1.81657
1125.79747,1.82438
1123.75798,1.83061
1121.71849,1.82889
1119.67900,1.82270
1117.63952,1.82280
1115.60003,1.82978
1113.56054,1.83401
1111.52105,1.82911
1109.48156,1.82374
1107.44208,1.82683
1105.40259,1.83121
1103.36310,1.82844
1101.32361,1.81890
1099.28412,1.81417
1097.24463,1.82244
1095.20515,1.83199
1093.16566,1.83329
1091.12617,1.83179
1089.08668,1.83461
1087.04719,1.84124
1085.00771,1.84583
1082.96822,1.84065
1080.92873,1.81990
1078.88924,1.80062
1076.84975,1.79845
1074.81027,1.80347
1072.77078,1.80442
1070.73129,1.80913
1068.69180,1.81865
1066.65231,1.82590
1064.61282,1.83324
1062.57334,1.83960
1060.53385,1.83466
1058.49436,1.81205
1056.45487,1.78150
1054.41538,1.75186
1052.37590,1.71478
1050.33641,1.67501
1048.29692,1.65107
1046.25743,1.64315
1044.21794,1.63695
1042.17845,1.63233
1040.13897,1.63394
1038.09948,1.63556
1036.05999,1.63265
1034.02050,1.63156
1031.98101,1.63250
1029.94153,1.62187
1027.90204,1.60428
1025.86255,1.59747
1023.82306,1.59584
1021.78357,1.58946
1019.74408,1.58358
1017.70460,1.57848
1015.66511,1.57145
1013.62562,1.56866
1011.58613,1.56987
1009.54664,1.56499
1007.50716,1.55596
1005.46767,1.55122
1003.42818,1.54769
1001.38869,1.53875
999.34920,1.52823
997.30971,1.52141
995.27023,1.51624
993.23074,1.51452
991.19125,1.51450
989.15176,1.50732
987.11227,1.49393
985.07279,1.47958
983.03330,1.45984
980.99381,1.42894
978.95432,1.39093
976.91483,1.35235
974.87534,1.31770
972.83586,1.28935
970.79637,1.26454
968.75688,1.24016
966.71739,1.21895
964.67790,1.20311
962.63842,1.19002
960.59893,1.17850
958.55944,1.17053
956.51995,1.16764
954.48046,1.16994
952.44097,1.17989
950.40149,1.20072
948.36200,1.23071
946.32251,1.26563
944.28302,1.30136
942.24353,1.33450
940.20405,1.36437
938.16456,1.38790
936.12507,1.40035
934.08558,1.40517
932.04609,1.40681
930.00661,1.40541
927.96712,1.40158
925.92763,1.39588
923.88814,1.38792
921.84865,1.37394
919.80916,1.35081
917.76968,1.32235
915.73019,1.29550
913.69070,1.27294
911.65121,1.25386
909.61172,1.23856
907.57224,1.22640
905.53275,1.21767
903.49326,1.21455
901.45377,1.21358
899.41428,1.21050
897.37479,1.20476
895.33531,1.19563
893.29582,1.18704
891.25633,1.18207
889.21684,1.17602
887.17735,1.16805
885.13787,1.16455
883.09838,1.16794
881.05889,1.17648
879.01940,1.19154
876.97991,1.21454
874.94042,1.24572
872.90094,1.28660
870.86145,1.33287
868.82196,1.37479
866.78247,1.40889
864.74298,1.43171
862.70350,1.43674
860.66401,1.42725
858.62452,1.41113
856.58503,1.39357
854.54554,1.37941
852.50605,1.36959
850.46657,1.36134
848.42708,1.35281
846.38759,1.34265
844.34810,1.33125
842.30861,1.32065
840.26913,1.31268
838.22964,1.30623
836.19015,1.29676
834.15066,1.28362
832.11117,1.27237
830.07168,1.26750
828.03220,1.26755
825.99271,1.26896
823.95322,1.26957
821.91373,1.27028
819.87424,1.27463
817.83476,1.28127
815.79527,1.28601
813.75578,1.29009
811.71629,1.29638
809.67680,1.30639
807.63731,1.31901
805.59783,1.32987
803.55834,1.34249
801.51885,1.36125
799.47936,1.37887
797.43987,1.39131
795.40039,1.40512
793.36090,1.42342
791.32141,1.44209
789.28192,1.45396
787.24243,1.45745
785.20295,1.46243
783.16346,1.47458
781.12397,1.49099
779.08448,1.50876
777.04499,1.52501
775.00550,1.54164
772.96602,1.56444
770.92653,1.58530
768.88704,1.58562
766.84755,1.57022
764.80806,1.55532
762.76858,1.54236
760.72909,1.53356
758.68960,1.53065
756.65011,1.52652
754.61062,1.52367
752.57113,1.52075
750.53165,1.50835
748.49216,1.49473
746.45267,1.48839
744.41318,1.48875
742.37369,1.49739
740.33421,1.50720
738.29472,1.51290
736.25523,1.51639
734.21574,1.51827
732.17625,1.52332
730.13676,1.53591
728.09728,1.55358
726.05779,1.57277
724.01830,1.59186
721.97881,1.60623
719.93932,1.61129
717.89984,1.61176
715.86035,1.61717
713.82086,1.62109
711.78137,1.61081
709.74188,1.59578
707.70239,1.59384
705.66291,1.60288
703.62342,1.60707
701.58393,1.59804
699.54444,1.58005
697.50495,1.56235
695.46547,1.55446
693.42598,1.56210
691.38649,1.57976
689.34700,1.59390
687.30751,1.59675
685.26802,1.59377
683.22854,1.59299
681.18905,1.59299
679.14956,1.59104
677.11007,1.58965
675.07058,1.59181
673.03110,1.59655
670.99161,1.59402
668.95212,1.58201
666.91263,1.57668
664.87314,1.58253
662.83365,1.59229
660.79417,1.60612
658.75468,1.61539
656.71519,1.60994
654.67570,1.60037
652.63621,1.60642
650.59673,1.62279
648.55724,1.62109
646.51775,1.60197
644.47826,1.59147
642.43877,1.59303
640.39929,1.59489
638.35980,1.59569
636.32031,1.59971
634.28082,1.60230
632.24133,1.59350
630.20184,1.57219
628.16236,1.55120
626.12287,1.54670
624.08338,1.55923
622.04389,1.57949
620.00440,1.61552
617.96492,1.66259
615.92543,1.68268
613.88594,1.66424
611.84645,1.63691
609.80696,1.61797
607.76747,1.60902
605.72799,1.60340
603.68850,1.58763
601.64901,1.57647
599.60952,1.58555
597.57003,1.61016
595.53055,1.62263
593.49106,1.60693
591.45157,1.58831
589.41208,1.58192
587.37259,1.59160
585.33310,1.60415
583.29362,1.58745
581.25413,1.57459
579.21464,1.57857
577.17515,1.60830
575.13566,1.65494
573.09618,1.64329
571.05669,1.59162
569.01720,1.55742
566.97771,1.52323
564.93822,1.49425
562.89873,1.48299
560.85925,1.48969
558.81976,1.52652
556.78027,1.57537
554.74078,1.57699
552.70129,1.51461
550.66181,1.50209
548.62232,1.58334
546.58283,1.69570
544.54334,1.75598
542.50385,1.77767
540.46436,1.81773
538.42488,1.73273
536.38539,1.58688
534.34590,1.52640
532.30641,1.55658
530.26692,1.62438
528.22744,1.61828
526.18795,1.54331
524.14846,1.49525
522.10897,1.45077
520.06948,1.40252
518.02999,1.48828
515.99051,1.69008
513.95102,1.68538
511.91153,1.61992
509.87204,1.57212
507.83255,1.44685
505.79307,1.32774
503.75358,1.29959
501.71409,1.12135
499.67460,0.99522
