3997.39681,0.39816
3995.35732,0.39789
3993.31783,0.39704
3991.27835,0.39583
3989.23886,0.39504
3987.19937,0.39512
3985.15988,0.39532
3983.12039,0.39470
3981.08091,0.39380
3979.04142,0.39316
3977.00193,0.39198
3974.96244,0.39038
3972.92295,0.38908
3970.88346,0.38768
3968.84398,0.38638
3966.80449,0.38588
3964.76500,0.38545
3962.72551,0.38428
3960.68602,0.38267
3958.64654,0.38118
3956.60705,0.37989
3954.56756,0.37869
3952.52807,0.37778
3950.48858,0.37722
3948.44909,0.37645
3946.40961,0.37520
3944.37012,0.37387
3942.33063,0.37232
3940.29114,0.37031
3938.25165,0.36830
3936.21217,0.36683
3934.17268,0.36622
3932.13319,0.36602
3930.09370,0.36513
3928.05421,0.36338
3926.01473,0.36154
3923.97524,0.35987
3921.93575,0.35839
3919.89626,0.35714
3917.85677,0.35527
3915.81728,0.35216
3913.77780,0.34900
3911.73831,0.34701
3909.69882,0.34580
3907.65933,0.34462
3905.61984,0.34340
3903.58036,0.34238
3901.54087,0.34135
3899.50138,0.33953
3897.46189,0.33716
3895.42240,0.33569
3893.38291,0.33548
3891.34343,0.33515
3889.30394,0.33414
3887.26445,0.33316
3885.22496,0.33222
3883.18547,0.33130
3881.14599,0.33035
3879.10650,0.32906
3877.06701,0.32823
3875.02752,0.32817
3872.98803,0.32835
3870.94854,0.32814
3868.90906,0.32703
3866.86957,0.32627
3864.83008,0.32649
3862.79059,0.32652
3860.75110,0.32589
3858.71162,0.32512
3856.67213,0.32475
3854.63264,0.32489
3852.59315,0.32477
3850.55366,0.32435
3848.51417,0.32435
3846.47469,0.32490
3844.43520,0.32541
3842.39571,0.32538
3840.35622,0.32520
3838.31673,0.32504
3836.27725,0.32474
3834.23776,0.32473
3832.19827,0.32487
3830.15878,0.32471
3828.11929,0.32439
3826.07980,0.32402
3824.04032,0.32387
3822.00083,0.32417
3819.96134,0.32456
3817.92185,0.32511
3815.88236,0.32554
3813.84288,0.32551
3811.80339,0.32563
3809.76390,0.32634
3807.72441,0.32741
3805.68492,0.32848
3803.64543,0.32982
3801.60595,0.33110
3799.56646,0.33176
3797.52697,0.33230
3795.48748,0.33292
3793.44799,0.33374
3791.40851,0.33510
3789.36902,0.33699
3787.32953,0.33891
3785.29004,0.34040
3783.25055,0.34189
3781.21107,0.34396
3779.17158,0.34574
3777.13209,0.34648
3775.09260,0.34711
3773.05311,0.34848
3771.01362,0.35049
3768.97414,0.35275
3766.93465,0.35518
3764.89516,0.35770
3762.85567,0.35998
3760.81618,0.36213
3758.77670,0.36414
3756.73721,0.36582
3754.69772,0.36736
3752.65823,0.36906
3750.61874,0.37102
3748.57925,0.37352
3746.53977,0.37715
3744.50028,0.38131
3742.46079,0.38439
3740.42130,0.38659
3738.38181,0.38913
3736.34233,0.39271
3734.30284,0.39664
3732.26335,0.39975
3730.22386,0.40248
3728.18437,0.40560
3726.14488,0.40890
3724.10540,0.41232
3722.06591,0.41629
3720.02642,0.42067
3717.98693,0.42512
3715.94744,0.42976
3713.90796,0.43510
3711.86847,0.44149
3709.82898,0.44845
3707.78949,0.45524
3705.75000,0.46181
3703.71051,0.46880
3701.67103,0.47655
3699.63154,0.48496
3697.59205,0.49404
3695.55256,0.50371
3693.51307,0.51400
3691.47359,0.52578
3689.43410,0.53960
3687.39461,0.55381
3685.35512,0.56687
3683.31563,0.57986
3681.27614,0.59442
3679.23666,0.61126
3677.19717,0.63103
3675.15768,0.65257
3673.11819,0.67342
3671.07870,0.69590
3669.03922,0.72048
3666.99973,0.74241
3664.96024,0.76219
3662.92075,0.78339
3660.88126,0.80657
3658.84177,0.83120
3656.80229,0.85682
3654.76280,0.88063
3652.72331,0.90242
3650.68382,0.92838
3648.64433,0.96025
3646.60485,0.98898
3644.56536,1.01057
3642.52587,1.03000
3640.48638,1.05104
3638.44689,1.07419
3636.40741,1.09917
3634.36792,1.12471
3632.32843,1.14880
3630.28894,1.17267
3628.24945,1.19646
3626.20996,1.21534
3624.17048,1.23055
3622.13099,1.24769
3620.09150,1.27118
3618.05201,1.29925
3616.01252,1.32202
3613.97304,1.33625
3611.93355,1.35014
3609.89406,1.37056
3607.85457,1.39619
3605.81508,1.42057
3603.77559,1.43911
3601.73611,1.45417
3599.69662,1.47066
3597.65713,1.48917
3595.61764,1.50578
3593.57815,1.52034
3591.53867,1.53669
3589.49918,1.55360
3587.45969,1.56502
3585.42020,1.57117
3583.38071,1.57944
3581.34122,1.59178
3579.30174,1.60645
3577.26225,1.62296
3575.22276,1.63909
3573.18327,1.65315
3571.14378,1.66798
3569.10430,1.68578
3567.06481,1.70098
3565.02532,1.70658
3562.98583,1.70856
3560.94634,1.71513
3558.90685,1.72056
3556.86737,1.71916
3554.82788,1.71832
3552.78839,1.72362
3550.74890,1.73483
3548.70941,1.75078
3546.66993,1.76347
3544.63044,1.76878
3542.59095,1.77076
3540.55146,1.76728
3538.51197,1.75739
3536.47248,1.75408
3534.43300,1.76696
3532.39351,1.78259
3530.35402,1.78809
3528.31453,1.79009
3526.27504,1.78845
3524.23556,1.77573
3522.19607,1.76373
3520.15658,1.76587
3518.11709,1.77294
3516.07760,1.77506
3514.03811,1.77882
3511.99863,1.78876
3509.95914,1.80263
3507.91965,1.81482
3505.88016,1.81263
3503.84067,1.79697
3501.80119,1.78880
3499.76170,1.79156
3497.72221,1.79078
3495.68272,1.79264
3493.64323,1.80745
3491.60375,1.82349
3489.56426,1.83154
3487.52477,1.83381
3485.48528,1.82682
3483.44579,1.81484
3481.40630,1.80588
3479.36682,1.80037
3477.32733,1.80486
3475.28784,1.81393
3473.24835,1.81069
3471.20886,1.80116
3469.16938,1.79611
3467.12989,1.79681
3465.09040,1.80846
3463.05091,1.82525
3461.01142,1.83236
3458.97193,1.83626
3456.93245,1.84031
3454.89296,1.83318
3452.85347,1.82440
3450.81398,1.82216
3448.77449,1.81930
3446.73501,1.81562
3444.69552,1.81179
3442.65603,1.81009
3440.61654,1.81034
3438.57705,1.80591
3436.53756,1.80373
3434.49808,1.80640
3432.45859,1.79654
3430.41910,1.77672
3428.37961,1.77689
3426.34012,1.79798
3424.30064,1.81119
3422.26115,1.81219
3420.22166,1.81534
3418.18217,1.81337
3416.14268,1.80214
3414.10319,1.79947
3412.06371,1.80838
3410.02422,1.81302
3407.98473,1.81048
3405.94524,1.80325
3403.90575,1.79011
3401.86627,1.78160
3399.82678,1.78815
3397.78729,1.79942
3395.74780,1.80347
3393.70831,1.80182
3391.66882,1.79354
3389.62934,1.78216
3387.58985,1.78315
3385.55036,1.79305
3383.51087,1.79263
3381.47138,1.78356
3379.43190,1.77378
3377.39241,1.76714
3375.35292,1.77197
3373.31343,1.77898
3371.27394,1.77350
3369.23446,1.76770
3367.19497,1.77300
3365.15548,1.78121
3363.11599,1.78899
3361.07650,1.79737
3359.03701,1.80102
3356.99753,1.79489
3354.95804,1.77947
3352.91855,1.76512
3350.87906,1.76255
3348.83957,1.76910
3346.80009,1.77398
3344.76060,1.77371
3342.72111,1.77477
3340.68162,1.77860
3338.64213,1.78077
3336.60264,1.77995
3334.56316,1.77512
3332.52367,1.76854
3330.48418,1.76669
3328.44469,1.76743
3326.40520,1.76621
3324.36572,1.76387
3322.32623,1.76228
3320.28674,1.76548
3318.24725,1.76860
3316.20776,1.76044
3314.16827,1.74865
3312.12879,1.74510
3310.08930,1.74758
3308.04981,1.75372
3306.01032,1.75901
3303.97083,1.75974
3301.93135,1.75615
3299.89186,1.74660
3297.85237,1.73616
3295.81288,1.73243
3293.77339,1.73056
3291.73390,1.72943
3289.69442,1.73232
3287.65493,1.73311
3285.61544,1.72920
3283.57595,1.72630
3281.53646,1.72782
3279.49698,1.73114
3277.45749,1.72886
3275.41800,1.72110
3273.37851,1.71719
3271.33902,1.72100
3269.29953,1.72607
3267.26005,1.72926
3265.22056,1.73269
3263.18107,1.73178
3261.14158,1.72315
3259.10209,1.71545
3257.06261,1.71765
3255.02312,1.72148
3252.98363,1.71663
3250.94414,1.70747
3248.90465,1.69919
3246.86516,1.69812
3244.82568,1.70445
3242.78619,1.70770
3240.74670,1.70744
3238.70721,1.70593
3236.66772,1.70222
3234.62824,1.70197
3232.58875,1.70681
3230.54926,1.71128
3228.50977,1.70993
3226.47028,1.70275
3224.43080,1.69638
3222.39131,1.69185
3220.35182,1.68581
3218.31233,1.68332
3216.27284,1.68875
3214.23335,1.69299
3212.19387,1.68961
3210.15438,1.68477
3208.11489,1.68382
3206.07540,1.68410
3204.03591,1.67927
3201.99643,1.67107
3199.95694,1.66982
3197.91745,1.67607
3195.87796,1.67776
3193.83847,1.67241
3191.79898,1.67165
3189.75950,1.67819
3187.72001,1.68281
3185.68052,1.68289
3183.64103,1.67915
3181.60154,1.67047
3179.56206,1.66496
3177.52257,1.66800
3175.48308,1.66856
3173.44359,1.66064
3171.40410,1.65348
3169.36461,1.65233
3167.32513,1.65677
3165.28564,1.66304
3163.24615,1.66296
3161.20666,1.65498
3159.16717,1.64619
3157.12769,1.64469
3155.08820,1.64910
3153.04871,1.65193
3151.00922,1.65054
3148.96973,1.64664
3146.93024,1.64327
3144.89076,1.64140
3142.85127,1.64080
3140.81178,1.64183
3138.77229,1.64079
3136.73280,1.63186
3134.69332,1.61976
3132.65383,1.61675
3130.61434,1.62196
3128.57485,1.62374
3126.53536,1.61897
3124.49587,1.61350
3122.45639,1.61231
3120.41690,1.61556
3118.37741,1.61583
3116.33792,1.60709
3114.29843,1.59574
3112.25895,1.59021
3110.21946,1.58794
3108.17997,1.58546
3106.14048,1.58555
3104.10099,1.58281
3102.06150,1.57262
3100.02202,1.56376
3097.98253,1.55968
3095.94304,1.55661
3093.90355,1.55506
3091.86406,1.55691
3089.82458,1.55903
3087.78509,1.55585
3085.74560,1.54659
3083.70611,1.53573
3081.66662,1.52981
3079.62714,1.52877
3077.58765,1.52737
3075.54816,1.52472
3073.50867,1.52031
3071.46918,1.51375
3069.42969,1.50767
3067.39021,1.50370
3065.35072,1.49963
3063.31123,1.49241
3061.27174,1.48580
3059.23225,1.48489
3057.19277,1.48482
3055.15328,1.48060
3053.11379,1.47508
3051.07430,1.46873
3049.03481,1.46022
3046.99532,1.45259
3044.95584,1.44743
3042.91635,1.44212
3040.87686,1.43689
3038.83737,1.43433
3036.79788,1.43275
3034.75840,1.42871
3032.71891,1.42270
3030.67942,1.41770
3028.63993,1.41456
3026.60044,1.41134
3024.56095,1.40543
3022.52147,1.39782
3020.48198,1.39151
3018.44249,1.38540
3016.40300,1.37969
3014.36351,1.37889
3012.32403,1.38278
3010.28454,1.38676
3008.24505,1.38924
3006.20556,1.39003
3004.16607,1.38911
3002.12658,1.38909
3000.08710,1.39149
2998.04761,1.39442
2996.00812,1.39630
2993.96863,1.39835
2991.92914,1.40131
2989.88966,1.40741
2987.85017,1.41696
2985.81068,1.42616
2983.77119,1.43398
2981.73170,1.44129
2979.69221,1.44909
2977.65273,1.45875
2975.61324,1.46868
2973.57375,1.47776
2971.53426,1.48588
2969.49477,1.49192
2967.45529,1.50038
2965.41580,1.51731
2963.37631,1.53728
2961.33682,1.55220
2959.29733,1.56438
2957.25784,1.57406
2955.21836,1.57754
2953.17887,1.58114
2951.13938,1.59193
2949.09989,1.60336
2947.06040,1.61037
2945.02092,1.61893
2942.98143,1.62941
2940.94194,1.63545
2938.90245,1.64070
2936.86296,1.64825
2934.82348,1.65131
2932.78399,1.65255
2930.74450,1.65441
2928.70501,1.64908
2926.66552,1.63858
2924.62603,1.63172
2922.58655,1.62752
2920.54706,1.61851
2918.50757,1.60719
2916.46808,1.59907
2914.42859,1.59146
2912.38911,1.58335
2910.34962,1.57767
2908.31013,1.57409
2906.27064,1.57112
2904.23115,1.56921
2902.19166,1.56896
2900.15218,1.56881
2898.11269,1.56553
2896.07320,1.56029
2894.03371,1.55696
2891.99422,1.55503
2889.95474,1.55261
2887.91525,1.55085
2885.87576,1.54701
2883.83627,1.53452
2881.79678,1.51821
2879.75729,1.50823
2877.71781,1.50024
2875.67832,1.48700
2873.63883,1.47371
2871.59934,1.46447
2869.55985,1.45642
2867.52037,1.44769
2865.48088,1.43801
2863.44139,1.42709
2861.40190,1.41684
2859.36241,1.40902
2857.32292,1.40224
2855.28344,1.39533
2853.24395,1.38718
2851.20446,1.37854
2849.16497,1.37080
2847.12548,1.36226
2845.08600,1.35266
2843.04651,1.34381
2841.00702,1.33586
2838.96753,1.32792
2836.92804,1.32015
2834.88855,1.31253
2832.84907,1.30544
2830.80958,1.29859
2828.77009,1.29112
2826.73060,1.28430
2824.69111,1.27737
2822.65163,1.27013
2820.61214,1.26578
2818.57265,1.26271
2816.53316,1.25639
2814.49367,1.24810
2812.45418,1.24112
2810.41470,1.23491
2808.37521,1.22941
2806.33572,1.22595
2804.29623,1.22275
2802.25674,1.21810
2800.21726,1.21313
2798.17777,1.20922
2796.13828,1.20541
2794.09879,1.20081
2792.05930,1.19773
2790.01982,1.19601
2787.98033,1.19384
2785.94084,1.19198
2783.90135,1.19043
2781.86186,1.18860
2779.82237,1.18678
2777.78289,1.18526
2775.74340,1.18353
2773.70391,1.18063
2771.66442,1.17667
2769.62493,1.17249
2767.58545,1.17005
2765.54596,1.16974
2763.50647,1.16953
2761.46698,1.16974
2759.42749,1.17011
2757.38800,1.16916
2755.34852,1.16706
2753.30903,1.16404
2751.26954,1.16157
2749.23005,1.16021
2747.19056,1.15890
2745.15108,1.15797
2743.11159,1.15661
2741.07210,1.15387
2739.03261,1.15106
2736.99312,1.14854
2734.95363,1.14604
2732.91415,1.14463
2730.87466,1.14333
2728.83517,1.13934
2726.79568,1.13360
2724.75619,1.12999
2722.71671,1.12829
2720.67722,1.12464
2718.63773,1.11884
2716.59824,1.11325
2714.55875,1.10861
2712.51926,1.10514
2710.47978,1.10225
2708.44029,1.09813
2706.40080,1.09290
2704.36131,1.08874
2702.32182,1.08618
2700.28234,1.08397
2698.24285,1.08072
2696.20336,1.07538
2694.16387,1.06964
2692.12438,1.06661
2690.08489,1.06487
2688.04541,1.06108
2686.00592,1.05607
2683.96643,1.05189
2681.92694,1.04839
2679.88745,1.04531
2677.84797,1.04286
2675.80848,1.04046
2673.76899,1.03690
2671.72950,1.03123
2669.69001,1.02467
2667.65052,1.01979
2665.61104,1.01644
2663.57155,1.01281
2661.53206,1.00882
2659.49257,1.00405
2657.45308,0.99808
2655.41360,0.99233
2653.37411,0.98682
2651.33462,0.98106
2649.29513,0.97613
2647.25564,0.97154
2645.21616,0.96633
2643.17667,0.96125
2641.13718,0.95669
2639.09769,0.95244
2637.05820,0.94842
2635.01871,0.94363
2632.97923,0.93756
2630.93974,0.93227
2628.90025,0.92859
2626.86076,0.92450
2624.82127,0.91941
2622.78179,0.91478
2620.74230,0.91113
2618.70281,0.90712
2616.66332,0.90259
2614.62383,0.89924
2612.58434,0.89711
2610.54486,0.89487
2608.50537,0.89221
2606.46588,0.88939
2604.42639,0.88670
2602.38690,0.88438
2600.34742,0.88237
2598.30793,0.88091
2596.26844,0.87995
2594.22895,0.87811
2592.18946,0.87477
2590.14997,0.87130
2588.11049,0.86874
2586.07100,0.86691
2584.03151,0.86548
2581.99202,0.86351
2579.95253,0.86048
2577.91305,0.85691
2575.87356,0.85326
2573.83407,0.84988
2571.79458,0.84692
2569.75509,0.84432
2567.71560,0.84147
2565.67612,0.83777
2563.63663,0.83404
2561.59714,0.83077
2559.55765,0.82773
2557.51816,0.82483
2555.47868,0.82134
2553.43919,0.81733
2551.39970,0.81370
2549.36021,0.81015
2547.32072,0.80642
2545.28123,0.80301
2543.24175,0.79988
2541.20226,0.79638
2539.16277,0.79222
2537.12328,0.78792
2535.08379,0.78424
2533.04431,0.78110
2531.00482,0.77787
2528.96533,0.77454
2526.92584,0.77183
2524.88635,0.76944
2522.84686,0.76672
2520.80738,0.76427
2518.76789,0.76203
2516.72840,0.75940
2514.68891,0.75718
2512.64942,0.75559
2510.60994,0.75391
2508.57045,0.75222
2506.53096,0.75051
2504.49147,0.74815
2502.45198,0.74534
2500.41250,0.74319
2498.37301,0.74199
2496.33352,0.74055
2494.29403,0.73793
2492.25454,0.73460
2490.21505,0.73162
2488.17557,0.72935
2486.13608,0.72744
2484.09659,0.72520
2482.05710,0.72212
2480.01761,0.71892
2477.97813,0.71625
2475.93864,0.71385
2473.89915,0.71127
2471.85966,0.70810
2469.82017,0.70434
2467.78068,0.70065
2465.74120,0.69741
2463.70171,0.69409
2461.66222,0.69059
2459.62273,0.68729
2457.58324,0.68412
2455.54376,0.68054
2453.50427,0.67636
2451.46478,0.67244
2449.42529,0.66896
2447.38580,0.66507
2445.34631,0.66082
2443.30683,0.65681
2441.26734,0.65284
2439.22785,0.64871
2437.18836,0.64462
2435.14887,0.64051
2433.10939,0.63672
2431.06990,0.63336
2429.03041,0.62978
2426.99092,0.62604
2424.95143,0.62265
2422.91194,0.61941
2420.87246,0.61601
2418.83297,0.61261
2416.79348,0.60914
2414.75399,0.60564
2412.71450,0.60241
2410.67502,0.59947
2408.63553,0.59662
2406.59604,0.59391
2404.55655,0.59156
2402.51706,0.58948
2400.47757,0.58756
2398.43809,0.58571
2396.39860,0.58376
2394.35911,0.58167
2392.31962,0.57989
2390.28013,0.57862
2388.24065,0.57741
2386.20116,0.57598
2384.16167,0.57481
2382.12218,0.57458
2380.08269,0.57531
2378.04320,0.57632
2376.00372,0.57687
2373.96423,0.57700
2371.92474,0.57721
2369.88525,0.57729
2367.84576,0.57745
2365.80628,0.57813
2363.76679,0.57899
2361.72730,0.57938
2359.68781,0.57833
2357.64832,0.57514
2355.60884,0.57087
2353.56935,0.56775
2351.52986,0.56700
2349.49037,0.56633
2347.45088,0.56275
2345.41139,0.55799
2343.37191,0.55570
2341.33242,0.55539
2339.29293,0.55455
2337.25344,0.55242
2335.21395,0.54952
2333.17447,0.54713
2331.13498,0.54553
2329.09549,0.54393
2327.05600,0.54224
2325.01651,0.54065
2322.97702,0.53902
2320.93754,0.53719
2318.89805,0.53524
2316.85856,0.53327
2314.81907,0.53122
2312.77958,0.52924
2310.74010,0.52768
2308.70061,0.52652
2306.66112,0.52562
2304.62163,0.52476
2302.58214,0.52374
2300.54265,0.52267
2298.50317,0.52178
2296.46368,0.52115
2294.42419,0.52071
2292.38470,0.52031
2290.34521,0.51959
2288.30573,0.51859
2286.26624,0.51802
2284.22675,0.51825
2282.18726,0.51889
2280.14777,0.51952
2278.10828,0.52007
2276.06880,0.52060
2274.02931,0.52122
2271.98982,0.52195
2269.95033,0.52263
2267.91084,0.52313
2265.87136,0.52364
2263.83187,0.52431
2261.79238,0.52493
2259.75289,0.52535
2257.71340,0.52577
2255.67391,0.52626
2253.63443,0.52671
2251.59494,0.52717
2249.55545,0.52791
2247.51596,0.52893
2245.47647,0.53013
2243.43699,0.53106
2241.39750,0.53152
2239.35801,0.53192
2237.31852,0.53252
2235.27903,0.53351
2233.23954,0.53495
2231.20006,0.53621
2229.16057,0.53695
2227.12108,0.53793
2225.08159,0.53937
2223.04210,0.54090
2221.00262,0.54237
2218.96313,0.54358
2216.92364,0.54486
2214.88415,0.54664
2212.84466,0.54841
2210.80518,0.55005
2208.76569,0.55185
2206.72620,0.55384
2204.68671,0.55602
2202.64722,0.55818
2200.60773,0.56014
2198.56825,0.56213
2196.52876,0.56415
2194.48927,0.56610
2192.44978,0.56809
2190.41029,0.56987
2188.37081,0.57154
2186.33132,0.57355
2184.29183,0.57564
2182.25234,0.57774
2180.21285,0.58020
2178.17336,0.58291
2176.13388,0.58554
2174.09439,0.58791
2172.05490,0.59004
2170.01541,0.59217
2167.97592,0.59436
2165.93644,0.59635
2163.89695,0.59801
2161.85746,0.59958
2159.81797,0.60105
2157.77848,0.60224
2155.73899,0.60295
2153.69951,0.60290
2151.66002,0.60258
2149.62053,0.60276
2147.58104,0.60308
2145.54155,0.60301
2143.50207,0.60256
2141.46258,0.60181
2139.42309,0.60095
2137.38360,0.60021
2135.34411,0.59951
2133.30462,0.59884
2131.26514,0.59819
2129.22565,0.59746
2127.18616,0.59685
2125.14667,0.59638
2123.10718,0.59579
2121.06770,0.59547
2119.02821,0.59541
2116.98872,0.59507
2114.94923,0.59446
2112.90974,0.59403
2110.87025,0.59372
2108.83077,0.59333
2106.79128,0.59324
2104.75179,0.59363
2102.71230,0.59417
2100.67281,0.59471
2098.63333,0.59497
2096.59384,0.59497
2094.55435,0.59495
2092.51486,0.59522
2090.47537,0.59557
2088.43588,0.59549
2086.39640,0.59515
2084.35691,0.59485
2082.31742,0.59457
2080.27793,0.59438
2078.23844,0.59406
2076.19896,0.59347
2074.15947,0.59302
2072.11998,0.59268
2070.08049,0.59205
2068.04100,0.59173
2066.00152,0.59230
2063.96203,0.59302
2061.92254,0.59316
2059.88305,0.59289
2057.84356,0.59226
2055.80407,0.59120
2053.76459,0.59019
2051.72510,0.58945
2049.68561,0.58855
2047.64612,0.58703
2045.60663,0.58493
2043.56715,0.58283
2041.52766,0.58057
2039.48817,0.57747
2037.44868,0.57397
2035.40919,0.57079
2033.36970,0.56774
2031.33022,0.56463
2029.29073,0.56146
2027.25124,0.55793
2025.21175,0.55430
2023.17226,0.55111
2021.13278,0.54809
2019.09329,0.54497
2017.05380,0.54173
2015.01431,0.53828
2012.97482,0.53483
2010.93533,0.53181
2008.89585,0.52926
2006.85636,0.52690
2004.81687,0.52482
2002.77738,0.52308
2000.73789,0.52130
1998.69841,0.51957
1996.65892,0.51849
1994.61943,0.51813
1992.57994,0.51792
1990.54045,0.51731
1988.50096,0.51630
1986.46148,0.51531
1984.42199,0.51457
1982.38250,0.51388
1980.34301,0.51320
1978.30352,0.51254
1976.26404,0.51180
1974.22455,0.51112
1972.18506,0.51087
1970.14557,0.51119
1968.10608,0.51163
1966.06659,0.51153
1964.02711,0.51092
1961.98762,0.51051
1959.94813,0.51062
1957.90864,0.51108
1955.86915,0.51160
1953.82967,0.51197
1951.79018,0.51219
1949.75069,0.51244
1947.71120,0.51276
1945.67171,0.51314
1943.63222,0.51341
1941.59274,0.51308
1939.55325,0.51226
1937.51376,0.51148
1935.47427,0.51090
1933.43478,0.51037
1931.39530,0.50985
1929.35581,0.50924
1927.31632,0.50865
1925.27683,0.50861
1923.23734,0.50895
1921.19786,0.50896
1919.15837,0.50873
1917.11888,0.50803
1915.07939,0.50675
1913.03990,0.50582
1911.00041,0.50549
1908.96093,0.50500
1906.92144,0.50400
1904.88195,0.50299
1902.84246,0.50213
1900.80297,0.50132
1898.76349,0.50083
1896.72400,0.50072
1894.68451,0.50076
1892.64502,0.50116
1890.60553,0.50198
1888.56604,0.50247
1886.52656,0.50264
1884.48707,0.50311
1882.44758,0.50389
1880.40809,0.50475
1878.36860,0.50549
1876.32912,0.50593
1874.28963,0.50624
1872.25014,0.50730
1870.21065,0.50923
1868.17116,0.50998
1866.13167,0.50839
1864.09219,0.50620
1862.05270,0.50478
1860.01321,0.50392
1857.97372,0.50309
1855.93423,0.50222
1853.89475,0.50137
1851.85526,0.50066
1849.81577,0.50043
1847.77628,0.50095
1845.73679,0.50168
1843.69730,0.50119
1841.65782,0.49952
1839.61833,0.49839
1837.57884,0.49823
1835.53935,0.49842
1833.49986,0.49914
1831.46038,0.50081
1829.42089,0.50236
1827.38140,0.50296
1825.34191,0.50329
1823.30242,0.50383
1821.26293,0.50468
1819.22345,0.50584
1817.18396,0.50721
1815.14447,0.50900
1813.10498,0.51154
1811.06549,0.51455
1809.02601,0.51722
1806.98652,0.51967
1804.94703,0.52298
1802.90754,0.52765
1800.86805,0.53295
1798.82856,0.53803
1796.78908,0.54354
1794.74959,0.55057
1792.71010,0.55850
1790.67061,0.56513
1788.63112,0.57040
1786.59164,0.57617
1784.55215,0.58274
1782.51266,0.58912
1780.47317,0.59468
1778.43368,0.59934
1776.39420,0.60399
1774.35471,0.60960
1772.31522,0.61522
1770.27573,0.61909
1768.23624,0.62171
1766.19675,0.62454
1764.15727,0.62862
1762.11778,0.63393
1760.07829,0.63960
1758.03880,0.64581
1755.99931,0.65354
1753.95983,0.66359
1751.92034,0.67709
1749.88085,0.69336
1747.84136,0.70957
1745.80187,0.72545
1743.76238,0.74312
1741.72290,0.76330
1739.68341,0.78452
1737.64392,0.80492
1735.60443,0.82552
1733.56494,0.84625
1731.52546,0.86128
1729.48597,0.86958
1727.44648,0.87457
1725.40699,0.87823
1723.36750,0.88122
1721.32801,0.88387
1719.28853,0.88634
1717.24904,0.88801
1715.20955,0.88862
1713.17006,0.88932
1711.13057,0.89187
1709.09109,0.89781
1707.05160,0.90776
1705.01211,0.92040
1702.97262,0.93480
1700.93313,0.95429
1698.89364,0.97992
1696.85416,1.00735
1694.81467,1.03390
1692.77518,1.05793
1690.73569,1.08214
1688.69620,1.10806
1686.65672,1.13475
1684.61723,1.16556
1682.57774,1.19766
1680.53825,1.22256
1678.49876,1.24247
1676.45927,1.26320
1674.41979,1.28674
1672.38030,1.31089
1670.34081,1.33332
1668.30132,1.35264
1666.26183,1.36898
1664.22235,1.38425
1662.18286,1.39772
1660.14337,1.40885
1658.10388,1.41979
1656.06439,1.43105
1654.02490,1.44113
1651.98542,1.44763
1649.94593,1.45225
1647.90644,1.45750
1645.86695,1.46118
1643.82746,1.46193
1641.78798,1.46081
1639.74849,1.45786
1637.70900,1.45319
1635.66951,1.44756
1633.63002,1.44267
1631.59054,1.43842
1629.55105,1.43396
1627.51156,1.42943
1625.47207,1.42339
1623.43258,1.41593
1621.39309,1.41090
1619.35361,1.40836
1617.31412,1.40233
1615.27463,1.39239
1613.23514,1.38557
1611.19565,1.38194
1609.15617,1.37834
1607.11668,1.37536
1605.07719,1.37379
1603.03770,1.37317
1600.99821,1.37321
1598.95872,1.37263
1596.91924,1.37061
1594.87975,1.36905
1592.84026,1.36934
1590.80077,1.36964
1588.76128,1.36853
1586.72180,1.36666
1584.68231,1.36512
1582.64282,1.36454
1580.60333,1.36411
1578.56384,1.36278
1576.52435,1.36082
1574.48487,1.35956
1572.44538,1.35887
1570.40589,1.35618
1568.36640,1.35061
1566.32691,1.34478
1564.28743,1.33971
1562.24794,1.33279
1560.20845,1.31968
1558.16896,1.30257
1556.12947,1.29113
1554.08998,1.28314
1552.05050,1.27484
1550.01101,1.26588
1547.97152,1.25626
1545.93203,1.24651
1543.89254,1.23627
1541.85306,1.22464
1539.81357,1.21319
1537.77408,1.20683
1535.73459,1.20265
1533.69510,1.19462
1531.65561,1.18540
1529.61613,1.17984
1527.57664,1.17594
1525.53715,1.17083
1523.49766,1.16496
1521.45817,1.15983
1519.41869,1.15657
1517.37920,1.15407
1515.33971,1.15074
1513.30022,1.14780
1511.26073,1.14623
1509.22124,1.14356
1507.18176,1.13771
1505.14227,1.13353
1503.10278,1.13462
1501.06329,1.13778
1499.02380,1.14122
1496.98432,1.14630
1494.94483,1.15371
1492.90534,1.16265
1490.86585,1.17322
1488.82636,1.18566
1486.78688,1.20035
1484.74739,1.21841
1482.70790,1.23989
1480.66841,1.26405
1478.62892,1.29080
1476.58943,1.32200
1474.54995,1.36127
1472.51046,1.40927
1470.47097,1.45535
1468.43148,1.49048
1466.39199,1.51841
1464.35251,1.54298
1462.31302,1.56304
1460.27353,1.57630
1458.23404,1.58078
1456.19455,1.57850
1454.15506,1.57567
1452.11558,1.57316
1450.07609,1.57046
1448.03660,1.57010
1445.99711,1.57404
1443.95762,1.57958
1441.91814,1.58298
1439.87865,1.58617
1437.83916,1.59499
1435.79967,1.60885
1433.76018,1.61842
1431.72069,1.62112
1429.68121,1.62325
1427.64172,1.62982
1425.60223,1.63976
1423.56274,1.64932
1421.52325,1.65616
1419.48377,1.66118
1417.44428,1.66571
1415.40479,1.66679
1413.36530,1.66190
1411.32581,1.65487
1409.28632,1.64997
1407.24684,1.64712
1405.20735,1.64660
1403.16786,1.64773
1401.12837,1.64681
1399.08888,1.64358
1397.04940,1.64273
1395.00991,1.64428
1392.97042,1.64299
1390.93093,1.64010
1388.89144,1.64126
1386.85195,1.64698
1384.81247,1.65368
1382.77298,1.66016
1380.73349,1.66673
1378.69400,1.67159
1376.65451,1.67298
1374.61503,1.67302
1372.57554,1.67337
1370.53605,1.67336
1368.49656,1.67438
1366.45707,1.67721
1364.41758,1.67957
1362.37810,1.68041
1360.33861,1.68098
1358.29912,1.67908
1356.25963,1.67363
1354.22014,1.67011
1352.18066,1.67036
1350.14117,1.66934
1348.10168,1.66650
1346.06219,1.66569
1344.02270,1.66825
1341.98322,1.67172
1339.94373,1.67098
1337.90424,1.66556
1335.86475,1.65989
1333.82526,1.65230
1331.78577,1.63966
1329.74629,1.62729
1327.70680,1.62000
1325.66731,1.61377
1323.62782,1.60486
1321.58833,1.59599
1319.54885,1.58649
1317.50936,1.57413
1315.46987,1.56627
1313.43038,1.56498
1311.39089,1.56110
1309.35140,1.55287
1307.31192,1.54718
1305.27243,1.54648
1303.23294,1.54738
1301.19345,1.54642
1299.15396,1.54041
1297.11448,1.53065
1295.07499,1.52341
1293.03550,1.51908
1290.99601,1.51451
1288.95652,1.50860
1286.91703,1.50024
1284.87755,1.49091
1282.83806,1.48404
1280.79857,1.47872
1278.75908,1.47074
1276.71959,1.46203
1274.68011,1.45822
1272.64062,1.45852
1270.60113,1.45974
1268.56164,1.46297
1266.52215,1.46867
1264.48266,1.47285
1262.44318,1.47271
1260.40369,1.47122
1258.36420,1.47369
1256.32471,1.48167
1254.28522,1.48970
1252.24574,1.49447
1250.20625,1.50138
1248.16676,1.51097
1246.12727,1.51448
1244.08778,1.50892
1242.04829,1.50363
1240.00881,1.50461
1237.96932,1.50501
1235.92983,1.49936
1233.89034,1.48931
1231.85085,1.47773
1229.81137,1.46525
1227.77188,1.45010
1225.73239,1.43547
1223.69290,1.42671
1221.65341,1.42303
1219.61392,1.42369
1217.57444,1.43068
1215.53495,1.44077
1213.49546,1.44898
1211.45597,1.45758
1209.41648,1.47112
1207.37700,1.48644
1205.33751,1.49624
1203.29802,1.49586
1201.25853,1.48823
1199.21904,1.48014
1197.17956,1.47401
1195.14007,1.47023
1193.10058,1.46807
1191.06109,1.46707
1189.02160,1.47217
1186.98211,1.48843
1184.94263,1.51589
1182.90314,1.55359
1180.86365,1.60126
1178.82416,1.65584
1176.78467,1.71894
1174.74519,1.79383
1172.70570,1.87366
1170.66621,1.94258
1168.62672,1.98286
1166.58723,1.99844
1164.54774,1.99935
1162.50826,1.97906
1160.46877,1.94546
1158.42928,1.91982
1156.38979,1.90294
1154.35030,1.88149
1152.31082,1.85462
1150.27133,1.82826
1148.23184,1.80573
1146.19235,1.79355
1144.15286,1.79507
1142.11337,1.80037
1140.07389,1.80037
1138.03440,1.80068
1135.99491,1.80343
1133.95542,1.80888
1131.91593,1.82035
1129.87645,1.83325
1127.83696,1.84152
1125.79747,1.84684
1123.75798,1.84946
1121.71849,1.84889
1119.67900,1.84694
1117.63952,1.84512
1115.60003,1.84126
1113.56054,1.83141
1111.52105,1.82633
1109.48156,1.82996
1107.44208,1.83473
1105.40259,1.84347
1103.36310,1.85289
1101.32361,1.85335
1099.28412,1.84909
1097.24463,1.84846
1095.20515,1.85020
1093.16566,1.86068
1091.12617,1.88529
1089.08668,1.90624
1087.04719,1.90050
1085.00771,1.88125
1082.96822,1.87486
1080.92873,1.87488
1078.88924,1.86369
1076.84975,1.84846
1074.81027,1.84520
1072.77078,1.84755
1070.73129,1.85285
1068.69180,1.86755
1066.65231,1.88141
1064.61282,1.88646
1062.57334,1.88502
1060.53385,1.88330
1058.49436,1.86772
1056.45487,1.82443
1054.41538,1.77346
1052.37590,1.73617
1050.33641,1.71200
1048.29692,1.69154
1046.25743,1.66942
1044.21794,1.65535
1042.17845,1.65514
1040.13897,1.66495
1038.09948,1.67646
1036.05999,1.67248
1034.02050,1.65853
1031.98101,1.65439
1029.94153,1.65375
1027.90204,1.64610
1025.86255,1.63303
1023.82306,1.61639
1021.78357,1.60346
1019.74408,1.60069
1017.70460,1.60175
1015.66511,1.60157
1013.62562,1.60040
1011.58613,1.59546
1009.54664,1.58636
1007.50716,1.57863
1005.46767,1.57333
1003.42818,1.56605
1001.38869,1.56158
999.34920,1.56213
997.30971,1.56145
995.27023,1.55629
993.23074,1.54569
991.19125,1.53483
989.15176,1.52284
987.11227,1.49897
985.07279,1.46315
983.03330,1.42301
980.99381,1.38174
978.95432,1.33928
976.91483,1.29667
974.87534,1.25657
972.83586,1.22033
970.79637,1.18854
968.75688,1.16156
966.71739,1.13979
964.67790,1.12300
962.63842,1.10899
960.59893,1.09809
958.55944,1.09233
956.51995,1.09069
954.48046,1.09315
952.44097,1.10336
950.40149,1.12365
948.36200,1.15406
946.32251,1.19369
944.28302,1.23806
942.24353,1.27933
940.20405,1.31122
938.16456,1.33199
936.12507,1.34313
934.08558,1.34949
932.04609,1.35486
930.00661,1.35645
927.96712,1.35214
925.92763,1.34232
923.88814,1.32788
921.84865,1.30968
919.80916,1.28575
917.76968,1.25794
915.73019,1.22995
913.69070,1.20295
911.65121,1.18075
909.61172,1.16559
907.57224,1.15625
905.53275,1.15047
903.49326,1.14546
901.45377,1.14150
899.41428,1.13892
897.37479,1.13554
895.33531,1.12927
893.29582,1.12055
891.25633,1.11240
889.21684,1.10653
887.17735,1.10266
885.13787,1.10088
883.09838,1.10357
881.05889,1.11245
879.01940,1.12931
876.97991,1.15742
874.94042,1.19522
872.90094,1.23811
870.86145,1.28369
868.82196,1.32824
866.78247,1.36511
864.74298,1.38896
862.70350,1.39743
860.66401,1.39123
858.62452,1.37361
856.58503,1.35175
854.54554,1.33335
852.50605,1.31968
850.46657,1.30806
848.42708,1.29663
846.38759,1.28572
844.34810,1.27665
842.30861,1.27017
840.26913,1.26282
838.22964,1.25026
836.19015,1.23560
834.15066,1.22349
832.11117,1.21351
830.07168,1.20591
828.03220,1.20341
825.99271,1.20517
823.95322,1.20920
821.91373,1.21376
819.87424,1.21726
817.83476,1.22233
815.79527,1.23037
813.75578,1.24037
811.71629,1.25184
809.67680,1.26175
807.63731,1.26838
805.59783,1.27522
803.55834,1.28606
801.51885,1.29804
799.47936,1.30855
797.43987,1.32573
795.40039,1.35210
793.36090,1.37540
791.32141,1.38759
789.28192,1.39522
787.24243,1.40535
785.20295,1.41991
783.16346,1.44000
781.12397,1.45960
779.08448,1.47146
777.04499,1.48410
775.00550,1.50416
772.96602,1.52232
770.92653,1.53503
768.88704,1.54658
766.84755,1.54740
764.80806,1.53189
762.76858,1.51780
760.72909,1.51687
758.68960,1.51565
756.65011,1.50152
754.61062,1.48222
752.57113,1.46901
750.53165,1.46302
748.49216,1.46123
746.45267,1.46496
744.41318,1.47367
742.37369,1.47874
740.33421,1.47343
738.29472,1.46706
736.25523,1.47183
734.21574,1.48711
732.17625,1.49990
730.13676,1.50526
728.09728,1.51718
726.05779,1.54423
724.01830,1.57269
721.97881,1.59490
719.93932,1.60911
717.89984,1.60755
715.86035,1.59901
713.82086,1.59910
711.78137,1.59884
709.74188,1.58985
707.70239,1.58244
705.66291,1.57863
703.62342,1.56741
701.58393,1.54884
699.54444,1.53828
697.50495,1.54313
695.46547,1.55107
693.42598,1.55134
691.38649,1.54995
689.34700,1.55482
687.30751,1.56679
685.26802,1.58192
683.22854,1.59080
681.18905,1.58666
679.14956,1.57594
677.11007,1.57257
675.07058,1.57674
673.03110,1.57831
670.99161,1.57463
668.95212,1.56414
666.91263,1.55602
664.87314,1.56158
662.83365,1.57013
660.79417,1.57983
658.75468,1.59332
656.71519,1.60243
654.67570,1.60414
652.63621,1.60459
650.59673,1.60515
648.55724,1.59673
646.51775,1.57756
644.47826,1.56073
642.43877,1.55783
640.39929,1.57166
638.35980,1.59118
636.32031,1.60002
634.28082,1.59222
632.24133,1.57202
630.20184,1.55333
628.16236,1.55455
626.12287,1.57817
624.08338,1.59910
622.04389,1.61025
620.00440,1.60489
617.96492,1.58516
615.92543,1.57883
613.88594,1.57277
611.84645,1.57289
609.80696,1.58815
607.76747,1.59155
605.72799,1.56959
603.68850,1.55786
601.64901,1.59017
599.60952,1.63816
597.57003,1.64213
595.53055,1.61511
593.49106,1.60887
591.45157,1.61492
589.41208,1.60386
587.37259,1.58872
585.33310,1.58597
583.29362,1.56407
581.25413,1.53166
579.21464,1.55405
577.17515,1.58553
575.13566,1.56500
573.09618,1.54491
571.05669,1.52683
569.01720,1.52911
566.97771,1.52292
564.93822,1.48065
562.89873,1.48592
560.85925,1.54919
558.81976,1.54251
556.78027,1.47731
554.74078,1.42749
552.70129,1.42969
550.66181,1.47827
548.62232,1.54374
546.58283,1.62278
544.54334,1.67552
542.50385,1.66389
540.46436,1.66993
538.42488,1.69381
536.38539,1.63929
534.34590,1.52759
532.30641,1.45396
530.26692,1.43110
528.22744,1.43860
526.18795,1.43606
524.14846,1.40480
522.10897,1.37103
520.06948,1.39459
518.02999,1.53647
515.99051,1.74472
513.95102,1.71393
511.91153,1.64812
509.87204,1.51636
507.83255,1.47453
505.79307,1.45825
503.75358,1.24375
501.71409,1.31712
499.67460,1.35513
