3997.39681,0.39255
3995.35732,0.39294
3993.31783,0.39276
3991.27835,0.39216
3989.23886,0.39172
3987.19937,0.39139
3985.15988,0.39072
3983.12039,0.38956
3981.08091,0.38839
3979.04142,0.38763
3977.00193,0.38712
3974.96244,0.38647
3972.92295,0.38561
3970.88346,0.38465
3968.84398,0.38334
3966.80449,0.38139
3964.76500,0.37945
3962.72551,0.37830
3960.68602,0.37775
3958.64654,0.37686
3956.60705,0.37527
3954.56756,0.37378
3952.52807,0.37296
3950.48858,0.37227
3948.44909,0.37112
3946.40961,0.36977
3944.37012,0.36847
3942.33063,0.36723
3940.29114,0.36603
3938.25165,0.36474
3936.21217,0.36362
3934.17268,0.36257
3932.13319,0.36123
3930.09370,0.35953
3928.05421,0.35756
3926.01473,0.35583
3923.97524,0.35455
3921.93575,0.35301
3919.89626,0.35078
3917.85677,0.34854
3915.81728,0.34660
3913.77780,0.34459
3911.73831,0.34266
3909.69882,0.34142
3907.65933,0.34067
3905.61984,0.33965
3903.58036,0.33811
3901.54087,0.33616
3899.50138,0.33415
3897.46189,0.33302
3895.42240,0.33268
3893.38291,0.33174
3891.34343,0.32998
3889.30394,0.32851
3887.26445,0.32726
3885.22496,0.32637
3883.18547,0.32588
3881.14599,0.32490
3879.10650,0.32432
3877.06701,0.32460
3875.02752,0.32491
3872.98803,0.32476
3870.94854,0.32352
3868.90906,0.32234
3866.86957,0.32170
3864.83008,0.32078
3862.79059,0.32011
3860.75110,0.31999
3858.71162,0.32028
3856.67213,0.32007
3854.63264,0.31884
3852.59315,0.31837
3850.55366,0.31879
3848.51417,0.31869
3846.47469,0.31860
3844.43520,0.31933
3842.39571,0.32061
3840.35622,0.32101
3838.31673,0.32006
3836.27725,0.31908
3834.23776,0.31833
3832.19827,0.31762
3830.15878,0.31746
3828.11929,0.31788
3826.07980,0.31903
3824.04032,0.32003
3822.00083,0.32001
3819.96134,0.32045
3817.92185,0.32050
3815.88236,0.31942
3813.84288,0.31919
3811.80339,0.31981
3809.76390,0.32047
3807.72441,0.32136
3805.68492,0.32306
3803.64543,0.32430
3801.60595,0.32489
3799.56646,0.32615
3797.52697,0.32695
3795.48748,0.32715
3793.44799,0.32771
3791.40851,0.32874
3789.36902,0.33027
3787.32953,0.33202
3785.29004,0.33396
3783.25055,0.33577
3781.21107,0.33670
3779.17158,0.33765
3777.13209,0.33960
3775.09260,0.34165
3773.05311,0.34314
3771.01362,0.34456
3768.97414,0.34698
3766.93465,0.35005
3764.89516,0.35258
3762.85567,0.35433
3760.81618,0.35576
3758.77670,0.35803
3756.73721,0.36116
3754.69772,0.36369
3752.65823,0.36517
3750.61874,0.36733
3748.57925,0.37117
3746.53977,0.37416
3744.50028,0.37666
3742.46079,0.38061
3740.42130,0.38367
3738.38181,0.38570
3736.34233,0.38884
3734.30284,0.39257
3732.26335,0.39551
3730.22386,0.39854
3728.18437,0.40218
3726.14488,0.40627
3724.10540,0.41029
3722.06591,0.41393
3720.02642,0.41807
3717.98693,0.42269
3715.94744,0.42714
3713.90796,0.43189
3711.86847,0.43824
3709.82898,0.44596
3707.78949,0.45353
3705.75000,0.46067
3703.71051,0.46755
3701.67103,0.47485
3699.63154,0.48326
3697.59205,0.49254
3695.55256,0.50309
3693.51307,0.51481
3691.47359,0.52690
3689.43410,0.54000
3687.39461,0.55452
3685.35512,0.56894
3683.31563,0.58332
3681.27614,0.59875
3679.23666,0.61524
3677.19717,0.63409
3675.15768,0.65771
3673.11819,0.68216
3671.07870,0.70420
3669.03922,0.72753
3666.99973,0.75075
3664.96024,0.77206
3662.92075,0.79389
3660.88126,0.81696
3658.84177,0.84094
3656.80229,0.86664
3654.76280,0.89344
3652.72331,0.91869
3650.68382,0.94395
3648.64433,0.97278
3646.60485,1.00221
3644.56536,1.02720
3642.52587,1.04867
3640.48638,1.06935
3638.44689,1.09033
3636.40741,1.11264
3634.36792,1.13700
3632.32843,1.16318
3630.28894,1.19013
3628.24945,1.21628
3626.20996,1.23738
3624.17048,1.25320
3622.13099,1.26938
3620.09150,1.28992
3618.05201,1.31350
3616.01252,1.33436
3613.97304,1.35196
3611.93355,1.37187
3609.89406,1.39429
3607.85457,1.41492
3605.81508,1.43177
3603.77559,1.44678
3601.73611,1.46369
3599.69662,1.48088
3597.65713,1.49386
3595.61764,1.50459
3593.57815,1.51670
3591.53867,1.53162
3589.49918,1.55142
3587.45969,1.57131
3585.42020,1.58131
3583.38071,1.58410
3581.34122,1.58821
3579.30174,1.59416
3577.26225,1.60273
3575.22276,1.61835
3573.18327,1.63624
3571.14378,1.64715
3569.10430,1.65241
3567.06481,1.65836
3565.02532,1.66816
3562.98583,1.67964
3560.94634,1.68760
3558.90685,1.68992
3556.86737,1.68700
3554.82788,1.68269
3552.78839,1.68190
3550.74890,1.68379
3548.70941,1.68851
3546.66993,1.70047
3544.63044,1.71682
3542.59095,1.72574
3540.55146,1.71977
3538.51197,1.70456
3536.47248,1.69758
3534.43300,1.70576
3532.39351,1.71559
3530.35402,1.72139
3528.31453,1.73296
3526.27504,1.75227
3524.23556,1.76653
3522.19607,1.76511
3520.15658,1.75339
3518.11709,1.74431
3516.07760,1.74758
3514.03811,1.75643
3511.99863,1.75179
3509.95914,1.73886
3507.91965,1.73671
3505.88016,1.74194
3503.84067,1.74821
3501.80119,1.75206
3499.76170,1.74788
3497.72221,1.74795
3495.68272,1.76109
3493.64323,1.77369
3491.60375,1.77315
3489.56426,1.76450
3487.52477,1.75870
3485.48528,1.76033
3483.44579,1.76390
3481.40630,1.76268
3479.36682,1.75827
3477.32733,1.75581
3475.28784,1.75591
3473.24835,1.75783
3471.20886,1.75889
3469.16938,1.75587
3467.12989,1.75556
3465.09040,1.76222
3463.05091,1.75905
3461.01142,1.74275
3458.97193,1.73741
3456.93245,1.74578
3454.89296,1.74905
3452.85347,1.74455
3450.81398,1.74685
3448.77449,1.76330
3446.73501,1.78063
3444.69552,1.78828
3442.65603,1.78906
3440.61654,1.78471
3438.57705,1.77878
3436.53756,1.77531
3434.49808,1.77019
3432.45859,1.75952
3430.41910,1.75283
3428.37961,1.76070
3426.34012,1.76950
3424.30064,1.76594
3422.26115,1.75410
3420.22166,1.74174
3418.18217,1.73651
3416.14268,1.74052
3414.10319,1.74180
3412.06371,1.73754
3410.02422,1.73956
3407.98473,1.74559
3405.94524,1.74479
3403.90575,1.74216
3401.86627,1.74850
3399.82678,1.75837
3397.78729,1.75996
3395.74780,1.75117
3393.70831,1.74259
3391.66882,1.74130
3389.62934,1.74168
3387.58985,1.74375
3385.55036,1.75068
3383.51087,1.74930
3381.47138,1.73328
3379.43190,1.71741
3377.39241,1.71169
3375.35292,1.71590
3373.31343,1.72527
3371.27394,1.73170
3369.23446,1.73176
3367.19497,1.72944
3365.15548,1.72782
3363.11599,1.72137
3361.07650,1.71199
3359.03701,1.71371
3356.99753,1.72371
3354.95804,1.72718
3352.91855,1.72862
3350.87906,1.73446
3348.83957,1.73745
3346.80009,1.73406
3344.76060,1.72981
3342.72111,1.72655
3340.68162,1.71838
3338.64213,1.70784
3336.60264,1.70550
3334.56316,1.71096
3332.52367,1.71034
3330.48418,1.70135
3328.44469,1.70096
3326.40520,1.71564
3324.36572,1.72977
3322.32623,1.72920
3320.28674,1.71976
3318.24725,1.71536
3316.20776,1.71475
3314.16827,1.70759
3312.12879,1.69590
3310.08930,1.69179
3308.04981,1.69721
3306.01032,1.69999
3303.97083,1.69635
3301.93135,1.69052
3299.89186,1.68500
3297.85237,1.68496
3295.81288,1.68931
3293.77339,1.69300
3291.73390,1.69371
3289.69442,1.68649
3287.65493,1.67249
3285.61544,1.66578
3283.57595,1.67189
3281.53646,1.67803
3279.49698,1.67595
3277.45749,1.67186
3275.41800,1.66833
3273.37851,1.66276
3271.33902,1.66356
3269.29953,1.67661
3267.26005,1.69077
3265.22056,1.69203
3263.18107,1.68227
3261.14158,1.67315
3259.10209,1.66982
3257.06261,1.66754
3255.02312,1.65904
3252.98363,1.64856
3250.94414,1.64420
3248.90465,1.64508
3246.86516,1.64924
3244.82568,1.65558
3242.78619,1.66187
3240.74670,1.66509
3238.70721,1.66155
3236.66772,1.65372
3234.62824,1.64915
3232.58875,1.64802
3230.54926,1.64327
3228.50977,1.63707
3226.47028,1.63636
3224.43080,1.63908
3222.39131,1.64163
3220.35182,1.64133
3218.31233,1.63849
3216.27284,1.63479
3214.23335,1.62973
3212.19387,1.62848
3210.15438,1.63193
3208.11489,1.63448
3206.07540,1.63397
3204.03591,1.62961
3201.99643,1.62512
3199.95694,1.62399
3197.91745,1.62444
3195.87796,1.62600
3193.83847,1.62687
3191.79898,1.62291
3189.75950,1.61728
3187.72001,1.61760
3185.68052,1.62206
3183.64103,1.62487
3181.60154,1.62496
3179.56206,1.62218
3177.52257,1.61690
3175.48308,1.61272
3173.44359,1.61158
3171.40410,1.61263
3169.36461,1.61760
3167.32513,1.61965
3165.28564,1.61135
3163.24615,1.60472
3161.20666,1.60787
3159.16717,1.61413
3157.12769,1.61377
3155.08820,1.60340
3153.04871,1.59132
3151.00922,1.58840
3148.96973,1.59637
3146.93024,1.60453
3144.89076,1.60347
3142.85127,1.59666
3140.81178,1.59158
3138.77229,1.58992
3136.73280,1.58943
3134.69332,1.58636
3132.65383,1.57998
3130.61434,1.57811
3128.57485,1.58260
3126.53536,1.58381
3124.49587,1.57698
3122.45639,1.56760
3120.41690,1.56230
3118.37741,1.56193
3116.33792,1.56319
3114.29843,1.56299
3112.25895,1.56241
3110.21946,1.56277
3108.17997,1.56119
3106.14048,1.55705
3104.10099,1.55291
3102.06150,1.55048
3100.02202,1.54887
3097.98253,1.54347
3095.94304,1.53685
3093.90355,1.53760
3091.86406,1.54166
3089.82458,1.53939
3087.78509,1.53265
3085.74560,1.52834
3083.70611,1.52793
3081.66662,1.52757
3079.62714,1.52551
3077.58765,1.52297
3075.54816,1.51762
3073.50867,1.50964
3071.46918,1.50603
3069.42969,1.50691
3067.39021,1.50511
3065.35072,1.50181
3063.31123,1.50175
3061.27174,1.50015
3059.23225,1.49223
3057.19277,1.48203
3055.15328,1.47548
3053.11379,1.47490
3051.07430,1.47655
3049.03481,1.47444
3046.99532,1.46858
3044.95584,1.46438
3042.91635,1.46204
3040.87686,1.45639
3038.83737,1.44853
3036.79788,1.44304
3034.75840,1.44063
3032.71891,1.43962
3030.67942,1.43758
3028.63993,1.43391
3026.60044,1.43100
3024.56095,1.43009
3022.52147,1.42799
3020.48198,1.42232
3018.44249,1.41522
3016.40300,1.40981
3014.36351,1.40825
3012.32403,1.40880
3010.28454,1.40715
3008.24505,1.40421
3006.20556,1.40338
3004.16607,1.40407
3002.12658,1.40471
3000.08710,1.40565
2998.04761,1.40834
2996.00812,1.41423
2993.96863,1.42108
2991.92914,1.42334
2989.88966,1.42385
2987.85017,1.42936
2985.81068,1.43848
2983.77119,1.44796
2981.73170,1.45570
2979.69221,1.46002
2977.65273,1.46408
2975.61324,1.47094
2973.57375,1.47862
2971.53426,1.48651
2969.49477,1.49758
2967.45529,1.50998
2965.41580,1.51964
2963.37631,1.52751
2961.33682,1.53476
2959.29733,1.54116
2957.25784,1.54733
2955.21836,1.55522
2953.17887,1.56592
2951.13938,1.57852
2949.09989,1.59176
2947.06040,1.60016
2945.02092,1.59932
2942.98143,1.59583
2940.94194,1.59856
2938.90245,1.60391
2936.86296,1.60514
2934.82348,1.60689
2932.78399,1.60943
2930.74450,1.60714
2928.70501,1.60225
2926.66552,1.59953
2924.62603,1.59870
2922.58655,1.59684
2920.54706,1.59372
2918.50757,1.58779
2916.46808,1.57936
2914.42859,1.57239
2912.38911,1.56763
2910.34962,1.56279
2908.31013,1.55760
2906.27064,1.55415
2904.23115,1.55075
2902.19166,1.54748
2900.15218,1.54779
2898.11269,1.54648
2896.07320,1.54059
2894.03371,1.53738
2891.99422,1.53775
2889.95474,1.53640
2887.91525,1.53240
2885.87576,1.52653
2883.83627,1.52054
2881.79678,1.51761
2879.75729,1.51324
2877.71781,1.50202
2875.67832,1.48652
2873.63883,1.47273
2871.59934,1.46507
2869.55985,1.46121
2867.52037,1.45674
2865.48088,1.44945
2863.44139,1.43936
2861.40190,1.42997
2859.36241,1.42201
2857.32292,1.41528
2855.28344,1.41052
2853.24395,1.40560
2851.20446,1.40070
2849.16497,1.39660
2847.12548,1.38897
2845.08600,1.37592
2843.04651,1.36399
2841.00702,1.35773
2838.96753,1.35280
2836.92804,1.34490
2834.88855,1.33573
2832.84907,1.32874
2830.80958,1.32425
2828.77009,1.31943
2826.73060,1.31177
2824.69111,1.30218
2822.65163,1.29302
2820.61214,1.28549
2818.57265,1.28109
2816.53316,1.27933
2814.49367,1.27712
2812.45418,1.27246
2810.41470,1.26664
2808.37521,1.26134
2806.33572,1.25565
2804.29623,1.25117
2802.25674,1.25003
2800.21726,1.24898
2798.17777,1.24452
2796.13828,1.23840
2794.09879,1.23431
2792.05930,1.23215
2790.01982,1.22983
2787.98033,1.22691
2785.94084,1.22356
2783.90135,1.22047
2781.86186,1.21732
2779.82237,1.21379
2777.78289,1.21202
2775.74340,1.21276
2773.70391,1.21478
2771.66442,1.21607
2769.62493,1.21335
2767.58545,1.20739
2765.54596,1.20344
2763.50647,1.20314
2761.46698,1.20384
2759.42749,1.20309
2757.38800,1.20029
2755.34852,1.19678
2753.30903,1.19454
2751.26954,1.19492
2749.23005,1.19609
2747.19056,1.19434
2745.15108,1.19014
2743.11159,1.18695
2741.07210,1.18614
2739.03261,1.18558
2736.99312,1.18327
2734.95363,1.18009
2732.91415,1.17660
2730.87466,1.17270
2728.83517,1.16918
2726.79568,1.16659
2724.75619,1.16420
2722.71671,1.16030
2720.67722,1.15540
2718.63773,1.15137
2716.59824,1.14711
2714.55875,1.14226
2712.51926,1.13866
2710.47978,1.13551
2708.44029,1.13182
2706.40080,1.12825
2704.36131,1.12433
2702.32182,1.11968
2700.28234,1.11546
2698.24285,1.11214
2696.20336,1.10855
2694.16387,1.10440
2692.12438,1.10041
2690.08489,1.09639
2688.04541,1.09284
2686.00592,1.09021
2683.96643,1.08657
2681.92694,1.08162
2679.88745,1.07763
2677.84797,1.07476
2675.80848,1.07238
2673.76899,1.06979
2671.72950,1.06517
2669.69001,1.05953
2667.65052,1.05501
2665.61104,1.05054
2663.57155,1.04508
2661.53206,1.03971
2659.49257,1.03503
2657.45308,1.03109
2655.41360,1.02787
2653.37411,1.02406
2651.33462,1.01910
2649.29513,1.01371
2647.25564,1.00806
2645.21616,1.00241
2643.17667,0.99711
2641.13718,0.99119
2639.09769,0.98452
2637.05820,0.97873
2635.01871,0.97342
2632.97923,0.96782
2630.93974,0.96303
2628.90025,0.95876
2626.86076,0.95383
2624.82127,0.94858
2622.78179,0.94389
2620.74230,0.93965
2618.70281,0.93572
2616.66332,0.93251
2614.62383,0.92924
2612.58434,0.92504
2610.54486,0.92098
2608.50537,0.91831
2606.46588,0.91668
2604.42639,0.91490
2602.38690,0.91246
2600.34742,0.90996
2598.30793,0.90786
2596.26844,0.90652
2594.22895,0.90605
2592.18946,0.90490
2590.14997,0.90161
2588.11049,0.89754
2586.07100,0.89457
2584.03151,0.89228
2581.99202,0.88934
2579.95253,0.88612
2577.91305,0.88352
2575.87356,0.88043
2573.83407,0.87610
2571.79458,0.87238
2569.75509,0.87018
2567.71560,0.86788
2565.67612,0.86460
2563.63663,0.86088
2561.59714,0.85710
2559.55765,0.85341
2557.51816,0.85021
2555.47868,0.84699
2553.43919,0.84297
2551.39970,0.83920
2549.36021,0.83668
2547.32072,0.83416
2545.28123,0.83029
2543.24175,0.82562
2541.20226,0.82117
2539.16277,0.81740
2537.12328,0.81418
2535.08379,0.81103
2533.04431,0.80793
2531.00482,0.80502
2528.96533,0.80105
2526.92584,0.79571
2524.88635,0.79134
2522.84686,0.78881
2520.80738,0.78653
2518.76789,0.78423
2516.72840,0.78250
2514.68891,0.78085
2512.64942,0.77875
2510.60994,0.77626
2508.57045,0.77371
2506.53096,0.77142
2504.49147,0.76945
2502.45198,0.76738
2500.41250,0.76494
2498.37301,0.76224
2496.33352,0.75942
2494.29403,0.75713
2492.25454,0.75535
2490.21505,0.75340
2488.17557,0.75131
2486.13608,0.74898
2484.09659,0.74636
2482.05710,0.74368
2480.01761,0.74060
2477.97813,0.73720
2475.93864,0.73379
2473.89915,0.73014
2471.85966,0.72687
2469.82017,0.72413
2467.78068,0.72087
2465.74120,0.71725
2463.70171,0.71366
2461.66222,0.70971
2459.62273,0.70580
2457.58324,0.70226
2455.54376,0.69847
2453.50427,0.69435
2451.46478,0.69024
2449.42529,0.68601
2447.38580,0.68177
2445.34631,0.67760
2443.30683,0.67329
2441.26734,0.66904
2439.22785,0.66515
2437.18836,0.66121
2435.14887,0.65703
2433.10939,0.65308
2431.06990,0.64911
2429.03041,0.64503
2426.99092,0.64122
2424.95143,0.63734
2422.91194,0.63328
2420.87246,0.62966
2418.83297,0.62670
2416.79348,0.62362
2414.75399,0.61989
2412.71450,0.61622
2410.67502,0.61309
2408.63553,0.61021
2406.59604,0.60743
2404.55655,0.60469
2402.51706,0.60214
2400.47757,0.59977
2398.43809,0.59734
2396.39860,0.59503
2394.35911,0.59301
2392.31962,0.59131
2390.28013,0.58995
2388.24065,0.58899
2386.20116,0.58851
2384.16167,0.58845
2382.12218,0.58855
2380.08269,0.58856
2378.04320,0.58842
2376.00372,0.58839
2373.96423,0.58873
2371.92474,0.58959
2369.88525,0.59109
2367.84576,0.59307
2365.80628,0.59389
2363.76679,0.59214
2361.72730,0.58942
2359.68781,0.58741
2357.64832,0.58490
2355.60884,0.58121
2353.56935,0.57896
2351.52986,0.57992
2349.49037,0.58023
2347.45088,0.57588
2345.41139,0.56998
2343.37191,0.56755
2341.33242,0.56762
2339.29293,0.56706
2337.25344,0.56544
2335.21395,0.56316
2333.17447,0.56072
2331.13498,0.55837
2329.09549,0.55616
2327.05600,0.55436
2325.01651,0.55285
2322.97702,0.55096
2320.93754,0.54851
2318.89805,0.54606
2316.85856,0.54398
2314.81907,0.54240
2312.77958,0.54147
2310.74010,0.54078
2308.70061,0.53961
2306.66112,0.53805
2304.62163,0.53664
2302.58214,0.53562
2300.54265,0.53467
2298.50317,0.53357
2296.46368,0.53260
2294.42419,0.53193
2292.38470,0.53138
2290.34521,0.53083
2288.30573,0.53060
2286.26624,0.53094
2284.22675,0.53163
2282.18726,0.53219
2280.14777,0.53238
2278.10828,0.53237
2276.06880,0.53259
2274.02931,0.53324
2271.98982,0.53422
2269.95033,0.53540
2267.91084,0.53652
2265.87136,0.53742
2263.83187,0.53823
2261.79238,0.53899
2259.75289,0.53958
2257.71340,0.53982
2255.67391,0.53998
2253.63443,0.54058
2251.59494,0.54140
2249.55545,0.54191
2247.51596,0.54246
2245.47647,0.54318
2243.43699,0.54393
2241.39750,0.54470
2239.35801,0.54567
2237.31852,0.54681
2235.27903,0.54787
2233.23954,0.54883
2231.20006,0.54969
2229.16057,0.55040
2227.12108,0.55141
2225.08159,0.55300
2223.04210,0.55484
2221.00262,0.55665
2218.96313,0.55847
2216.92364,0.56033
2214.88415,0.56220
2212.84466,0.56417
2210.80518,0.56597
2208.76569,0.56760
2206.72620,0.56960
2204.68671,0.57170
2202.64722,0.57342
2200.60773,0.57488
2198.56825,0.57650
2196.52876,0.57857
2194.48927,0.58083
2192.44978,0.58302
2190.41029,0.58536
2188.37081,0.58771
2186.33132,0.58964
2184.29183,0.59151
2182.25234,0.59385
2180.21285,0.59652
2178.17336,0.59904
2176.13388,0.60139
2174.09439,0.60402
2172.05490,0.60675
2170.01541,0.60922
2167.97592,0.61131
2165.93644,0.61294
2163.89695,0.61456
2161.85746,0.61629
2159.81797,0.61726
2157.77848,0.61752
2155.73899,0.61804
2153.69951,0.61894
2151.66002,0.61963
2149.62053,0.61989
2147.58104,0.61972
2145.54155,0.61908
2143.50207,0.61818
2141.46258,0.61731
2139.42309,0.61662
2137.38360,0.61619
2135.34411,0.61576
2133.30462,0.61503
2131.26514,0.61424
2129.22565,0.61364
2127.18616,0.61303
2125.14667,0.61229
2123.10718,0.61143
2121.06770,0.61069
2119.02821,0.61036
2116.98872,0.61009
2114.94923,0.60948
2112.90974,0.60890
2110.87025,0.60859
2108.83077,0.60838
2106.79128,0.60832
2104.75179,0.60858
2102.71230,0.60881
2100.67281,0.60889
2098.63333,0.60925
2096.59384,0.60967
2094.55435,0.60969
2092.51486,0.60960
2090.47537,0.60969
2088.43588,0.60959
2086.39640,0.60906
2084.35691,0.60845
2082.31742,0.60803
2080.27793,0.60771
2078.23844,0.60733
2076.19896,0.60699
2074.15947,0.60670
2072.11998,0.60629
2070.08049,0.60577
2068.04100,0.60542
2066.00152,0.60538
2063.96203,0.60545
2061.92254,0.60540
2059.88305,0.60533
2057.84356,0.60512
2055.80407,0.60450
2053.76459,0.60384
2051.72510,0.60328
2049.68561,0.60223
2047.64612,0.60046
2045.60663,0.59829
2043.56715,0.59591
2041.52766,0.59322
2039.48817,0.59015
2037.44868,0.58684
2035.40919,0.58328
2033.36970,0.57956
2031.33022,0.57583
2029.29073,0.57198
2027.25124,0.56811
2025.21175,0.56461
2023.17226,0.56133
2021.13278,0.55798
2019.09329,0.55460
2017.05380,0.55106
2015.01431,0.54748
2012.97482,0.54416
2010.93533,0.54102
2008.89585,0.53807
2006.85636,0.53554
2004.81687,0.53343
2002.77738,0.53144
2000.73789,0.52946
1998.69841,0.52765
1996.65892,0.52629
1994.61943,0.52573
1992.57994,0.52567
1990.54045,0.52527
1988.50096,0.52420
1986.46148,0.52289
1984.42199,0.52182
1982.38250,0.52108
1980.34301,0.52056
1978.30352,0.52012
1976.26404,0.51952
1974.22455,0.51866
1972.18506,0.51806
1970.14557,0.51842
1968.10608,0.51941
1966.06659,0.51981
1964.02711,0.51915
1961.98762,0.51835
1959.94813,0.51836
1957.90864,0.51900
1955.86915,0.51961
1953.82967,0.51996
1951.79018,0.52023
1949.75069,0.52051
1947.71120,0.52084
1945.67171,0.52146
1943.63222,0.52196
1941.59274,0.52163
1939.55325,0.52055
1937.51376,0.51935
1935.47427,0.51837
1933.43478,0.51745
1931.39530,0.51673
1929.35581,0.51636
1927.31632,0.51616
1925.27683,0.51610
1923.23734,0.51620
1921.19786,0.51639
1919.15837,0.51637
1917.11888,0.51592
1915.07939,0.51492
1913.03990,0.51377
1911.00041,0.51302
1908.96093,0.51217
1906.92144,0.51087
1904.88195,0.50972
1902.84246,0.50899
1900.80297,0.50819
1898.76349,0.50751
1896.72400,0.50748
1894.68451,0.50794
1892.64502,0.50855
1890.60553,0.50935
1888.56604,0.51034
1886.52656,0.51103
1884.48707,0.51136
1882.44758,0.51183
1880.40809,0.51245
1878.36860,0.51313
1876.32912,0.51379
1874.28963,0.51462
1872.25014,0.51593
1870.21065,0.51737
1868.17116,0.51780
1866.13167,0.51641
1864.09219,0.51424
1862.05270,0.51282
1860.01321,0.51213
1857.97372,0.51136
1855.93423,0.51022
1853.89475,0.50913
1851.85526,0.50848
1849.81577,0.50845
1847.77628,0.50922
1845.73679,0.51000
1843.69730,0.50967
1841.65782,0.50830
1839.61833,0.50658
1837.57884,0.50531
1835.53935,0.50509
1833.49986,0.50608
1831.46038,0.50776
1829.42089,0.50931
1827.38140,0.51008
1825.34191,0.51023
1823.30242,0.51059
1821.26293,0.51129
1819.22345,0.51211
1817.18396,0.51322
1815.14447,0.51508
1813.10498,0.51783
1811.06549,0.52096
1809.02601,0.52337
1806.98652,0.52486
1804.94703,0.52681
1802.90754,0.53011
1800.86805,0.53398
1798.82856,0.53756
1796.78908,0.54115
1794.74959,0.54516
1792.71010,0.54913
1790.67061,0.55235
1788.63112,0.55485
1786.59164,0.55765
1784.55215,0.56149
1782.51266,0.56572
1780.47317,0.56971
1778.43368,0.57372
1776.39420,0.57828
1774.35471,0.58347
1772.31522,0.58851
1770.27573,0.59234
1768.23624,0.59501
1766.19675,0.59791
1764.15727,0.60175
1762.11778,0.60675
1760.07829,0.61267
1758.03880,0.61890
1755.99931,0.62608
1753.95983,0.63454
1751.92034,0.64488
1749.88085,0.65721
1747.84136,0.66871
1745.80187,0.67846
1743.76238,0.68853
1741.72290,0.69979
1739.68341,0.71203
1737.64392,0.72468
1735.60443,0.73748
1733.56494,0.75118
1731.52546,0.76284
1729.48597,0.77084
1727.44648,0.77829
1725.40699,0.78714
1723.36750,0.79772
1721.32801,0.80957
1719.28853,0.82272
1717.24904,0.83786
1715.20955,0.85245
1713.17006,0.86461
1711.13057,0.87733
1709.09109,0.89374
1707.05160,0.91522
1705.01211,0.94045
1702.97262,0.96573
1700.93313,0.99342
1698.89364,1.02642
1696.85416,1.05915
1694.81467,1.09142
1692.77518,1.12202
1690.73569,1.15064
1688.69620,1.18071
1686.65672,1.21275
1684.61723,1.24781
1682.57774,1.28066
1680.53825,1.30408
1678.49876,1.32453
1676.45927,1.35002
1674.41979,1.37955
1672.38030,1.40526
1670.34081,1.42625
1668.30132,1.44585
1666.26183,1.46168
1664.22235,1.47494
1662.18286,1.48932
1660.14337,1.50430
1658.10388,1.51781
1656.06439,1.52783
1654.02490,1.53309
1651.98542,1.53589
1649.94593,1.53766
1647.90644,1.53737
1645.86695,1.53615
1643.82746,1.53560
1641.78798,1.53589
1639.74849,1.53528
1637.70900,1.53289
1635.66951,1.53019
1633.63002,1.52586
1631.59054,1.51808
1629.55105,1.50951
1627.51156,1.50187
1625.47207,1.49242
1623.43258,1.48028
1621.39309,1.46910
1619.35361,1.45998
1617.31412,1.45137
1615.27463,1.44446
1613.23514,1.44044
1611.19565,1.43892
1609.15617,1.43948
1607.11668,1.44045
1605.07719,1.44077
1603.03770,1.44061
1600.99821,1.44009
1598.95872,1.43957
1596.91924,1.43996
1594.87975,1.44165
1592.84026,1.44462
1590.80077,1.44829
1588.76128,1.45234
1586.72180,1.45829
1584.68231,1.46598
1582.64282,1.47295
1580.60333,1.47920
1578.56384,1.48558
1576.52435,1.49137
1574.48487,1.49680
1572.44538,1.50192
1570.40589,1.50662
1568.36640,1.50951
1566.32691,1.50803
1564.28743,1.50399
1562.24794,1.49840
1560.20845,1.48890
1558.16896,1.47931
1556.12947,1.47321
1554.08998,1.46489
1552.05050,1.45374
1550.01101,1.44150
1547.97152,1.42936
1545.93203,1.41812
1543.89254,1.40643
1541.85306,1.39131
1539.81357,1.37343
1537.77408,1.36030
1535.73459,1.35197
1533.69510,1.34369
1531.65561,1.33421
1529.61613,1.32327
1527.57664,1.31138
1525.53715,1.30057
1523.49766,1.29067
1521.45817,1.28218
1519.41869,1.27747
1517.37920,1.27420
1515.33971,1.26905
1513.30022,1.26161
1511.26073,1.25406
1509.22124,1.24786
1507.18176,1.24238
1505.14227,1.23862
1503.10278,1.23666
1501.06329,1.23527
1499.02380,1.23407
1496.98432,1.23452
1494.94483,1.23859
1492.90534,1.24434
1490.86585,1.25088
1488.82636,1.26090
1486.78688,1.27421
1484.74739,1.28898
1482.70790,1.30675
1480.66841,1.32937
1478.62892,1.35595
1476.58943,1.38715
1474.54995,1.42551
1472.51046,1.46888
1470.47097,1.50824
1468.43148,1.53926
1466.39199,1.56827
1464.35251,1.59900
1462.31302,1.62384
1460.27353,1.63364
1458.23404,1.62967
1456.19455,1.62294
1454.15506,1.62132
1452.11558,1.62145
1450.07609,1.62179
1448.03660,1.62353
1445.99711,1.62511
1443.95762,1.62673
1441.91814,1.63225
1439.87865,1.64358
1437.83916,1.65669
1435.79967,1.66373
1433.76018,1.66328
1431.72069,1.66463
1429.68121,1.67271
1427.64172,1.68068
1425.60223,1.68302
1423.56274,1.68486
1421.52325,1.68969
1419.48377,1.69251
1417.44428,1.69166
1415.40479,1.69299
1413.36530,1.69822
1411.32581,1.70219
1409.28632,1.70218
1407.24684,1.70000
1405.20735,1.69523
1403.16786,1.68837
1401.12837,1.68403
1399.08888,1.68200
1397.04940,1.67645
1395.00991,1.66781
1392.97042,1.66286
1390.93093,1.66392
1388.89144,1.66965
1386.85195,1.67848
1384.81247,1.68482
1382.77298,1.68404
1380.73349,1.68090
1378.69400,1.68346
1376.65451,1.69157
1374.61503,1.69647
1372.57554,1.69503
1370.53605,1.69459
1368.49656,1.69819
1366.45707,1.70143
1364.41758,1.70092
1362.37810,1.69794
1360.33861,1.69543
1358.29912,1.69299
1356.25963,1.69059
1354.22014,1.68909
1352.18066,1.68518
1350.14117,1.68054
1348.10168,1.68274
1346.06219,1.68855
1344.02270,1.68960
1341.98322,1.68903
1339.94373,1.68939
1337.90424,1.68489
1335.86475,1.67719
1333.82526,1.66978
1331.78577,1.66157
1329.74629,1.65384
1327.70680,1.64532
1325.66731,1.63352
1323.62782,1.62296
1321.58833,1.61971
1319.54885,1.61997
1317.50936,1.61561
1315.46987,1.60845
1313.43038,1.60361
1311.39089,1.60006
1309.35140,1.59685
1307.31192,1.59504
1305.27243,1.59395
1303.23294,1.59094
1301.19345,1.58346
1299.15396,1.57367
1297.11448,1.56648
1295.07499,1.56127
1293.03550,1.55384
1290.99601,1.54412
1288.95652,1.53626
1286.91703,1.53082
1284.87755,1.52385
1282.83806,1.51591
1280.79857,1.50916
1278.75908,1.50266
1276.71959,1.49577
1274.68011,1.49020
1272.64062,1.48907
1270.60113,1.49213
1268.56164,1.49635
1266.52215,1.49959
1264.48266,1.50304
1262.44318,1.50858
1260.40369,1.51285
1258.36420,1.51424
1256.32471,1.51728
1254.28522,1.52367
1252.24574,1.52884
1250.20625,1.53003
1248.16676,1.52949
1246.12727,1.53117
1244.08778,1.53452
1242.04829,1.53539
1240.00881,1.53575
1237.96932,1.53638
1235.92983,1.53318
1233.89034,1.52525
1231.85085,1.51268
1229.81137,1.49763
1227.77188,1.48536
1225.73239,1.47617
1223.69290,1.46540
1221.65341,1.45290
1219.61392,1.44493
1217.57444,1.44779
1215.53495,1.45873
1213.49546,1.46905
1211.45597,1.47913
1209.41648,1.49301
1207.37700,1.50549
1205.33751,1.51184
1203.29802,1.51184
1201.25853,1.50542
1199.21904,1.49646
1197.17956,1.48595
1195.14007,1.47198
1193.10058,1.46304
1191.06109,1.46410
1189.02160,1.46837
1186.98211,1.47894
1184.94263,1.50422
1182.90314,1.54258
1180.86365,1.58946
1178.82416,1.64611
1176.78467,1.71842
1174.74519,1.80090
1172.70570,1.87286
1170.66621,1.91995
1168.62672,1.94367
1166.58723,1.95958
1164.54774,1.97526
1162.50826,1.96797
1160.46877,1.93398
1158.42928,1.90492
1156.38979,1.88429
1154.35030,1.85693
1152.31082,1.82666
1150.27133,1.80337
1148.23184,1.78795
1146.19235,1.77525
1144.15286,1.76963
1142.11337,1.77639
1140.07389,1.78079
1138.03440,1.77515
1135.99491,1.77723
1133.95542,1.79526
1131.91593,1.81618
1129.87645,1.82883
1127.83696,1.83223
1125.79747,1.83202
1123.75798,1.83325
1121.71849,1.82687
1119.67900,1.81952
1117.63952,1.82857
1115.60003,1.83693
1113.56054,1.83515
1111.52105,1.83695
1109.48156,1.83816
1107.44208,1.83531
1105.40259,1.83302
1103.36310,1.83164
1101.32361,1.83204
1099.28412,1.83686
1097.24463,1.83438
1095.20515,1.82130
1093.16566,1.82585
1091.12617,1.84692
1089.08668,1.85007
1087.04719,1.84359
1085.00771,1.84754
1082.96822,1.84807
1080.92873,1.83791
1078.88924,1.82281
1076.84975,1.80729
1074.81027,1.80273
1072.77078,1.81355
1070.73129,1.82670
1068.69180,1.83671
1066.65231,1.85534
1064.61282,1.86961
1062.57334,1.86006
1060.53385,1.84400
1058.49436,1.82886
1056.45487,1.80053
1054.41538,1.76106
1052.37590,1.72124
1050.33641,1.68685
1048.29692,1.66359
1046.25743,1.65450
1044.21794,1.65223
1042.17845,1.64429
1040.13897,1.63282
1038.09948,1.62722
1036.05999,1.62685
1034.02050,1.62606
1031.98101,1.62071
1029.94153,1.61133
1027.90204,1.60104
1025.86255,1.59143
1023.82306,1.57889
1021.78357,1.56211
1019.74408,1.54564
1017.70460,1.53774
1015.66511,1.54129
1013.62562,1.54701
1011.58613,1.54981
1009.54664,1.55067
1007.50716,1.54652
1005.46767,1.53841
1003.42818,1.53235
1001.38869,1.52848
999.34920,1.52271
997.30971,1.51799
995.27023,1.51652
993.23074,1.51454
991.19125,1.51001
989.15176,1.50297
987.11227,1.49287
985.07279,1.47669
983.03330,1.44976
980.99381,1.41301
978.95432,1.37530
976.91483,1.34117
974.87534,1.30792
972.83586,1.27462
970.79637,1.24257
968.75688,1.21352
966.71739,1.19007
964.67790,1.17231
962.63842,1.15777
960.59893,1.14633
958.55944,1.13921
956.51995,1.13736
954.48046,1.14265
952.44097,1.15561
950.40149,1.17551
948.36200,1.20456
946.32251,1.24436
944.28302,1.28779
942.24353,1.32483
940.20405,1.35215
938.16456,1.37063
936.12507,1.38203
934.08558,1.38994
932.04609,1.39706
930.00661,1.39823
927.96712,1.39058
925.92763,1.37984
923.88814,1.36886
921.84865,1.35299
919.80916,1.32785
917.76968,1.29864
915.73019,1.27108
913.69070,1.24546
911.65121,1.22319
909.61172,1.20547
907.57224,1.19225
905.53275,1.18499
903.49326,1.18224
901.45377,1.17984
899.41428,1.17661
897.37479,1.17301
895.33531,1.16881
893.29582,1.16144
891.25633,1.15025
889.21684,1.13947
887.17735,1.13214
885.13787,1.12915
883.09838,1.13111
881.05889,1.13993
879.01940,1.15822
876.97991,1.18515
874.94042,1.22042
872.90094,1.26460
870.86145,1.31169
868.82196,1.35497
866.78247,1.38946
864.74298,1.41098
862.70350,1.42119
860.66401,1.41907
858.62452,1.40360
856.58503,1.38465
854.54554,1.37165
852.50605,1.36201
850.46657,1.35102
848.42708,1.34097
846.38759,1.33315
844.34810,1.32313
842.30861,1.31003
840.26913,1.29804
838.22964,1.28668
836.19015,1.27373
834.15066,1.26118
832.11117,1.25114
830.07168,1.24399
828.03220,1.24015
825.99271,1.24053
823.95322,1.24578
821.91373,1.25269
819.87424,1.25754
817.83476,1.26227
815.79527,1.26845
813.75578,1.27411
811.71629,1.28103
809.67680,1.29358
807.63731,1.30894
805.59783,1.32152
803.55834,1.33152
801.51885,1.34171
799.47936,1.35451
797.43987,1.36969
795.40039,1.38414
793.36090,1.39536
791.32141,1.40545
789.28192,1.41784
787.24243,1.43346
785.20295,1.45093
783.16346,1.46708
781.12397,1.47992
779.08448,1.49141
777.04499,1.50933
775.00550,1.53406
772.96602,1.55820
770.92653,1.57496
768.88704,1.58081
766.84755,1.57632
764.80806,1.56244
762.76858,1.54437
760.72909,1.52841
758.68960,1.52102
756.65011,1.52329
754.61062,1.52399
752.57113,1.51723
750.53165,1.50784
748.49216,1.49962
746.45267,1.49717
744.41318,1.49952
742.37369,1.50112
740.33421,1.50034
738.29472,1.50035
736.25523,1.50777
734.21574,1.52100
732.17625,1.53436
730.13676,1.54510
728.09728,1.55192
726.05779,1.55787
724.01830,1.57050
721.97881,1.58990
719.93932,1.60428
717.89984,1.60597
715.86035,1.60326
713.82086,1.60841
711.78137,1.62105
709.74188,1.62803
707.70239,1.62192
705.66291,1.60810
703.62342,1.59645
701.58393,1.58836
699.54444,1.57627
697.50495,1.55831
695.46547,1.54502
693.42598,1.54666
691.38649,1.55966
689.34700,1.57341
687.30751,1.58131
685.26802,1.58067
683.22854,1.57478
681.18905,1.57336
679.14956,1.57891
677.11007,1.58733
675.07058,1.59708
673.03110,1.60495
670.99161,1.60987
668.95212,1.61315
666.91263,1.61405
664.87314,1.62014
662.83365,1.62885
660.79417,1.62918
658.75468,1.61898
656.71519,1.60435
654.67570,1.59714
652.63621,1.59940
650.59673,1.59818
648.55724,1.59070
646.51775,1.58785
644.47826,1.59349
642.43877,1.60223
640.39929,1.61436
638.35980,1.63068
636.32031,1.63979
634.28082,1.62740
632.24133,1.59595
630.20184,1.57368
628.16236,1.58953
626.12287,1.63665
624.08338,1.65612
622.04389,1.64019
620.00440,1.63173
617.96492,1.63693
615.92543,1.63258
613.88594,1.61880
611.84645,1.60780
609.80696,1.58895
607.76747,1.56822
605.72799,1.58034
603.68850,1.61846
601.64901,1.61969
599.60952,1.58578
597.57003,1.58378
595.53055,1.61202
593.49106,1.64196
591.45157,1.65702
589.41208,1.61859
587.37259,1.58689
585.33310,1.59414
583.29362,1.61030
581.25413,1.59382
579.21464,1.55458
577.17515,1.52162
575.13566,1.49673
573.09618,1.49850
571.05669,1.53660
569.01720,1.56992
566.97771,1.54950
564.93822,1.49930
562.89873,1.47203
560.85925,1.47663
558.81976,1.51597
556.78027,1.53200
554.74078,1.49802
552.70129,1.46086
550.66181,1.44862
548.62232,1.45525
546.58283,1.51054
544.54334,1.58613
542.50385,1.57927
540.46436,1.51871
538.42488,1.45759
536.38539,1.44294
534.34590,1.47007
532.30641,1.54442
530.26692,1.64362
528.22744,1.69603
526.18795,1.65621
524.14846,1.50051
522.10897,1.38160
520.06948,1.38980
518.02999,1.47090
515.99051,1.49679
513.95102,1.44369
511.91153,1.36224
509.87204,1.35959
507.83255,1.47000
505.79307,1.39066
503.75358,1.30969
501.71409,1.42720
499.67460,1.40057
