3997.39681,0.38177
3995.35732,0.38135
3993.31783,0.38077
3991.27835,0.38011
3989.23886,0.37968
3987.19937,0.37921
3985.15988,0.37830
3983.12039,0.37729
3981.08091,0.37653
3979.04142,0.37590
3977.00193,0.37534
3974.96244,0.37485
3972.92295,0.37408
3970.88346,0.37287
3968.84398,0.37178
3966.80449,0.37100
3964.76500,0.37004
3962.72551,0.36882
3960.68602,0.36752
3958.64654,0.36601
3956.60705,0.36450
3954.56756,0.36333
3952.52807,0.36230
3950.48858,0.36125
3948.44909,0.36026
3946.40961,0.35919
3944.37012,0.35793
3942.33063,0.35669
3940.29114,0.35554
3938.25165,0.35441
3936.21217,0.35361
3934.17268,0.35300
3932.13319,0.35205
3930.09370,0.35069
3928.05421,0.34917
3926.01473,0.34778
3923.97524,0.34645
3921.93575,0.34472
3919.89626,0.34242
3917.85677,0.33999
3915.81728,0.33776
3913.77780,0.33583
3911.73831,0.33423
3909.69882,0.33297
3907.65933,0.33194
3905.61984,0.33088
3903.58036,0.32951
3901.54087,0.32751
3899.50138,0.32528
3897.46189,0.32381
3895.42240,0.32293
3893.38291,0.32167
3891.34343,0.32017
3889.30394,0.31921
3887.26445,0.31852
3885.22496,0.31818
3883.18547,0.31772
3881.14599,0.31616
3879.10650,0.31484
3877.06701,0.31448
3875.02752,0.31466
3872.98803,0.31495
3870.94854,0.31410
3868.90906,0.31289
3866.86957,0.31232
3864.83008,0.31196
3862.79059,0.31204
3860.75110,0.31237
3858.71162,0.31261
3856.67213,0.31200
3854.63264,0.31049
3852.59315,0.31020
3850.55366,0.31100
3848.51417,0.31102
3846.47469,0.31071
3844.43520,0.31123
3842.39571,0.31259
3840.35622,0.31306
3838.31673,0.31179
3836.27725,0.31029
3834.23776,0.30935
3832.19827,0.30868
3830.15878,0.30876
3828.11929,0.30955
3826.07980,0.31055
3824.04032,0.31083
3822.00083,0.31017
3819.96134,0.31052
3817.92185,0.31118
3815.88236,0.31102
3813.84288,0.31126
3811.80339,0.31165
3809.76390,0.31182
3807.72441,0.31275
3805.68492,0.31494
3803.64543,0.31633
3801.60595,0.31668
3799.56646,0.31814
3797.52697,0.31953
3795.48748,0.32016
3793.44799,0.32103
3791.40851,0.32212
3789.36902,0.32326
3787.32953,0.32452
3785.29004,0.32580
3783.25055,0.32708
3781.21107,0.32822
3779.17158,0.32953
3777.13209,0.33130
3775.09260,0.33309
3773.05311,0.33478
3771.01362,0.33666
3768.97414,0.33926
3766.93465,0.34218
3764.89516,0.34470
3762.85567,0.34682
3760.81618,0.34858
3758.77670,0.35068
3756.73721,0.35334
3754.69772,0.35541
3752.65823,0.35679
3750.61874,0.35965
3748.57925,0.36447
3746.53977,0.36767
3744.50028,0.36955
3742.46079,0.37267
3740.42130,0.37530
3738.38181,0.37700
3736.34233,0.37941
3734.30284,0.38253
3732.26335,0.38587
3730.22386,0.38951
3728.18437,0.39305
3726.14488,0.39659
3724.10540,0.40009
3722.06591,0.40337
3720.02642,0.40716
3717.98693,0.41175
3715.94744,0.41680
3713.90796,0.42221
3711.86847,0.42876
3709.82898,0.43686
3707.78949,0.44480
3705.75000,0.45139
3703.71051,0.45748
3701.67103,0.46489
3699.63154,0.47405
3697.59205,0.48381
3695.55256,0.49414
3693.51307,0.50533
3691.47359,0.51741
3689.43410,0.53108
3687.39461,0.54588
3685.35512,0.55983
3683.31563,0.57326
3681.27614,0.58760
3679.23666,0.60315
3677.19717,0.62173
3675.15768,0.64577
3673.11819,0.67037
3671.07870,0.69182
3669.03922,0.71389
3666.99973,0.73557
3664.96024,0.75559
3662.92075,0.77694
3660.88126,0.80041
3658.84177,0.82486
3656.80229,0.85024
3654.76280,0.87538
3652.72331,0.89863
3650.68382,0.92302
3648.64433,0.95078
3646.60485,0.97803
3644.56536,1.00320
3642.52587,1.02808
3640.48638,1.05199
3638.44689,1.07285
3636.40741,1.09159
3634.36792,1.11130
3632.32843,1.13494
3630.28894,1.16440
3628.24945,1.19666
3626.20996,1.22132
3624.17048,1.23610
3622.13099,1.25064
3620.09150,1.27189
3618.05201,1.29429
3616.01252,1.31158
3613.97304,1.33063
3611.93355,1.35615
3609.89406,1.38051
3607.85457,1.39780
3605.81508,1.41273
3603.77559,1.42952
3601.73611,1.44609
3599.69662,1.46360
3597.65713,1.48623
3595.61764,1.51108
3593.57815,1.53119
3591.53867,1.54304
3589.49918,1.54964
3587.45969,1.55785
3585.42020,1.56891
3583.38071,1.58075
3581.34122,1.59674
3579.30174,1.61782
3577.26225,1.63499
3575.22276,1.64226
3573.18327,1.64595
3571.14378,1.65404
3569.10430,1.66919
3567.06481,1.69010
3565.02532,1.71000
3562.98583,1.71872
3560.94634,1.71820
3558.90685,1.71894
3556.86737,1.71925
3554.82788,1.71413
3552.78839,1.70991
3550.74890,1.71178
3548.70941,1.71718
3546.66993,1.72702
3544.63044,1.74251
3542.59095,1.75480
3540.55146,1.75481
3538.51197,1.74871
3536.47248,1.74892
3534.43300,1.75367
3532.39351,1.75752
3530.35402,1.76383
3528.31453,1.77360
3526.27504,1.78464
3524.23556,1.79141
3522.19607,1.78927
3520.15658,1.78730
3518.11709,1.79328
3516.07760,1.79805
3514.03811,1.79534
3511.99863,1.79750
3509.95914,1.80922
3507.91965,1.81494
3505.88016,1.80419
3503.84067,1.78547
3501.80119,1.77834
3499.76170,1.78614
3497.72221,1.79118
3495.68272,1.78833
3493.64323,1.78294
3491.60375,1.77722
3489.56426,1.77877
3487.52477,1.78676
3485.48528,1.79190
3483.44579,1.79264
3481.40630,1.79314
3479.36682,1.79538
3477.32733,1.79899
3475.28784,1.79714
3473.24835,1.79088
3471.20886,1.79323
3469.16938,1.80149
3467.12989,1.80472
3465.09040,1.80786
3463.05091,1.81181
3461.01142,1.80975
3458.97193,1.80662
3456.93245,1.80683
3454.89296,1.80318
3452.85347,1.79292
3450.81398,1.78635
3448.77449,1.79381
3446.73501,1.81402
3444.69552,1.82658
3442.65603,1.81287
3440.61654,1.78761
3438.57705,1.77651
3436.53756,1.78056
3434.49808,1.78402
3432.45859,1.78619
3430.41910,1.79981
3428.37961,1.81510
3426.34012,1.81115
3424.30064,1.80108
3422.26115,1.79770
3420.22166,1.79082
3418.18217,1.78020
3416.14268,1.77360
3414.10319,1.77233
3412.06371,1.77484
3410.02422,1.77505
3407.98473,1.76521
3405.94524,1.75843
3403.90575,1.76611
3401.86627,1.77387
3399.82678,1.77685
3397.78729,1.78192
3395.74780,1.78353
3393.70831,1.78104
3391.66882,1.78107
3389.62934,1.77957
3387.58985,1.77245
3385.55036,1.76702
3383.51087,1.76524
3381.47138,1.76551
3379.43190,1.77162
3377.39241,1.77583
3375.35292,1.77294
3373.31343,1.77008
3371.27394,1.76831
3369.23446,1.76569
3367.19497,1.75797
3365.15548,1.74345
3363.11599,1.73044
3361.07650,1.73001
3359.03701,1.74640
3356.99753,1.76381
3354.95804,1.75966
3352.91855,1.74318
3350.87906,1.73720
3348.83957,1.74174
3346.80009,1.74547
3344.76060,1.74054
3342.72111,1.73432
3340.68162,1.73655
3338.64213,1.73828
3336.60264,1.73189
3334.56316,1.72659
3332.52367,1.72977
3330.48418,1.73717
3328.44469,1.74159
3326.40520,1.74206
3324.36572,1.74560
3322.32623,1.75076
3320.28674,1.74930
3318.24725,1.74101
3316.20776,1.73070
3314.16827,1.71983
3312.12879,1.70473
3310.08930,1.69302
3308.04981,1.69914
3306.01032,1.71356
3303.97083,1.71219
3301.93135,1.70335
3299.89186,1.70984
3297.85237,1.72335
3295.81288,1.72390
3293.77339,1.71584
3291.73390,1.71786
3289.69442,1.73140
3287.65493,1.74046
3285.61544,1.73128
3283.57595,1.71065
3281.53646,1.70026
3279.49698,1.70618
3277.45749,1.71489
3275.41800,1.71526
3273.37851,1.70685
3271.33902,1.69455
3269.29953,1.68923
3267.26005,1.69218
3265.22056,1.69330
3263.18107,1.69414
3261.14158,1.69924
3259.10209,1.70344
3257.06261,1.70217
3255.02312,1.69743
3252.98363,1.69348
3250.94414,1.69124
3248.90465,1.68862
3246.86516,1.68491
3244.82568,1.68184
3242.78619,1.67837
3240.74670,1.67249
3238.70721,1.66960
3236.66772,1.67467
3234.62824,1.68008
3232.58875,1.67764
3230.54926,1.67337
3228.50977,1.67240
3226.47028,1.66955
3224.43080,1.66536
3222.39131,1.66655
3220.35182,1.67123
3218.31233,1.66884
3216.27284,1.65998
3214.23335,1.65924
3212.19387,1.66786
3210.15438,1.67338
3208.11489,1.67387
3206.07540,1.67350
3204.03591,1.67101
3201.99643,1.66849
3199.95694,1.66880
3197.91745,1.66682
3195.87796,1.66075
3193.83847,1.65700
3191.79898,1.65667
3189.75950,1.65537
3187.72001,1.65347
3185.68052,1.65373
3183.64103,1.65389
3181.60154,1.65127
3179.56206,1.65024
3177.52257,1.65295
3175.48308,1.65289
3173.44359,1.64921
3171.40410,1.64891
3169.36461,1.64988
3167.32513,1.64555
3165.28564,1.64117
3163.24615,1.64043
3161.20666,1.63485
3159.16717,1.62653
3157.12769,1.62694
3155.08820,1.63182
3153.04871,1.63112
3151.00922,1.62823
3148.96973,1.63119
3146.93024,1.63485
3144.89076,1.62872
3142.85127,1.61750
3140.81178,1.61214
3138.77229,1.61094
3136.73280,1.60830
3134.69332,1.60759
3132.65383,1.60858
3130.61434,1.60688
3128.57485,1.60412
3126.53536,1.59931
3124.49587,1.59137
3122.45639,1.58435
3120.41690,1.57982
3118.37741,1.57780
3116.33792,1.58012
3114.29843,1.58301
3112.25895,1.58086
3110.21946,1.57714
3108.17997,1.57431
3106.14048,1.56742
3104.10099,1.55672
3102.06150,1.54936
3100.02202,1.54798
3097.98253,1.54805
3095.94304,1.54428
3093.90355,1.53676
3091.86406,1.53010
3089.82458,1.52697
3087.78509,1.52596
3085.74560,1.52310
3083.70611,1.51798
3081.66662,1.51483
3079.62714,1.51272
3077.58765,1.50991
3075.54816,1.50834
3073.50867,1.50539
3071.46918,1.49881
3069.42969,1.49264
3067.39021,1.48860
3065.35072,1.48266
3063.31123,1.47388
3061.27174,1.46760
3059.23225,1.46463
3057.19277,1.46222
3055.15328,1.46075
3053.11379,1.45734
3051.07430,1.44997
3049.03481,1.44259
3046.99532,1.43777
3044.95584,1.43489
3042.91635,1.43096
3040.87686,1.42381
3038.83737,1.41545
3036.79788,1.40980
3034.75840,1.40810
3032.71891,1.40645
3030.67942,1.40112
3028.63993,1.39395
3026.60044,1.38874
3024.56095,1.38563
3022.52147,1.38214
3020.48198,1.37762
3018.44249,1.37494
3016.40300,1.37592
3014.36351,1.37651
3012.32403,1.37190
3010.28454,1.36508
3008.24505,1.36204
3006.20556,1.36385
3004.16607,1.36775
3002.12658,1.37114
3000.08710,1.37326
2998.04761,1.37404
2996.00812,1.37559
2993.96863,1.37972
2991.92914,1.38348
2989.88966,1.38656
2987.85017,1.39106
2985.81068,1.39884
2983.77119,1.41092
2981.73170,1.42401
2979.69221,1.43339
2977.65273,1.43802
2975.61324,1.44175
2973.57375,1.44893
2971.53426,1.45907
2969.49477,1.46857
2967.45529,1.47756
2965.41580,1.48906
2963.37631,1.50540
2961.33682,1.52410
2959.29733,1.53678
2957.25784,1.54094
2955.21836,1.54484
2953.17887,1.55505
2951.13938,1.56772
2949.09989,1.57742
2947.06040,1.58300
2945.02092,1.58635
2942.98143,1.59277
2940.94194,1.60324
2938.90245,1.61363
2936.86296,1.62134
2934.82348,1.62578
2932.78399,1.62433
2930.74450,1.61927
2928.70501,1.61750
2926.66552,1.61728
2924.62603,1.61310
2922.58655,1.60267
2920.54706,1.59141
2918.50757,1.58402
2916.46808,1.57726
2914.42859,1.57137
2912.38911,1.57055
2910.34962,1.56947
2908.31013,1.56323
2906.27064,1.55969
2904.23115,1.55726
2902.19166,1.54955
2900.15218,1.54217
2898.11269,1.54055
2896.07320,1.54295
2894.03371,1.54117
2891.99422,1.53385
2889.95474,1.52625
2887.91525,1.51809
2885.87576,1.50871
2883.83627,1.49879
2881.79678,1.48862
2879.75729,1.47937
2877.71781,1.47022
2875.67832,1.46043
2873.63883,1.45164
2871.59934,1.44306
2869.55985,1.43150
2867.52037,1.41557
2865.48088,1.40010
2863.44139,1.39065
2861.40190,1.38623
2859.36241,1.38273
2857.32292,1.37606
2855.28344,1.36681
2853.24395,1.35905
2851.20446,1.35301
2849.16497,1.34601
2847.12548,1.33791
2845.08600,1.33060
2843.04651,1.32427
2841.00702,1.31729
2838.96753,1.31020
2836.92804,1.30323
2834.88855,1.29398
2832.84907,1.28382
2830.80958,1.27619
2828.77009,1.27073
2826.73060,1.26381
2824.69111,1.25438
2822.65163,1.24658
2820.61214,1.24185
2818.57265,1.23705
2816.53316,1.23158
2814.49367,1.22638
2812.45418,1.22092
2810.41470,1.21530
2808.37521,1.20954
2806.33572,1.20371
2804.29623,1.19950
2802.25674,1.19703
2800.21726,1.19432
2798.17777,1.19128
2796.13828,1.18809
2794.09879,1.18317
2792.05930,1.17763
2790.01982,1.17415
2787.98033,1.17245
2785.94084,1.17080
2783.90135,1.16874
2781.86186,1.16659
2779.82237,1.16420
2777.78289,1.16159
2775.74340,1.15943
2773.70391,1.15800
2771.66442,1.15741
2769.62493,1.15701
2767.58545,1.15550
2765.54596,1.15320
2763.50647,1.15095
2761.46698,1.15008
2759.42749,1.14979
2757.38800,1.14879
2755.34852,1.14871
2753.30903,1.14773
2751.26954,1.14421
2749.23005,1.14133
2747.19056,1.14020
2745.15108,1.13887
2743.11159,1.13595
2741.07210,1.13168
2739.03261,1.12768
2736.99312,1.12492
2734.95363,1.12267
2732.91415,1.12013
2730.87466,1.11719
2728.83517,1.11372
2726.79568,1.10908
2724.75619,1.10441
2722.71671,1.10129
2720.67722,1.09895
2718.63773,1.09668
2716.59824,1.09435
2714.55875,1.09175
2712.51926,1.08803
2710.47978,1.08255
2708.44029,1.07676
2706.40080,1.07241
2704.36131,1.06929
2702.32182,1.06608
2700.28234,1.06219
2698.24285,1.05818
2696.20336,1.05408
2694.16387,1.04899
2692.12438,1.04458
2690.08489,1.04254
2688.04541,1.04048
2686.00592,1.03680
2683.96643,1.03253
2681.92694,1.02845
2679.88745,1.02472
2677.84797,1.02110
2675.80848,1.01727
2673.76899,1.01326
2671.72950,1.00923
2669.69001,1.00548
2667.65052,1.00165
2665.61104,0.99683
2663.57155,0.99187
2661.53206,0.98821
2659.49257,0.98450
2657.45308,0.97922
2655.41360,0.97353
2653.37411,0.96866
2651.33462,0.96365
2649.29513,0.95787
2647.25564,0.95253
2645.21616,0.94818
2643.17667,0.94377
2641.13718,0.93882
2639.09769,0.93350
2637.05820,0.92751
2635.01871,0.92148
2632.97923,0.91641
2630.93974,0.91189
2628.90025,0.90699
2626.86076,0.90178
2624.82127,0.89685
2622.78179,0.89204
2620.74230,0.88783
2618.70281,0.88484
2616.66332,0.88231
2614.62383,0.87949
2612.58434,0.87632
2610.54486,0.87256
2608.50537,0.86842
2606.46588,0.86519
2604.42639,0.86338
2602.38690,0.86209
2600.34742,0.86087
2598.30793,0.85961
2596.26844,0.85783
2594.22895,0.85557
2592.18946,0.85323
2590.14997,0.85070
2588.11049,0.84787
2586.07100,0.84553
2584.03151,0.84404
2581.99202,0.84216
2579.95253,0.83940
2577.91305,0.83579
2575.87356,0.83176
2573.83407,0.82874
2571.79458,0.82623
2569.75509,0.82309
2567.71560,0.81999
2565.67612,0.81724
2563.63663,0.81441
2561.59714,0.81114
2559.55765,0.80718
2557.51816,0.80326
2555.47868,0.80014
2553.43919,0.79713
2551.39970,0.79374
2549.36021,0.79052
2547.32072,0.78757
2545.28123,0.78451
2543.24175,0.78111
2541.20226,0.77741
2539.16277,0.77355
2537.12328,0.76958
2535.08379,0.76570
2533.04431,0.76214
2531.00482,0.75876
2528.96533,0.75544
2526.92584,0.75255
2524.88635,0.75028
2522.84686,0.74846
2520.80738,0.74660
2518.76789,0.74378
2516.72840,0.74009
2514.68891,0.73710
2512.64942,0.73546
2510.60994,0.73416
2508.57045,0.73233
2506.53096,0.72979
2504.49147,0.72729
2502.45198,0.72545
2500.41250,0.72366
2498.37301,0.72196
2496.33352,0.72058
2494.29403,0.71878
2492.25454,0.71609
2490.21505,0.71331
2488.17557,0.71095
2486.13608,0.70855
2484.09659,0.70645
2482.05710,0.70439
2480.01761,0.70130
2477.97813,0.69777
2475.93864,0.69465
2473.89915,0.69177
2471.85966,0.68906
2469.82017,0.68605
2467.78068,0.68216
2465.74120,0.67821
2463.70171,0.67505
2461.66222,0.67229
2459.62273,0.66916
2457.58324,0.66547
2455.54376,0.66155
2453.50427,0.65769
2451.46478,0.65379
2449.42529,0.64983
2447.38580,0.64605
2445.34631,0.64235
2443.30683,0.63861
2441.26734,0.63482
2439.22785,0.63068
2437.18836,0.62641
2435.14887,0.62247
2433.10939,0.61877
2431.06990,0.61507
2429.03041,0.61139
2426.99092,0.60784
2424.95143,0.60427
2422.91194,0.60055
2420.87246,0.59709
2418.83297,0.59425
2416.79348,0.59157
2414.75399,0.58820
2412.71450,0.58464
2410.67502,0.58198
2408.63553,0.57980
2406.59604,0.57728
2404.55655,0.57464
2402.51706,0.57211
2400.47757,0.56967
2398.43809,0.56761
2396.39860,0.56586
2394.35911,0.56408
2392.31962,0.56218
2390.28013,0.56048
2388.24065,0.55926
2386.20116,0.55861
2384.16167,0.55838
2382.12218,0.55830
2380.08269,0.55823
2378.04320,0.55840
2376.00372,0.55902
2373.96423,0.56000
2371.92474,0.56107
2369.88525,0.56179
2367.84576,0.56194
2365.80628,0.56189
2363.76679,0.56208
2361.72730,0.56204
2359.68781,0.56035
2357.64832,0.55641
2355.60884,0.55182
2353.56935,0.54947
2351.52986,0.55046
2349.49037,0.55118
2347.45088,0.54770
2345.41139,0.54242
2343.37191,0.53992
2341.33242,0.53967
2339.29293,0.53918
2337.25344,0.53771
2335.21395,0.53545
2333.17447,0.53318
2331.13498,0.53114
2329.09549,0.52931
2327.05600,0.52821
2325.01651,0.52756
2322.97702,0.52623
2320.93754,0.52401
2318.89805,0.52165
2316.85856,0.51957
2314.81907,0.51782
2312.77958,0.51643
2310.74010,0.51523
2308.70061,0.51400
2306.66112,0.51270
2304.62163,0.51145
2302.58214,0.51037
2300.54265,0.50958
2298.50317,0.50897
2296.46368,0.50817
2294.42419,0.50717
2292.38470,0.50649
2290.34521,0.50637
2288.30573,0.50642
2286.26624,0.50634
2284.22675,0.50627
2282.18726,0.50644
2280.14777,0.50701
2278.10828,0.50787
2276.06880,0.50875
2274.02931,0.50956
2271.98982,0.51037
2269.95033,0.51122
2267.91084,0.51211
2265.87136,0.51302
2263.83187,0.51402
2261.79238,0.51505
2259.75289,0.51581
2257.71340,0.51611
2255.67391,0.51613
2253.63443,0.51639
2251.59494,0.51711
2249.55545,0.51817
2247.51596,0.51919
2245.47647,0.51991
2243.43699,0.52044
2241.39750,0.52106
2239.35801,0.52200
2237.31852,0.52324
2235.27903,0.52443
2233.23954,0.52531
2231.20006,0.52614
2229.16057,0.52707
2227.12108,0.52795
2225.08159,0.52904
2223.04210,0.53056
2221.00262,0.53229
2218.96313,0.53394
2216.92364,0.53549
2214.88415,0.53718
2212.84466,0.53913
2210.80518,0.54130
2208.76569,0.54352
2206.72620,0.54556
2204.68671,0.54760
2202.64722,0.54976
2200.60773,0.55186
2198.56825,0.55376
2196.52876,0.55523
2194.48927,0.55656
2192.44978,0.55833
2190.41029,0.56047
2188.37081,0.56291
2186.33132,0.56550
2184.29183,0.56778
2182.25234,0.56988
2180.21285,0.57217
2178.17336,0.57454
2176.13388,0.57668
2174.09439,0.57867
2172.05490,0.58063
2170.01541,0.58251
2167.97592,0.58468
2165.93644,0.58705
2163.89695,0.58905
2161.85746,0.59071
2159.81797,0.59209
2157.77848,0.59295
2155.73899,0.59345
2153.69951,0.59405
2151.66002,0.59447
2149.62053,0.59427
2147.58104,0.59391
2145.54155,0.59376
2143.50207,0.59345
2141.46258,0.59287
2139.42309,0.59231
2137.38360,0.59165
2135.34411,0.59078
2133.30462,0.59017
2131.26514,0.58986
2129.22565,0.58944
2127.18616,0.58876
2125.14667,0.58814
2123.10718,0.58781
2121.06770,0.58737
2119.02821,0.58655
2116.98872,0.58560
2114.94923,0.58493
2112.90974,0.58454
2110.87025,0.58414
2108.83077,0.58384
2106.79128,0.58397
2104.75179,0.58452
2102.71230,0.58486
2100.67281,0.58491
2098.63333,0.58532
2096.59384,0.58584
2094.55435,0.58588
2092.51486,0.58549
2090.47537,0.58534
2088.43588,0.58548
2086.39640,0.58530
2084.35691,0.58480
2082.31742,0.58417
2080.27793,0.58361
2078.23844,0.58334
2076.19896,0.58300
2074.15947,0.58248
2072.11998,0.58225
2070.08049,0.58230
2068.04100,0.58231
2066.00152,0.58206
2063.96203,0.58165
2061.92254,0.58163
2059.88305,0.58203
2057.84356,0.58202
2055.80407,0.58126
2053.76459,0.58036
2051.72510,0.57958
2049.68561,0.57842
2047.64612,0.57678
2045.60663,0.57483
2043.56715,0.57248
2041.52766,0.56972
2039.48817,0.56668
2037.44868,0.56347
2035.40919,0.56028
2033.36970,0.55722
2031.33022,0.55411
2029.29073,0.55061
2027.25124,0.54679
2025.21175,0.54308
2023.17226,0.53969
2021.13278,0.53652
2019.09329,0.53331
2017.05380,0.53010
2015.01431,0.52717
2012.97482,0.52423
2010.93533,0.52085
2008.89585,0.51754
2006.85636,0.51498
2004.81687,0.51293
2002.77738,0.51090
2000.73789,0.50912
1998.69841,0.50795
1996.65892,0.50718
1994.61943,0.50656
1992.57994,0.50606
1990.54045,0.50550
1988.50096,0.50460
1986.46148,0.50338
1984.42199,0.50214
1982.38250,0.50122
1980.34301,0.50066
1978.30352,0.50018
1976.26404,0.49964
1974.22455,0.49927
1972.18506,0.49925
1970.14557,0.49954
1968.10608,0.49986
1966.06659,0.49971
1964.02711,0.49908
1961.98762,0.49862
1959.94813,0.49870
1957.90864,0.49902
1955.86915,0.49926
1953.82967,0.49942
1951.79018,0.49963
1949.75069,0.49994
1947.71120,0.50040
1945.67171,0.50105
1943.63222,0.50161
1941.59274,0.50150
1939.55325,0.50066
1937.51376,0.49980
1935.47427,0.49900
1933.43478,0.49804
1931.39530,0.49734
1929.35581,0.49701
1927.31632,0.49682
1925.27683,0.49679
1923.23734,0.49681
1921.19786,0.49672
1919.15837,0.49646
1917.11888,0.49604
1915.07939,0.49516
1913.03990,0.49418
1911.00041,0.49375
1908.96093,0.49327
1906.92144,0.49218
1904.88195,0.49084
1902.84246,0.48960
1900.80297,0.48858
1898.76349,0.48816
1896.72400,0.48844
1894.68451,0.48888
1892.64502,0.48917
1890.60553,0.48951
1888.56604,0.49006
1886.52656,0.49053
1884.48707,0.49098
1882.44758,0.49177
1880.40809,0.49258
1878.36860,0.49311
1876.32912,0.49352
1874.28963,0.49409
1872.25014,0.49513
1870.21065,0.49641
1868.17116,0.49674
1866.13167,0.49531
1864.09219,0.49309
1862.05270,0.49148
1860.01321,0.49070
1857.97372,0.49023
1855.93423,0.48948
1853.89475,0.48839
1851.85526,0.48757
1849.81577,0.48754
1847.77628,0.48829
1845.73679,0.48893
1843.69730,0.48849
1841.65782,0.48706
1839.61833,0.48540
1837.57884,0.48426
1835.53935,0.48409
1833.49986,0.48503
1831.46038,0.48669
1829.42089,0.48822
1827.38140,0.48886
1825.34191,0.48886
1823.30242,0.48911
1821.26293,0.48981
1819.22345,0.49080
1817.18396,0.49209
1815.14447,0.49376
1813.10498,0.49590
1811.06549,0.49832
1809.02601,0.50049
1806.98652,0.50231
1804.94703,0.50452
1802.90754,0.50775
1800.86805,0.51152
1798.82856,0.51484
1796.78908,0.51775
1794.74959,0.52116
1792.71010,0.52495
1790.67061,0.52792
1788.63112,0.52983
1786.59164,0.53195
1784.55215,0.53509
1782.51266,0.53862
1780.47317,0.54217
1778.43368,0.54596
1776.39420,0.55005
1774.35471,0.55448
1772.31522,0.55912
1770.27573,0.56281
1768.23624,0.56524
1766.19675,0.56793
1764.15727,0.57172
1762.11778,0.57690
1760.07829,0.58316
1758.03880,0.58937
1755.99931,0.59563
1753.95983,0.60246
1751.92034,0.61094
1749.88085,0.62144
1747.84136,0.63129
1745.80187,0.63931
1743.76238,0.64718
1741.72290,0.65604
1739.68341,0.66613
1737.64392,0.67667
1735.60443,0.68716
1733.56494,0.69860
1731.52546,0.70848
1729.48597,0.71505
1727.44648,0.72144
1725.40699,0.72983
1723.36750,0.74012
1721.32801,0.75146
1719.28853,0.76455
1717.24904,0.78038
1715.20955,0.79536
1713.17006,0.80754
1711.13057,0.82049
1709.09109,0.83677
1707.05160,0.85684
1705.01211,0.87954
1702.97262,0.90301
1700.93313,0.93055
1698.89364,0.96287
1696.85416,0.99168
1694.81467,1.01741
1692.77518,1.04209
1690.73569,1.06698
1688.69620,1.09385
1686.65672,1.12169
1684.61723,1.15358
1682.57774,1.18683
1680.53825,1.21151
1678.49876,1.23069
1676.45927,1.25149
1674.41979,1.27487
1672.38030,1.29686
1670.34081,1.31747
1668.30132,1.33917
1666.26183,1.35770
1664.22235,1.37199
1662.18286,1.38655
1660.14337,1.40128
1658.10388,1.41316
1656.06439,1.42050
1654.02490,1.42384
1651.98542,1.42959
1649.94593,1.43901
1647.90644,1.44603
1645.86695,1.44996
1643.82746,1.45218
1641.78798,1.45278
1639.74849,1.45229
1637.70900,1.44984
1635.66951,1.44403
1633.63002,1.43634
1631.59054,1.42825
1629.55105,1.41969
1627.51156,1.41109
1625.47207,1.40112
1623.43258,1.38944
1621.39309,1.37965
1619.35361,1.37187
1617.31412,1.36277
1615.27463,1.35377
1613.23514,1.34808
1611.19565,1.34483
1609.15617,1.34236
1607.11668,1.33998
1605.07719,1.33758
1603.03770,1.33494
1600.99821,1.33328
1598.95872,1.33408
1596.91924,1.33614
1594.87975,1.33802
1592.84026,1.33996
1590.80077,1.34187
1588.76128,1.34304
1586.72180,1.34400
1584.68231,1.34641
1582.64282,1.35188
1580.60333,1.35896
1578.56384,1.36388
1576.52435,1.36700
1574.48487,1.37137
1572.44538,1.37649
1570.40589,1.38103
1568.36640,1.38225
1566.32691,1.37941
1564.28743,1.37743
1562.24794,1.37663
1560.20845,1.37077
1558.16896,1.35865
1556.12947,1.34731
1554.08998,1.33829
1552.05050,1.32906
1550.01101,1.31767
1547.97152,1.30522
1545.93203,1.29433
1543.89254,1.28511
1541.85306,1.27423
1539.81357,1.25917
1537.77408,1.24420
1535.73459,1.23156
1533.69510,1.21970
1531.65561,1.21024
1529.61613,1.20431
1527.57664,1.19948
1525.53715,1.19435
1523.49766,1.18905
1521.45817,1.18366
1519.41869,1.17870
1517.37920,1.17339
1515.33971,1.16784
1513.30022,1.16357
1511.26073,1.16046
1509.22124,1.15626
1507.18176,1.15037
1505.14227,1.14723
1503.10278,1.14624
1501.06329,1.14437
1499.02380,1.14439
1496.98432,1.14911
1494.94483,1.15568
1492.90534,1.16146
1490.86585,1.16917
1488.82636,1.18145
1486.78688,1.19615
1484.74739,1.21170
1482.70790,1.22958
1480.66841,1.25137
1478.62892,1.27747
1476.58943,1.30854
1474.54995,1.34547
1472.51046,1.38879
1470.47097,1.43257
1468.43148,1.46746
1466.39199,1.49556
1464.35251,1.52235
1462.31302,1.54442
1460.27353,1.55578
1458.23404,1.55779
1456.19455,1.55725
1454.15506,1.55712
1452.11558,1.55639
1450.07609,1.55589
1448.03660,1.55600
1445.99711,1.55686
1443.95762,1.56012
1441.91814,1.56693
1439.87865,1.57671
1437.83916,1.58820
1435.79967,1.59840
1433.76018,1.60198
1431.72069,1.60123
1429.68121,1.60403
1427.64172,1.61170
1425.60223,1.62086
1423.56274,1.62981
1421.52325,1.63630
1419.48377,1.64099
1417.44428,1.64351
1415.40479,1.64024
1413.36530,1.63511
1411.32581,1.63304
1409.28632,1.63366
1407.24684,1.63507
1405.20735,1.63582
1403.16786,1.63446
1401.12837,1.62910
1399.08888,1.61955
1397.04940,1.60978
1395.00991,1.60644
1392.97042,1.61205
1390.93093,1.61804
1388.89144,1.61693
1386.85195,1.61382
1384.81247,1.61646
1382.77298,1.62520
1380.73349,1.63420
1378.69400,1.63865
1376.65451,1.64097
1374.61503,1.64680
1372.57554,1.65423
1370.53605,1.65532
1368.49656,1.65086
1366.45707,1.64832
1364.41758,1.65022
1362.37810,1.65510
1360.33861,1.65954
1358.29912,1.65958
1356.25963,1.65593
1354.22014,1.64917
1352.18066,1.64005
1350.14117,1.63405
1348.10168,1.63358
1346.06219,1.63417
1344.02270,1.63328
1341.98322,1.63473
1339.94373,1.63839
1337.90424,1.63885
1335.86475,1.63601
1333.82526,1.63036
1331.78577,1.62057
1329.74629,1.61020
1327.70680,1.60159
1325.66731,1.59049
1323.62782,1.57771
1321.58833,1.56889
1319.54885,1.56287
1317.50936,1.55631
1315.46987,1.54946
1313.43038,1.54278
1311.39089,1.53665
1309.35140,1.53309
1307.31192,1.53270
1305.27243,1.53093
1303.23294,1.52459
1301.19345,1.51828
1299.15396,1.51568
1297.11448,1.51224
1295.07499,1.50494
1293.03550,1.49672
1290.99601,1.48745
1288.95652,1.47643
1286.91703,1.46567
1284.87755,1.45678
1282.83806,1.45024
1280.79857,1.44279
1278.75908,1.43251
1276.71959,1.42455
1274.68011,1.42216
1272.64062,1.42246
1270.60113,1.42412
1268.56164,1.42765
1266.52215,1.42983
1264.48266,1.42851
1262.44318,1.42895
1260.40369,1.43464
1258.36420,1.44175
1256.32471,1.44788
1254.28522,1.45276
1252.24574,1.45740
1250.20625,1.46452
1248.16676,1.47199
1246.12727,1.47603
1244.08778,1.47622
1242.04829,1.47449
1240.00881,1.47252
1237.96932,1.46842
1235.92983,1.46164
1233.89034,1.45285
1231.85085,1.44215
1229.81137,1.43177
1227.77188,1.42230
1225.73239,1.41395
1223.69290,1.40679
1221.65341,1.39965
1219.61392,1.39351
1217.57444,1.39243
1215.53495,1.40031
1213.49546,1.41327
1211.45597,1.42576
1209.41648,1.43907
1207.37700,1.45269
1205.33751,1.46294
1203.29802,1.46696
1201.25853,1.46232
1199.21904,1.45135
1197.17956,1.44018
1195.14007,1.43184
1193.10058,1.42639
1191.06109,1.42460
1189.02160,1.42997
1186.98211,1.44592
1184.94263,1.47212
1182.90314,1.50728
1180.86365,1.55180
1178.82416,1.60737
1176.78467,1.67559
1174.74519,1.75548
1172.70570,1.83580
1170.66621,1.89880
1168.62672,1.93943
1166.58723,1.96797
1164.54774,1.98253
1162.50826,1.96729
1160.46877,1.93749
1158.42928,1.90945
1156.38979,1.87564
1154.35030,1.84168
1152.31082,1.81679
1150.27133,1.79789
1148.23184,1.78152
1146.19235,1.77120
1144.15286,1.76747
1142.11337,1.76518
1140.07389,1.76619
1138.03440,1.77575
1135.99491,1.78920
1133.95542,1.79267
1131.91593,1.78545
1129.87645,1.78506
1127.83696,1.79581
1125.79747,1.80292
1123.75798,1.80049
1121.71849,1.79774
1119.67900,1.80019
1117.63952,1.80959
1115.60003,1.82536
1113.56054,1.84048
1111.52105,1.84914
1109.48156,1.84715
1107.44208,1.83356
1105.40259,1.82198
1103.36310,1.81741
1101.32361,1.81456
1099.28412,1.81721
1097.24463,1.82293
1095.20515,1.82555
1093.16566,1.83173
1091.12617,1.84423
1089.08668,1.85371
1087.04719,1.85279
1085.00771,1.84813
1082.96822,1.84569
1080.92873,1.83557
1078.88924,1.81710
1076.84975,1.79913
1074.81027,1.78621
1072.77078,1.78962
1070.73129,1.81198
1068.69180,1.83029
1066.65231,1.83329
1064.61282,1.83731
1062.57334,1.84712
1060.53385,1.84879
1058.49436,1.82828
1056.45487,1.79004
1054.41538,1.74847
1052.37590,1.70830
1050.33641,1.67591
1048.29692,1.65293
1046.25743,1.63601
1044.21794,1.63184
1042.17845,1.63873
1040.13897,1.64522
1038.09948,1.64547
1036.05999,1.63872
1034.02050,1.63035
1031.98101,1.62303
1029.94153,1.61000
1027.90204,1.59084
1025.86255,1.57450
1023.82306,1.56465
1021.78357,1.55836
1019.74408,1.55352
1017.70460,1.55455
1015.66511,1.55999
1013.62562,1.56103
1011.58613,1.55532
1009.54664,1.54725
1007.50716,1.54116
1005.46767,1.53720
1003.42818,1.53469
1001.38869,1.53299
999.34920,1.52869
997.30971,1.52298
995.27023,1.52024
993.23074,1.51429
991.19125,1.50012
989.15176,1.48497
987.11227,1.46896
985.07279,1.44433
983.03330,1.40750
980.99381,1.36311
978.95432,1.31940
976.91483,1.27674
974.87534,1.23308
972.83586,1.19335
970.79637,1.16176
968.75688,1.13638
966.71739,1.11500
964.67790,1.09718
962.63842,1.08204
960.59893,1.07063
958.55944,1.06545
956.51995,1.06566
954.48046,1.07032
952.44097,1.08198
950.40149,1.10283
948.36200,1.13303
946.32251,1.17074
944.28302,1.21143
942.24353,1.24879
940.20405,1.27827
938.16456,1.29877
936.12507,1.31172
934.08558,1.32130
932.04609,1.32864
930.00661,1.32940
927.96712,1.32254
925.92763,1.31100
923.88814,1.29640
921.84865,1.27864
919.80916,1.25650
917.76968,1.22952
915.73019,1.20047
913.69070,1.17514
911.65121,1.15579
909.61172,1.14083
907.57224,1.13016
905.53275,1.12375
903.49326,1.12133
901.45377,1.12036
899.41428,1.11664
897.37479,1.10995
895.33531,1.10269
893.29582,1.09585
891.25633,1.08869
889.21684,1.08167
887.17735,1.07582
885.13787,1.07241
883.09838,1.07494
881.05889,1.08512
879.01940,1.10224
876.97991,1.12698
874.94042,1.16105
872.90094,1.20422
870.86145,1.25097
868.82196,1.29484
866.78247,1.33299
864.74298,1.35976
862.70350,1.36921
860.66401,1.36441
858.62452,1.35232
856.58503,1.33424
854.54554,1.31276
852.50605,1.29584
850.46657,1.28578
848.42708,1.27821
846.38759,1.27077
844.34810,1.26337
842.30861,1.25408
840.26913,1.24255
838.22964,1.22976
836.19015,1.21699
834.15066,1.20638
832.11117,1.19798
830.07168,1.19202
828.03220,1.18942
825.99271,1.18977
823.95322,1.19077
821.91373,1.19128
819.87424,1.19529
817.83476,1.20472
815.79527,1.21549
813.75578,1.22432
811.71629,1.23314
809.67680,1.24586
807.63731,1.25892
805.59783,1.26716
803.55834,1.27657
801.51885,1.29403
799.47936,1.31835
797.43987,1.33938
795.40039,1.34982
793.36090,1.35606
791.32141,1.36300
789.28192,1.37309
787.24243,1.38892
785.20295,1.40664
783.16346,1.42045
781.12397,1.43093
779.08448,1.44417
777.04499,1.46444
775.00550,1.48891
772.96602,1.50651
770.92653,1.51592
768.88704,1.52712
766.84755,1.53566
764.80806,1.53071
762.76858,1.51446
760.72909,1.49591
758.68960,1.48560
756.65011,1.48281
754.61062,1.47614
752.57113,1.46402
750.53165,1.45363
748.49216,1.44791
746.45267,1.44389
744.41318,1.44219
742.37369,1.44243
740.33421,1.44285
738.29472,1.44696
736.25523,1.45727
734.21574,1.46961
732.17625,1.47900
730.13676,1.48894
728.09728,1.49919
726.05779,1.51137
724.01830,1.52974
721.97881,1.54213
719.93932,1.54436
717.89984,1.54440
715.86035,1.54718
713.82086,1.55322
711.78137,1.55900
709.74188,1.56062
707.70239,1.55898
705.66291,1.55553
703.62342,1.55123
701.58393,1.54575
699.54444,1.53725
697.50495,1.52763
695.46547,1.51988
693.42598,1.51578
691.38649,1.51762
689.34700,1.52487
687.30751,1.53197
685.26802,1.53690
683.22854,1.54571
681.18905,1.55869
679.14956,1.56379
677.11007,1.55498
675.07058,1.54419
673.03110,1.54510
670.99161,1.55526
668.95212,1.56073
666.91263,1.55856
664.87314,1.55934
662.83365,1.56309
660.79417,1.56467
658.75468,1.56189
656.71519,1.55811
654.67570,1.55645
652.63621,1.55612
650.59673,1.55400
648.55724,1.55306
646.51775,1.56193
644.47826,1.57542
642.43877,1.58019
640.39929,1.58050
638.35980,1.58685
636.32031,1.59311
634.28082,1.59327
632.24133,1.58690
630.20184,1.57144
628.16236,1.55629
626.12287,1.55575
624.08338,1.57000
622.04389,1.59990
620.00440,1.62327
617.96492,1.60354
615.92543,1.56373
613.88594,1.54663
611.84645,1.55287
609.80696,1.56602
607.76747,1.57996
605.72799,1.58227
603.68850,1.57129
601.64901,1.56473
599.60952,1.57066
597.57003,1.56488
595.53055,1.54533
593.49106,1.56309
591.45157,1.62640
589.41208,1.67741
587.37259,1.66087
585.33310,1.61497
583.29362,1.57796
581.25413,1.55197
579.21464,1.52466
577.17515,1.51296
575.13566,1.53375
573.09618,1.55694
571.05669,1.51996
569.01720,1.44767
566.97771,1.42012
564.93822,1.45375
562.89873,1.47935
560.85925,1.47403
558.81976,1.49455
556.78027,1.53297
554.74078,1.55240
552.70129,1.53961
550.66181,1.49992
548.62232,1.47172
546.58283,1.47743
544.54334,1.49304
542.50385,1.50875
540.46436,1.54234
538.42488,1.55632
536.38539,1.54875
534.34590,1.56378
532.30641,1.56036
530.26692,1.50433
528.22744,1.41270
526.18795,1.35535
524.14846,1.43708
522.10897,1.65797
520.06948,1.65458
518.02999,1.51357
515.99051,1.39841
513.95102,1.36136
511.91153,1.35009
509.87204,1.32259
507.83255,1.32192
505.79307,1.28805
503.75358,1.17214
501.71409,1.05593
499.67460,1.06569
