3997.39681,0.20770
3995.35732,0.20783
3993.31783,0.20782
3991.27835,0.20756
3989.23886,0.20690
3987.19937,0.20619
3985.15988,0.20594
3983.12039,0.20609
3981.08091,0.20605
3979.04142,0.20560
3977.00193,0.20523
3974.96244,0.20517
3972.92295,0.20513
3970.88346,0.20496
3968.84398,0.20446
3966.80449,0.20353
3964.76500,0.20256
3962.72551,0.20198
3960.68602,0.20170
3958.64654,0.20125
3956.60705,0.20036
3954.56756,0.19942
3952.52807,0.19892
3950.48858,0.19845
3948.44909,0.19748
3946.40961,0.19666
3944.37012,0.19652
3942.33063,0.19632
3940.29114,0.19557
3938.25165,0.19482
3936.21217,0.19464
3934.17268,0.19481
3932.13319,0.19437
3930.09370,0.19311
3928.05421,0.19190
3926.01473,0.19106
3923.97524,0.19035
3921.93575,0.18992
3919.89626,0.18950
3917.85677,0.18832
3915.81728,0.18665
3913.77780,0.18568
3911.73831,0.18576
3909.69882,0.18625
3907.65933,0.18666
3905.61984,0.18660
3903.58036,0.18550
3901.54087,0.18336
3899.50138,0.18096
3897.46189,0.17951
3895.42240,0.17957
3893.38291,0.17987
3891.34343,0.17920
3889.30394,0.17851
3887.26445,0.17858
3885.22496,0.17825
3883.18547,0.17716
3881.14599,0.17598
3879.10650,0.17524
3877.06701,0.17566
3875.02752,0.17653
3872.98803,0.17626
3870.94854,0.17475
3868.90906,0.17308
3866.86957,0.17231
3864.83008,0.17199
3862.79059,0.17124
3860.75110,0.17094
3858.71162,0.17205
3856.67213,0.17335
3854.63264,0.17210
3852.59315,0.16813
3850.55366,0.16601
3848.51417,0.16708
3846.47469,0.16914
3844.43520,0.17080
3842.39571,0.17174
3840.35622,0.17164
3838.31673,0.17033
3836.27725,0.16892
3834.23776,0.16861
3832.19827,0.16904
3830.15878,0.16950
3828.11929,0.16977
3826.07980,0.17008
3824.04032,0.17047
3822.00083,0.17005
3819.96134,0.16878
3817.92185,0.16816
3815.88236,0.16823
3813.84288,0.16871
3811.80339,0.16989
3809.76390,0.17117
3807.72441,0.17182
3805.68492,0.17206
3803.64543,0.17217
3801.60595,0.17169
3799.56646,0.17140
3797.52697,0.17205
3795.48748,0.17289
3793.44799,0.17373
3791.40851,0.17478
3789.36902,0.17572
3787.32953,0.17633
3785.29004,0.17680
3783.25055,0.17753
3781.21107,0.17850
3779.17158,0.17910
3777.13209,0.17933
3775.09260,0.18008
3773.05311,0.18154
3771.01362,0.18284
3768.97414,0.18359
3766.93465,0.18448
3764.89516,0.18570
3762.85567,0.18709
3760.81618,0.18857
3758.77670,0.18970
3756.73721,0.19082
3754.69772,0.19234
3752.65823,0.19333
3750.61874,0.19357
3748.57925,0.19486
3746.53977,0.19718
3744.50028,0.19872
3742.46079,0.19992
3740.42130,0.20238
3738.38181,0.20551
3736.34233,0.20748
3734.30284,0.20782
3732.26335,0.20852
3730.22386,0.21114
3728.18437,0.21489
3726.14488,0.21804
3724.10540,0.22011
3722.06591,0.22224
3720.02642,0.22509
3717.98693,0.22848
3715.94744,0.23235
3713.90796,0.23643
3711.86847,0.24019
3709.82898,0.24435
3707.78949,0.25017
3705.75000,0.25716
3703.71051,0.26416
3701.67103,0.27109
3699.63154,0.27854
3697.59205,0.28612
3695.55256,0.29312
3693.51307,0.29952
3691.47359,0.30536
3689.43410,0.31024
3687.39461,0.31530
3685.35512,0.32250
3683.31563,0.33180
3681.27614,0.34205
3679.23666,0.35245
3677.19717,0.36306
3675.15768,0.37432
3673.11819,0.38623
3671.07870,0.39946
3669.03922,0.41383
3666.99973,0.42771
3664.96024,0.44150
3662.92075,0.45645
3660.88126,0.47223
3658.84177,0.48762
3656.80229,0.50235
3654.76280,0.51686
3652.72331,0.53186
3650.68382,0.54803
3648.64433,0.56418
3646.60485,0.57898
3644.56536,0.59308
3642.52587,0.60744
3640.48638,0.62194
3638.44689,0.63629
3636.40741,0.65126
3634.36792,0.66712
3632.32843,0.68263
3630.28894,0.69674
3628.24945,0.70951
3626.20996,0.72213
3624.17048,0.73592
3622.13099,0.75050
3620.09150,0.76462
3618.05201,0.77765
3616.01252,0.79043
3613.97304,0.80357
3611.93355,0.81580
3609.89406,0.82667
3607.85457,0.83819
3605.81508,0.85134
3603.77559,0.86491
3601.73611,0.87779
3599.69662,0.88967
3597.65713,0.90049
3595.61764,0.91039
3593.57815,0.92081
3591.53867,0.93329
3589.49918,0.94746
3587.45969,0.96039
3585.42020,0.96984
3583.38071,0.97777
3581.34122,0.98595
3579.30174,0.99484
3577.26225,1.00555
3575.22276,1.01756
3573.18327,1.02865
3571.14378,1.03846
3569.10430,1.04873
3567.06481,1.06061
3565.02532,1.07243
3562.98583,1.08267
3560.94634,1.09180
3558.90685,1.10042
3556.86737,1.10974
3554.82788,1.12020
3552.78839,1.12996
3550.74890,1.13738
3548.70941,1.14471
3546.66993,1.15511
3544.63044,1.16720
3542.59095,1.17772
3540.55146,1.18673
3538.51197,1.19536
3536.47248,1.20316
3534.43300,1.21058
3532.39351,1.21866
3530.35402,1.22638
3528.31453,1.23309
3526.27504,1.24125
3524.23556,1.25083
3522.19607,1.25808
3520.15658,1.26340
3518.11709,1.27049
3516.07760,1.27908
3514.03811,1.28627
3511.99863,1.29178
3509.95914,1.29703
3507.91965,1.30441
3505.88016,1.31391
3503.84067,1.31993
3501.80119,1.32107
3499.76170,1.32379
3497.72221,1.33071
3495.68272,1.33849
3493.64323,1.34478
3491.60375,1.34996
3489.56426,1.35512
3487.52477,1.36031
3485.48528,1.36457
3483.44579,1.36925
3481.40630,1.37652
3479.36682,1.38649
3477.32733,1.39979
3475.28784,1.41355
3473.24835,1.41973
3471.20886,1.41820
3469.16938,1.41783
3467.12989,1.42026
3465.09040,1.42184
3463.05091,1.42182
3461.01142,1.42054
3458.97193,1.42295
3456.93245,1.43180
3454.89296,1.44116
3452.85347,1.44571
3450.81398,1.44657
3448.77449,1.44813
3446.73501,1.45134
3444.69552,1.45311
3442.65603,1.45397
3440.61654,1.45714
3438.57705,1.46203
3436.53756,1.46452
3434.49808,1.46316
3432.45859,1.46264
3430.41910,1.46744
3428.37961,1.47633
3426.34012,1.48233
3424.30064,1.48369
3422.26115,1.48738
3420.22166,1.49093
3418.18217,1.48591
3416.14268,1.47996
3414.10319,1.48189
3412.06371,1.48882
3410.02422,1.49716
3407.98473,1.50322
3405.94524,1.50458
3403.90575,1.50086
3401.86627,1.49491
3399.82678,1.49301
3397.78729,1.49611
3395.74780,1.50054
3393.70831,1.50501
3391.66882,1.50885
3389.62934,1.51096
3387.58985,1.51376
3385.55036,1.51975
3383.51087,1.52439
3381.47138,1.52271
3379.43190,1.51956
3377.39241,1.52142
3375.35292,1.52643
3373.31343,1.52641
3371.27394,1.52101
3369.23446,1.51753
3367.19497,1.51522
3365.15548,1.51278
3363.11599,1.51218
3361.07650,1.51352
3359.03701,1.51678
3356.99753,1.52091
3354.95804,1.52550
3352.91855,1.53094
3350.87906,1.53171
3348.83957,1.52706
3346.80009,1.52437
3344.76060,1.52209
3342.72111,1.51943
3340.68162,1.52171
3338.64213,1.52399
3336.60264,1.51967
3334.56316,1.51388
3332.52367,1.51288
3330.48418,1.51657
3328.44469,1.51852
3326.40520,1.51496
3324.36572,1.51125
3322.32623,1.50989
3320.28674,1.50930
3318.24725,1.51092
3316.20776,1.51324
3314.16827,1.51317
3312.12879,1.51376
3310.08930,1.51453
3308.04981,1.51216
3306.01032,1.51034
3303.97083,1.51037
3301.93135,1.51163
3299.89186,1.51015
3297.85237,1.50214
3295.81288,1.49795
3293.77339,1.50239
3291.73390,1.50463
3289.69442,1.50080
3287.65493,1.49639
3285.61544,1.49111
3283.57595,1.48097
3281.53646,1.47278
3279.49698,1.47529
3277.45749,1.48216
3275.41800,1.48412
3273.37851,1.47930
3271.33902,1.46996
3269.29953,1.46316
3267.26005,1.46157
3265.22056,1.46076
3263.18107,1.45699
3261.14158,1.45088
3259.10209,1.44542
3257.06261,1.43985
3255.02312,1.43181
3252.98363,1.42477
3250.94414,1.42256
3248.90465,1.42266
3246.86516,1.42028
3244.82568,1.41404
3242.78619,1.40989
3240.74670,1.41118
3238.70721,1.41207
3236.66772,1.40907
3234.62824,1.40464
3232.58875,1.39945
3230.54926,1.39362
3228.50977,1.38960
3226.47028,1.38532
3224.43080,1.37981
3222.39131,1.37586
3220.35182,1.37229
3218.31233,1.36755
3216.27284,1.36384
3214.23335,1.36394
3212.19387,1.36666
3210.15438,1.36799
3208.11489,1.36556
3206.07540,1.36006
3204.03591,1.35324
3201.99643,1.34757
3199.95694,1.34409
3197.91745,1.34052
3195.87796,1.33725
3193.83847,1.33469
3191.79898,1.33075
3189.75950,1.32578
3187.72001,1.32101
3185.68052,1.31627
3183.64103,1.31241
3181.60154,1.31052
3179.56206,1.30874
3177.52257,1.30589
3175.48308,1.30322
3173.44359,1.29919
3171.40410,1.29282
3169.36461,1.28732
3167.32513,1.28356
3165.28564,1.27960
3163.24615,1.27469
3161.20666,1.26863
3159.16717,1.26308
3157.12769,1.25973
3155.08820,1.25704
3153.04871,1.25393
3151.00922,1.25097
3148.96973,1.24801
3146.93024,1.24458
3144.89076,1.24095
3142.85127,1.23710
3140.81178,1.23321
3138.77229,1.23060
3136.73280,1.22769
3134.69332,1.22317
3132.65383,1.22050
3130.61434,1.22002
3128.57485,1.21761
3126.53536,1.21255
3124.49587,1.20848
3122.45639,1.20691
3120.41690,1.20531
3118.37741,1.20331
3116.33792,1.20351
3114.29843,1.20346
3112.25895,1.19898
3110.21946,1.19377
3108.17997,1.19154
3106.14048,1.18949
3104.10099,1.18510
3102.06150,1.18065
3100.02202,1.17915
3097.98253,1.17874
3095.94304,1.17684
3093.90355,1.17511
3091.86406,1.17434
3089.82458,1.17278
3087.78509,1.17044
3085.74560,1.16753
3083.70611,1.16337
3081.66662,1.15973
3079.62714,1.15833
3077.58765,1.15775
3075.54816,1.15604
3073.50867,1.15255
3071.46918,1.14891
3069.42969,1.14704
3067.39021,1.14687
3065.35072,1.14595
3063.31123,1.14140
3061.27174,1.13556
3059.23225,1.13242
3057.19277,1.13132
3055.15328,1.12955
3053.11379,1.12646
3051.07430,1.12341
3049.03481,1.12033
3046.99532,1.11667
3044.95584,1.11305
3042.91635,1.10983
3040.87686,1.10714
3038.83737,1.10477
3036.79788,1.10247
3034.75840,1.10098
3032.71891,1.09989
3030.67942,1.09651
3028.63993,1.09027
3026.60044,1.08384
3024.56095,1.07973
3022.52147,1.07901
3020.48198,1.07959
3018.44249,1.07809
3016.40300,1.07539
3014.36351,1.07395
3012.32403,1.07349
3010.28454,1.07282
3008.24505,1.07193
3006.20556,1.07122
3004.16607,1.07037
3002.12658,1.06952
3000.08710,1.06967
2998.04761,1.07089
2996.00812,1.07211
2993.96863,1.07323
2991.92914,1.07593
2989.88966,1.08007
2987.85017,1.08390
2985.81068,1.08947
2983.77119,1.09840
2981.73170,1.10679
2979.69221,1.11209
2977.65273,1.11693
2975.61324,1.12395
2973.57375,1.13306
2971.53426,1.14361
2969.49477,1.15424
2967.45529,1.16148
2965.41580,1.16512
2963.37631,1.16947
2961.33682,1.17625
2959.29733,1.18360
2957.25784,1.18991
2955.21836,1.19423
2953.17887,1.19537
2951.13938,1.19407
2949.09989,1.19439
2947.06040,1.19843
2945.02092,1.20452
2942.98143,1.21105
2940.94194,1.21770
2938.90245,1.22624
2936.86296,1.23630
2934.82348,1.24328
2932.78399,1.24650
2930.74450,1.25102
2928.70501,1.25702
2926.66552,1.25737
2924.62603,1.25179
2922.58655,1.24767
2920.54706,1.24657
2918.50757,1.24485
2916.46808,1.23803
2914.42859,1.22245
2912.38911,1.20236
2910.34962,1.18449
2908.31013,1.17085
2906.27064,1.16269
2904.23115,1.15787
2902.19166,1.15254
2900.15218,1.14757
2898.11269,1.14375
2896.07320,1.13869
2894.03371,1.13073
2891.99422,1.12203
2889.95474,1.11621
2887.91525,1.11309
2885.87576,1.10988
2883.83627,1.10599
2881.79678,1.10197
2879.75729,1.09783
2877.71781,1.09449
2875.67832,1.09276
2873.63883,1.09161
2871.59934,1.08926
2869.55985,1.08518
2867.52037,1.07995
2865.48088,1.07486
2863.44139,1.07206
2861.40190,1.07237
2859.36241,1.07390
2857.32292,1.07564
2855.28344,1.07828
2853.24395,1.08016
2851.20446,1.07827
2849.16497,1.06889
2847.12548,1.05034
2845.08600,1.02685
2843.04651,1.00420
2841.00702,0.98575
2838.96753,0.97176
2836.92804,0.96109
2834.88855,0.95261
2832.84907,0.94528
2830.80958,0.93850
2828.77009,0.93193
2826.73060,0.92604
2824.69111,0.92123
2822.65163,0.91733
2820.61214,0.91410
2818.57265,0.91012
2816.53316,0.90460
2814.49367,0.89950
2812.45418,0.89595
2810.41470,0.89237
2808.37521,0.88817
2806.33572,0.88498
2804.29623,0.88268
2802.25674,0.87894
2800.21726,0.87364
2798.17777,0.86959
2796.13828,0.86755
2794.09879,0.86555
2792.05930,0.86307
2790.01982,0.86045
2787.98033,0.85719
2785.94084,0.85344
2783.90135,0.85073
2781.86186,0.84948
2779.82237,0.84778
2777.78289,0.84489
2775.74340,0.84199
2773.70391,0.83999
2771.66442,0.83869
2769.62493,0.83693
2767.58545,0.83476
2765.54596,0.83303
2763.50647,0.83149
2761.46698,0.83002
2759.42749,0.82911
2757.38800,0.82825
2755.34852,0.82663
2753.30903,0.82480
2751.26954,0.82327
2749.23005,0.82157
2747.19056,0.81936
2745.15108,0.81675
2743.11159,0.81428
2741.07210,0.81274
2739.03261,0.81203
2736.99312,0.81082
2734.95363,0.80865
2732.91415,0.80666
2730.87466,0.80536
2728.83517,0.80396
2726.79568,0.80175
2724.75619,0.79904
2722.71671,0.79619
2720.67722,0.79330
2718.63773,0.79134
2716.59824,0.79070
2714.55875,0.78975
2712.51926,0.78776
2710.47978,0.78494
2708.44029,0.78179
2706.40080,0.77936
2704.36131,0.77718
2702.32182,0.77516
2700.28234,0.77372
2698.24285,0.77230
2696.20336,0.77064
2694.16387,0.76833
2692.12438,0.76520
2690.08489,0.76244
2688.04541,0.76041
2686.00592,0.75805
2683.96643,0.75547
2681.92694,0.75332
2679.88745,0.75126
2677.84797,0.74893
2675.80848,0.74650
2673.76899,0.74425
2671.72950,0.74196
2669.69001,0.73949
2667.65052,0.73728
2665.61104,0.73556
2663.57155,0.73385
2661.53206,0.73146
2659.49257,0.72870
2657.45308,0.72592
2655.41360,0.72331
2653.37411,0.72119
2651.33462,0.71871
2649.29513,0.71586
2647.25564,0.71402
2645.21616,0.71281
2643.17667,0.71067
2641.13718,0.70761
2639.09769,0.70499
2637.05820,0.70304
2635.01871,0.70113
2632.97923,0.69928
2630.93974,0.69755
2628.90025,0.69535
2626.86076,0.69261
2624.82127,0.69020
2622.78179,0.68811
2620.74230,0.68590
2618.70281,0.68407
2616.66332,0.68238
2614.62383,0.68021
2612.58434,0.67802
2610.54486,0.67600
2608.50537,0.67395
2606.46588,0.67191
2604.42639,0.66981
2602.38690,0.66783
2600.34742,0.66606
2598.30793,0.66429
2596.26844,0.66222
2594.22895,0.65998
2592.18946,0.65817
2590.14997,0.65691
2588.11049,0.65547
2586.07100,0.65331
2584.03151,0.65088
2581.99202,0.64898
2579.95253,0.64744
2577.91305,0.64568
2575.87356,0.64402
2573.83407,0.64287
2571.79458,0.64192
2569.75509,0.64036
2567.71560,0.63844
2565.67612,0.63718
2563.63663,0.63609
2561.59714,0.63426
2559.55765,0.63196
2557.51816,0.62967
2555.47868,0.62786
2553.43919,0.62659
2551.39970,0.62537
2549.36021,0.62406
2547.32072,0.62249
2545.28123,0.62053
2543.24175,0.61858
2541.20226,0.61702
2539.16277,0.61589
2537.12328,0.61461
2535.08379,0.61255
2533.04431,0.61025
2531.00482,0.60862
2528.96533,0.60736
2526.92584,0.60600
2524.88635,0.60479
2522.84686,0.60346
2520.80738,0.60182
2518.76789,0.60043
2516.72840,0.59902
2514.68891,0.59705
2512.64942,0.59517
2510.60994,0.59363
2508.57045,0.59198
2506.53096,0.59031
2504.49147,0.58870
2502.45198,0.58705
2500.41250,0.58517
2498.37301,0.58307
2496.33352,0.58111
2494.29403,0.57928
2492.25454,0.57743
2490.21505,0.57569
2488.17557,0.57408
2486.13608,0.57237
2484.09659,0.57047
2482.05710,0.56875
2480.01761,0.56722
2477.97813,0.56525
2475.93864,0.56299
2473.89915,0.56102
2471.85966,0.55896
2469.82017,0.55694
2467.78068,0.55518
2465.74120,0.55310
2463.70171,0.55107
2461.66222,0.54954
2459.62273,0.54791
2457.58324,0.54607
2455.54376,0.54440
2453.50427,0.54272
2451.46478,0.54076
2449.42529,0.53873
2447.38580,0.53683
2445.34631,0.53513
2443.30683,0.53357
2441.26734,0.53197
2439.22785,0.53020
2437.18836,0.52845
2435.14887,0.52710
2433.10939,0.52579
2431.06990,0.52380
2429.03041,0.52129
2426.99092,0.51909
2424.95143,0.51744
2422.91194,0.51579
2420.87246,0.51397
2418.83297,0.51256
2416.79348,0.51141
2414.75399,0.50984
2412.71450,0.50813
2410.67502,0.50686
2408.63553,0.50575
2406.59604,0.50452
2404.55655,0.50310
2402.51706,0.50151
2400.47757,0.50000
2398.43809,0.49855
2396.39860,0.49700
2394.35911,0.49541
2392.31962,0.49409
2390.28013,0.49325
2388.24065,0.49271
2386.20116,0.49227
2384.16167,0.49187
2382.12218,0.49158
2380.08269,0.49169
2378.04320,0.49211
2376.00372,0.49202
2373.96423,0.49119
2371.92474,0.49038
2369.88525,0.48978
2367.84576,0.48903
2365.80628,0.48810
2363.76679,0.48713
2361.72730,0.48628
2359.68781,0.48548
2357.64832,0.48423
2355.60884,0.48236
2353.56935,0.48063
2351.52986,0.48028
2349.49037,0.48094
2347.45088,0.48089
2345.41139,0.47959
2343.37191,0.47810
2341.33242,0.47727
2339.29293,0.47645
2337.25344,0.47447
2335.21395,0.47161
2333.17447,0.46956
2331.13498,0.46880
2329.09549,0.46855
2327.05600,0.46829
2325.01651,0.46750
2322.97702,0.46596
2320.93754,0.46427
2318.89805,0.46305
2316.85856,0.46216
2314.81907,0.46121
2312.77958,0.46003
2310.74010,0.45856
2308.70061,0.45687
2306.66112,0.45534
2304.62163,0.45444
2302.58214,0.45413
2300.54265,0.45378
2298.50317,0.45289
2296.46368,0.45180
2294.42419,0.45103
2292.38470,0.45044
2290.34521,0.44983
2288.30573,0.44936
2286.26624,0.44888
2284.22675,0.44805
2282.18726,0.44686
2280.14777,0.44579
2278.10828,0.44510
2276.06880,0.44476
2274.02931,0.44474
2271.98982,0.44492
2269.95033,0.44500
2267.91084,0.44478
2265.87136,0.44446
2263.83187,0.44440
2261.79238,0.44446
2259.75289,0.44418
2257.71340,0.44346
2255.67391,0.44274
2253.63443,0.44257
2251.59494,0.44273
2249.55545,0.44256
2247.51596,0.44238
2245.47647,0.44240
2243.43699,0.44259
2241.39750,0.44271
2239.35801,0.44251
2237.31852,0.44213
2235.27903,0.44219
2233.23954,0.44275
2231.20006,0.44300
2229.16057,0.44269
2227.12108,0.44221
2225.08159,0.44197
2223.04210,0.44203
2221.00262,0.44200
2218.96313,0.44179
2216.92364,0.44179
2214.88415,0.44218
2212.84466,0.44264
2210.80518,0.44303
2208.76569,0.44349
2206.72620,0.44395
2204.68671,0.44417
2202.64722,0.44416
2200.60773,0.44416
2198.56825,0.44415
2196.52876,0.44393
2194.48927,0.44362
2192.44978,0.44368
2190.41029,0.44418
2188.37081,0.44467
2186.33132,0.44517
2184.29183,0.44565
2182.25234,0.44577
2180.21285,0.44604
2178.17336,0.44698
2176.13388,0.44793
2174.09439,0.44816
2172.05490,0.44806
2170.01541,0.44838
2167.97592,0.44905
2165.93644,0.44971
2163.89695,0.45022
2161.85746,0.45032
2159.81797,0.45013
2157.77848,0.45011
2155.73899,0.45033
2153.69951,0.45066
2151.66002,0.45085
2149.62053,0.45097
2147.58104,0.45130
2145.54155,0.45145
2143.50207,0.45142
2141.46258,0.45155
2139.42309,0.45145
2137.38360,0.45093
2135.34411,0.45051
2133.30462,0.45067
2131.26514,0.45109
2129.22565,0.45088
2127.18616,0.45021
2125.14667,0.44986
2123.10718,0.44978
2121.06770,0.44965
2119.02821,0.44940
2116.98872,0.44903
2114.94923,0.44862
2112.90974,0.44835
2110.87025,0.44810
2108.83077,0.44779
2106.79128,0.44762
2104.75179,0.44751
2102.71230,0.44733
2100.67281,0.44707
2098.63333,0.44678
2096.59384,0.44642
2094.55435,0.44591
2092.51486,0.44543
2090.47537,0.44493
2088.43588,0.44447
2086.39640,0.44438
2084.35691,0.44450
2082.31742,0.44438
2080.27793,0.44396
2078.23844,0.44362
2076.19896,0.44362
2074.15947,0.44382
2072.11998,0.44392
2070.08049,0.44376
2068.04100,0.44347
2066.00152,0.44301
2063.96203,0.44242
2061.92254,0.44219
2059.88305,0.44221
2057.84356,0.44194
2055.80407,0.44145
2053.76459,0.44131
2051.72510,0.44162
2049.68561,0.44200
2047.64612,0.44204
2045.60663,0.44160
2043.56715,0.44103
2041.52766,0.44053
2039.48817,0.43993
2037.44868,0.43918
2035.40919,0.43843
2033.36970,0.43799
2031.33022,0.43776
2029.29073,0.43735
2027.25124,0.43668
2025.21175,0.43587
2023.17226,0.43519
2021.13278,0.43480
2019.09329,0.43432
2017.05380,0.43330
2015.01431,0.43221
2012.97482,0.43152
2010.93533,0.43110
2008.89585,0.43076
2006.85636,0.43050
2004.81687,0.43029
2002.77738,0.43009
2000.73789,0.42983
1998.69841,0.42944
1996.65892,0.42917
1994.61943,0.42946
1992.57994,0.42968
1990.54045,0.42929
1988.50096,0.42884
1986.46148,0.42837
1984.42199,0.42780
1982.38250,0.42775
1980.34301,0.42819
1978.30352,0.42840
1976.26404,0.42830
1974.22455,0.42827
1972.18506,0.42853
1970.14557,0.42918
1968.10608,0.42972
1966.06659,0.42948
1964.02711,0.42912
1961.98762,0.42927
1959.94813,0.42944
1957.90864,0.42949
1955.86915,0.42953
1953.82967,0.42935
1951.79018,0.42917
1949.75069,0.42938
1947.71120,0.42985
1945.67171,0.43053
1943.63222,0.43108
1941.59274,0.43076
1939.55325,0.43002
1937.51376,0.42969
1935.47427,0.42972
1933.43478,0.42997
1931.39530,0.43040
1929.35581,0.43098
1927.31632,0.43182
1925.27683,0.43283
1923.23734,0.43351
1921.19786,0.43400
1919.15837,0.43483
1917.11888,0.43529
1915.07939,0.43524
1913.03990,0.43583
1911.00041,0.43709
1908.96093,0.43821
1906.92144,0.43893
1904.88195,0.43960
1902.84246,0.44026
1900.80297,0.44091
1898.76349,0.44177
1896.72400,0.44277
1894.68451,0.44346
1892.64502,0.44403
1890.60553,0.44484
1888.56604,0.44554
1886.52656,0.44617
1884.48707,0.44699
1882.44758,0.44790
1880.40809,0.44885
1878.36860,0.44980
1876.32912,0.45076
1874.28963,0.45197
1872.25014,0.45387
1870.21065,0.45600
1868.17116,0.45689
1866.13167,0.45647
1864.09219,0.45652
1862.05270,0.45762
1860.01321,0.45906
1857.97372,0.46038
1855.93423,0.46163
1853.89475,0.46290
1851.85526,0.46442
1849.81577,0.46657
1847.77628,0.46955
1845.73679,0.47269
1843.69730,0.47449
1841.65782,0.47516
1839.61833,0.47671
1837.57884,0.47952
1835.53935,0.48267
1833.49986,0.48628
1831.46038,0.49066
1829.42089,0.49466
1827.38140,0.49771
1825.34191,0.50071
1823.30242,0.50408
1821.26293,0.50790
1819.22345,0.51222
1817.18396,0.51676
1815.14447,0.52193
1813.10498,0.52826
1811.06549,0.53514
1809.02601,0.54168
1806.98652,0.54832
1804.94703,0.55633
1802.90754,0.56621
1800.86805,0.57711
1798.82856,0.58790
1796.78908,0.59921
1794.74959,0.61243
1792.71010,0.62728
1790.67061,0.64132
1788.63112,0.65408
1786.59164,0.66762
1784.55215,0.68237
1782.51266,0.69704
1780.47317,0.71128
1778.43368,0.72550
1776.39420,0.74056
1774.35471,0.75822
1772.31522,0.77868
1770.27573,0.79960
1768.23624,0.82116
1766.19675,0.84554
1764.15727,0.87349
1762.11778,0.90552
1760.07829,0.93942
1758.03880,0.97349
1755.99931,1.00875
1753.95983,1.04440
1751.92034,1.08221
1749.88085,1.12263
1747.84136,1.15937
1745.80187,1.19075
1743.76238,1.22102
1741.72290,1.25068
1739.68341,1.27638
1737.64392,1.29524
1735.60443,1.30824
1733.56494,1.31422
1731.52546,1.31117
1729.48597,1.30477
1727.44648,1.29957
1725.40699,1.29488
1723.36750,1.28889
1721.32801,1.28358
1719.28853,1.28016
1717.24904,1.27509
1715.20955,1.26765
1713.17006,1.26312
1711.13057,1.26362
1709.09109,1.26821
1707.05160,1.27614
1705.01211,1.28581
1702.97262,1.29821
1700.93313,1.31925
1698.89364,1.34756
1696.85416,1.37524
1694.81467,1.40296
1692.77518,1.43026
1690.73569,1.45693
1688.69620,1.48381
1686.65672,1.51242
1684.61723,1.54312
1682.57774,1.56525
1680.53825,1.57623
1678.49876,1.58886
1676.45927,1.60931
1674.41979,1.63037
1672.38030,1.64297
1670.34081,1.65212
1668.30132,1.66562
1666.26183,1.67909
1664.22235,1.68835
1662.18286,1.69214
1660.14337,1.69091
1658.10388,1.69097
1656.06439,1.69418
1654.02490,1.69231
1651.98542,1.68349
1649.94593,1.67986
1647.90644,1.67910
1645.86695,1.67550
1643.82746,1.67252
1641.78798,1.67240
1639.74849,1.67182
1637.70900,1.66885
1635.66951,1.66565
1633.63002,1.66357
1631.59054,1.66142
1629.55105,1.65737
1627.51156,1.64979
1625.47207,1.63886
1623.43258,1.62835
1621.39309,1.62310
1619.35361,1.62137
1617.31412,1.61575
1615.27463,1.60677
1613.23514,1.60332
1611.19565,1.60513
1609.15617,1.60498
1607.11668,1.59856
1605.07719,1.58926
1603.03770,1.58260
1600.99821,1.57907
1598.95872,1.57512
1596.91924,1.56791
1594.87975,1.55858
1592.84026,1.54982
1590.80077,1.54225
1588.76128,1.53621
1586.72180,1.53127
1584.68231,1.52574
1582.64282,1.51976
1580.60333,1.51377
1578.56384,1.50611
1576.52435,1.49596
1574.48487,1.48700
1572.44538,1.48146
1570.40589,1.47612
1568.36640,1.47034
1566.32691,1.46729
1564.28743,1.46689
1562.24794,1.46762
1560.20845,1.46839
1558.16896,1.46692
1556.12947,1.46383
1554.08998,1.46053
1552.05050,1.45751
1550.01101,1.45557
1547.97152,1.45370
1545.93203,1.45115
1543.89254,1.44573
1541.85306,1.43254
1539.81357,1.41528
1537.77408,1.40736
1535.73459,1.40680
1533.69510,1.40392
1531.65561,1.39738
1529.61613,1.39144
1527.57664,1.38525
1525.53715,1.37585
1523.49766,1.36517
1521.45817,1.35689
1519.41869,1.35158
1517.37920,1.34695
1515.33971,1.34239
1513.30022,1.33833
1511.26073,1.33468
1509.22124,1.32854
1507.18176,1.31336
1505.14227,1.29366
1503.10278,1.28146
1501.06329,1.27390
1499.02380,1.26536
1496.98432,1.25556
1494.94483,1.24698
1492.90534,1.24087
1490.86585,1.23589
1488.82636,1.23173
1486.78688,1.23077
1484.74739,1.23429
1482.70790,1.24180
1480.66841,1.25360
1478.62892,1.27023
1476.58943,1.29076
1474.54995,1.31418
1472.51046,1.33976
1470.47097,1.36302
1468.43148,1.38003
1466.39199,1.39367
1464.35251,1.40913
1462.31302,1.42548
1460.27353,1.43708
1458.23404,1.44330
1456.19455,1.44959
1454.15506,1.45869
1452.11558,1.46733
1450.07609,1.47372
1448.03660,1.47891
1445.99711,1.48545
1443.95762,1.49404
1441.91814,1.50196
1439.87865,1.50600
1437.83916,1.50657
1435.79967,1.50899
1433.76018,1.51576
1431.72069,1.52197
1429.68121,1.52355
1427.64172,1.52129
1425.60223,1.52010
1423.56274,1.52459
1421.52325,1.53033
1419.48377,1.52827
1417.44428,1.52139
1415.40479,1.52046
1413.36530,1.52402
1411.32581,1.52450
1409.28632,1.52039
1407.24684,1.51526
1405.20735,1.51171
1403.16786,1.51050
1401.12837,1.51203
1399.08888,1.51458
1397.04940,1.51427
1395.00991,1.50972
1392.97042,1.50482
1390.93093,1.50257
1388.89144,1.50061
1386.85195,1.49573
1384.81247,1.48888
1382.77298,1.48374
1380.73349,1.48183
1378.69400,1.48365
1376.65451,1.48760
1374.61503,1.48753
1372.57554,1.48124
1370.53605,1.47336
1368.49656,1.46618
1366.45707,1.45987
1364.41758,1.45372
1362.37810,1.44583
1360.33861,1.43652
1358.29912,1.42888
1356.25963,1.42421
1354.22014,1.42018
1352.18066,1.41637
1350.14117,1.41640
1348.10168,1.42037
1346.06219,1.42181
1344.02270,1.41852
1341.98322,1.41647
1339.94373,1.41804
1337.90424,1.41907
1335.86475,1.41795
1333.82526,1.41647
1331.78577,1.41476
1329.74629,1.41320
1327.70680,1.41295
1325.66731,1.41308
1323.62782,1.41232
1321.58833,1.41246
1319.54885,1.41436
1317.50936,1.41474
1315.46987,1.41262
1313.43038,1.40910
1311.39089,1.40290
1309.35140,1.39461
1307.31192,1.38814
1305.27243,1.38456
1303.23294,1.38130
1301.19345,1.37727
1299.15396,1.37311
1297.11448,1.36937
1295.07499,1.36802
1293.03550,1.37031
1290.99601,1.37306
1288.95652,1.37545
1286.91703,1.38132
1284.87755,1.38842
1282.83806,1.39213
1280.79857,1.39484
1278.75908,1.39880
1276.71959,1.40079
1274.68011,1.39963
1272.64062,1.40075
1270.60113,1.40692
1268.56164,1.41284
1266.52215,1.41569
1264.48266,1.41768
1262.44318,1.41895
1260.40369,1.41850
1258.36420,1.41664
1256.32471,1.41508
1254.28522,1.41635
1252.24574,1.41970
1250.20625,1.42191
1248.16676,1.42254
1246.12727,1.42323
1244.08778,1.42310
1242.04829,1.41998
1240.00881,1.41510
1237.96932,1.40986
1235.92983,1.40408
1233.89034,1.39878
1231.85085,1.39181
1229.81137,1.38046
1227.77188,1.36728
1225.73239,1.35448
1223.69290,1.34327
1221.65341,1.33539
1219.61392,1.32933
1217.57444,1.32224
1215.53495,1.31448
1213.49546,1.30793
1211.45597,1.30423
1209.41648,1.30216
1207.37700,1.29938
1205.33751,1.29766
1203.29802,1.29621
1201.25853,1.29250
1199.21904,1.29063
1197.17956,1.29333
1195.14007,1.29479
1193.10058,1.29290
1191.06109,1.29257
1189.02160,1.29517
1186.98211,1.29981
1184.94263,1.30639
1182.90314,1.31565
1180.86365,1.32914
1178.82416,1.34640
1176.78467,1.36698
1174.74519,1.38899
1172.70570,1.40750
1170.66621,1.42418
1168.62672,1.44481
1166.58723,1.46565
1164.54774,1.47901
1162.50826,1.48324
1160.46877,1.48286
1158.42928,1.48327
1156.38979,1.48382
1154.35030,1.48351
1152.31082,1.48324
1150.27133,1.48131
1148.23184,1.47576
1146.19235,1.46737
1144.15286,1.46035
1142.11337,1.45850
1140.07389,1.46348
1138.03440,1.47184
1135.99491,1.47818
1133.95542,1.48574
1131.91593,1.49718
1129.87645,1.50657
1127.83696,1.51278
1125.79747,1.52035
1123.75798,1.53046
1121.71849,1.53951
1119.67900,1.54462
1117.63952,1.55011
1115.60003,1.56243
1113.56054,1.57948
1111.52105,1.58958
1109.48156,1.59031
1107.44208,1.59731
1105.40259,1.61236
1103.36310,1.61608
1101.32361,1.60491
1099.28412,1.59347
1097.24463,1.59141
1095.20515,1.59748
1093.16566,1.60274
1091.12617,1.60506
1089.08668,1.60956
1087.04719,1.61497
1085.00771,1.61810
1082.96822,1.62175
1080.92873,1.62667
1078.88924,1.62751
1076.84975,1.62256
1074.81027,1.61575
1072.77078,1.60828
1070.73129,1.60015
1068.69180,1.59301
1066.65231,1.58968
1064.61282,1.59329
1062.57334,1.60133
1060.53385,1.60321
1058.49436,1.59354
1056.45487,1.57855
1054.41538,1.56384
1052.37590,1.55213
1050.33641,1.54478
1048.29692,1.54246
1046.25743,1.54487
1044.21794,1.54451
1042.17845,1.53760
1040.13897,1.53065
1038.09948,1.52865
1036.05999,1.52709
1034.02050,1.51791
1031.98101,1.50468
1029.94153,1.49320
1027.90204,1.48400
1025.86255,1.47891
1023.82306,1.47131
1021.78357,1.45730
1019.74408,1.44514
1017.70460,1.43591
1015.66511,1.42559
1013.62562,1.41499
1011.58613,1.40427
1009.54664,1.39280
1007.50716,1.37801
1005.46767,1.35769
1003.42818,1.33590
1001.38869,1.31976
999.34920,1.30820
997.30971,1.29468
995.27023,1.27968
993.23074,1.26628
991.19125,1.25284
989.15176,1.23614
987.11227,1.21518
985.07279,1.19472
983.03330,1.17907
980.99381,1.16423
978.95432,1.14867
976.91483,1.13786
974.87534,1.13236
972.83586,1.12837
970.79637,1.12424
968.75688,1.11944
966.71739,1.11459
964.67790,1.10933
962.63842,1.10385
960.59893,1.09977
958.55944,1.09402
956.51995,1.08463
954.48046,1.07375
952.44097,1.06146
950.40149,1.04915
948.36200,1.03956
946.32251,1.03177
944.28302,1.02472
942.24353,1.01969
940.20405,1.01678
938.16456,1.01537
936.12507,1.01523
934.08558,1.01629
932.04609,1.02001
930.00661,1.02526
927.96712,1.02894
925.92763,1.03246
923.88814,1.03701
921.84865,1.04047
919.80916,1.04264
917.76968,1.04406
915.73019,1.04531
913.69070,1.04722
911.65121,1.04922
909.61172,1.05167
907.57224,1.05461
905.53275,1.05686
903.49326,1.06067
901.45377,1.06705
899.41428,1.07193
897.37479,1.07405
895.33531,1.07533
893.29582,1.07434
891.25633,1.07006
889.21684,1.06644
887.17735,1.06588
885.13787,1.06458
883.09838,1.05992
881.05889,1.05540
879.01940,1.05428
876.97991,1.05536
874.94042,1.05660
872.90094,1.05906
870.86145,1.06375
868.82196,1.06841
866.78247,1.07243
864.74298,1.07725
862.70350,1.08189
860.66401,1.08529
858.62452,1.08768
856.58503,1.08966
854.54554,1.09265
852.50605,1.09660
850.46657,1.10071
848.42708,1.10665
846.38759,1.11671
844.34810,1.12847
842.30861,1.13660
840.26913,1.14198
838.22964,1.14802
836.19015,1.15396
834.15066,1.16026
832.11117,1.16722
830.07168,1.17206
828.03220,1.17314
825.99271,1.17298
823.95322,1.17565
821.91373,1.17946
819.87424,1.18209
817.83476,1.18455
815.79527,1.18679
813.75578,1.19051
811.71629,1.19498
809.67680,1.19702
807.63731,1.19908
805.59783,1.20290
803.55834,1.20732
801.51885,1.21249
799.47936,1.21693
797.43987,1.22062
795.40039,1.22475
793.36090,1.23050
791.32141,1.23955
789.28192,1.24796
787.24243,1.25330
785.20295,1.26099
783.16346,1.27089
781.12397,1.27758
779.08448,1.28306
777.04499,1.29238
775.00550,1.30306
772.96602,1.30762
770.92653,1.30741
768.88704,1.30890
766.84755,1.31155
764.80806,1.31342
762.76858,1.31228
760.72909,1.30914
758.68960,1.30873
756.65011,1.31233
754.61062,1.31839
752.57113,1.32511
750.53165,1.33068
748.49216,1.33311
746.45267,1.33302
744.41318,1.33149
742.37369,1.32988
740.33421,1.33304
738.29472,1.34120
736.25523,1.34770
734.21574,1.34969
732.17625,1.35368
730.13676,1.36583
728.09728,1.37960
726.05779,1.38568
724.01830,1.38664
721.97881,1.38891
719.93932,1.39511
717.89984,1.40277
715.86035,1.40717
713.82086,1.40909
711.78137,1.41420
709.74188,1.42408
707.70239,1.43411
705.66291,1.44121
703.62342,1.44464
701.58393,1.44153
699.54444,1.43471
697.50495,1.43211
695.46547,1.43338
693.42598,1.43534
691.38649,1.43959
689.34700,1.44291
687.30751,1.43859
685.26802,1.43027
683.22854,1.42880
681.18905,1.43803
679.14956,1.45148
677.11007,1.45908
675.07058,1.45684
673.03110,1.45404
670.99161,1.45893
668.95212,1.46228
666.91263,1.45523
664.87314,1.44566
662.83365,1.44184
660.79417,1.44794
658.75468,1.45664
656.71519,1.45620
654.67570,1.44977
652.63621,1.44470
650.59673,1.43800
648.55724,1.43148
646.51775,1.43445
644.47826,1.44295
642.43877,1.44443
640.39929,1.43990
638.35980,1.43711
636.32031,1.43834
634.28082,1.44660
632.24133,1.46132
630.20184,1.47352
628.16236,1.47503
626.12287,1.46853
624.08338,1.47168
622.04389,1.48606
620.00440,1.50267
617.96492,1.50115
615.92543,1.46269
613.88594,1.42411
611.84645,1.40998
609.80696,1.41839
607.76747,1.44536
605.72799,1.45870
603.68850,1.44187
601.64901,1.42694
599.60952,1.42987
597.57003,1.44199
595.53055,1.43050
593.49106,1.41013
591.45157,1.42194
589.41208,1.44640
587.37259,1.44321
585.33310,1.42933
583.29362,1.44638
581.25413,1.48188
579.21464,1.49411
577.17515,1.47963
575.13566,1.48102
573.09618,1.50466
571.05669,1.53099
569.01720,1.52855
566.97771,1.47926
564.93822,1.45519
562.89873,1.46815
560.85925,1.46186
558.81976,1.43619
556.78027,1.43824
554.74078,1.48316
552.70129,1.52314
550.66181,1.55299
548.62232,1.55576
546.58283,1.48334
544.54334,1.43356
542.50385,1.45373
540.46436,1.47997
538.42488,1.42937
536.38539,1.36643
534.34590,1.36714
532.30641,1.40259
530.26692,1.42020
528.22744,1.46251
526.18795,1.49371
524.14846,1.43651
522.10897,1.40922
520.06948,1.45127
518.02999,1.46801
515.99051,1.40095
513.95102,1.37003
511.91153,1.40920
509.87204,1.72030
507.83255,1.81271
505.79307,1.60669
503.75358,1.37903
501.71409,1.17113
499.67460,1.08767
