3997.39681,0.28440
3995.35732,0.28482
3993.31783,0.28488
3991.27835,0.28427
3989.23886,0.28348
3987.19937,0.28285
3985.15988,0.28228
3983.12039,0.28213
3981.08091,0.28234
3979.04142,0.28234
3977.00193,0.28227
3974.96244,0.28229
3972.92295,0.28203
3970.88346,0.28141
3968.84398,0.28066
3966.80449,0.27997
3964.76500,0.27917
3962.72551,0.27798
3960.68602,0.27681
3958.64654,0.27615
3956.60705,0.27563
3954.56756,0.27509
3952.52807,0.27512
3950.48858,0.27548
3948.44909,0.27504
3946.40961,0.27379
3944.37012,0.27284
3942.33063,0.27201
3940.29114,0.27086
3938.25165,0.27003
3936.21217,0.27014
3934.17268,0.27094
3932.13319,0.27083
3930.09370,0.26909
3928.05421,0.26767
3926.01473,0.26735
3923.97524,0.26666
3921.93575,0.26557
3919.89626,0.26488
3917.85677,0.26383
3915.81728,0.26210
3913.77780,0.26067
3911.73831,0.26008
3909.69882,0.26018
3907.65933,0.26097
3905.61984,0.26153
3903.58036,0.26032
3901.54087,0.25785
3899.50138,0.25529
3897.46189,0.25315
3895.42240,0.25268
3893.38291,0.25345
3891.34343,0.25299
3889.30394,0.25160
3887.26445,0.25157
3885.22496,0.25153
3883.18547,0.25033
3881.14599,0.24893
3879.10650,0.24731
3877.06701,0.24701
3875.02752,0.24807
3872.98803,0.24845
3870.94854,0.24785
3868.90906,0.24630
3866.86957,0.24521
3864.83008,0.24498
3862.79059,0.24407
3860.75110,0.24342
3858.71162,0.24412
3856.67213,0.24548
3854.63264,0.24527
3852.59315,0.24166
3850.55366,0.23876
3848.51417,0.23935
3846.47469,0.24150
3844.43520,0.24345
3842.39571,0.24462
3840.35622,0.24478
3838.31673,0.24322
3836.27725,0.24058
3834.23776,0.23942
3832.19827,0.23987
3830.15878,0.24041
3828.11929,0.24077
3826.07980,0.24106
3824.04032,0.24174
3822.00083,0.24233
3819.96134,0.24140
3817.92185,0.24075
3815.88236,0.24076
3813.84288,0.24040
3811.80339,0.24099
3809.76390,0.24244
3807.72441,0.24300
3805.68492,0.24245
3803.64543,0.24293
3801.60595,0.24357
3799.56646,0.24298
3797.52697,0.24335
3795.48748,0.24433
3793.44799,0.24499
3791.40851,0.24584
3789.36902,0.24680
3787.32953,0.24758
3785.29004,0.24820
3783.25055,0.24909
3781.21107,0.25055
3779.17158,0.25133
3777.13209,0.25122
3775.09260,0.25191
3773.05311,0.25358
3771.01362,0.25506
3768.97414,0.25565
3766.93465,0.25620
3764.89516,0.25724
3762.85567,0.25911
3760.81618,0.26195
3758.77670,0.26390
3756.73721,0.26432
3754.69772,0.26525
3752.65823,0.26726
3750.61874,0.26851
3748.57925,0.26894
3746.53977,0.27069
3744.50028,0.27269
3742.46079,0.27422
3740.42130,0.27769
3738.38181,0.28214
3736.34233,0.28437
3734.30284,0.28413
3732.26335,0.28483
3730.22386,0.28800
3728.18437,0.29243
3726.14488,0.29632
3724.10540,0.29916
3722.06591,0.30166
3720.02642,0.30406
3717.98693,0.30684
3715.94744,0.31057
3713.90796,0.31517
3711.86847,0.31987
3709.82898,0.32446
3707.78949,0.32972
3705.75000,0.33567
3703.71051,0.34205
3701.67103,0.34881
3699.63154,0.35610
3697.59205,0.36392
3695.55256,0.37150
3693.51307,0.37901
3691.47359,0.38721
3689.43410,0.39527
3687.39461,0.40254
3685.35512,0.41081
3683.31563,0.42117
3681.27614,0.43257
3679.23666,0.44449
3677.19717,0.45830
3675.15768,0.47328
3673.11819,0.48734
3671.07870,0.50241
3669.03922,0.51842
3666.99973,0.53325
3664.96024,0.54825
3662.92075,0.56464
3660.88126,0.58158
3658.84177,0.59845
3656.80229,0.61530
3654.76280,0.63155
3652.72331,0.64871
3650.68382,0.66823
3648.64433,0.68687
3646.60485,0.70244
3644.56536,0.71721
3642.52587,0.73261
3640.48638,0.74831
3638.44689,0.76426
3636.40741,0.78024
3634.36792,0.79545
3632.32843,0.81055
3630.28894,0.82749
3628.24945,0.84397
3626.20996,0.85708
3624.17048,0.87053
3622.13099,0.88589
3620.09150,0.89975
3618.05201,0.91016
3616.01252,0.92048
3613.97304,0.93347
3611.93355,0.94815
3609.89406,0.96317
3607.85457,0.97693
3605.81508,0.98821
3603.77559,0.99839
3601.73611,1.00934
3599.69662,1.02125
3597.65713,1.03243
3595.61764,1.04163
3593.57815,1.05160
3591.53867,1.06621
3589.49918,1.08402
3587.45969,1.09805
3585.42020,1.10542
3583.38071,1.11178
3581.34122,1.12027
3579.30174,1.13049
3577.26225,1.14179
3575.22276,1.15317
3573.18327,1.16429
3571.14378,1.17599
3569.10430,1.18898
3567.06481,1.20179
3565.02532,1.21181
3562.98583,1.21940
3560.94634,1.22635
3558.90685,1.23497
3556.86737,1.24536
3554.82788,1.25531
3552.78839,1.26494
3550.74890,1.27414
3548.70941,1.28221
3546.66993,1.29062
3544.63044,1.29921
3542.59095,1.30501
3540.55146,1.30775
3538.51197,1.31216
3536.47248,1.32124
3534.43300,1.33118
3532.39351,1.33853
3530.35402,1.34409
3528.31453,1.34914
3526.27504,1.35600
3524.23556,1.36613
3522.19607,1.37680
3520.15658,1.38433
3518.11709,1.38921
3516.07760,1.39597
3514.03811,1.40616
3511.99863,1.41416
3509.95914,1.41634
3507.91965,1.41669
3505.88016,1.41831
3503.84067,1.42221
3501.80119,1.42866
3499.76170,1.43599
3497.72221,1.44246
3495.68272,1.44618
3493.64323,1.44856
3491.60375,1.45363
3489.56426,1.46111
3487.52477,1.46811
3485.48528,1.47302
3483.44579,1.47594
3481.40630,1.47882
3479.36682,1.48178
3477.32733,1.48487
3475.28784,1.49033
3473.24835,1.49656
3471.20886,1.50068
3469.16938,1.50334
3467.12989,1.50850
3465.09040,1.51657
3463.05091,1.51952
3461.01142,1.51709
3458.97193,1.52014
3456.93245,1.52887
3454.89296,1.53281
3452.85347,1.53160
3450.81398,1.53687
3448.77449,1.55053
3446.73501,1.55944
3444.69552,1.55750
3442.65603,1.55470
3440.61654,1.55857
3438.57705,1.56303
3436.53756,1.56383
3434.49808,1.56707
3432.45859,1.57282
3430.41910,1.57611
3428.37961,1.57927
3426.34012,1.58235
3424.30064,1.58049
3422.26115,1.57783
3420.22166,1.57903
3418.18217,1.57976
3416.14268,1.58137
3414.10319,1.58737
3412.06371,1.59047
3410.02422,1.58467
3407.98473,1.57756
3405.94524,1.57881
3403.90575,1.58768
3401.86627,1.59668
3399.82678,1.59945
3397.78729,1.60027
3395.74780,1.60511
3393.70831,1.60860
3391.66882,1.60498
3389.62934,1.60137
3387.58985,1.60142
3385.55036,1.59910
3383.51087,1.59921
3381.47138,1.60508
3379.43190,1.60868
3377.39241,1.61100
3375.35292,1.61375
3373.31343,1.61143
3371.27394,1.60451
3369.23446,1.59623
3367.19497,1.59024
3365.15548,1.58883
3363.11599,1.59076
3361.07650,1.59599
3359.03701,1.60196
3356.99753,1.60428
3354.95804,1.60244
3352.91855,1.60224
3350.87906,1.60909
3348.83957,1.61720
3346.80009,1.61766
3344.76060,1.61430
3342.72111,1.61463
3340.68162,1.61368
3338.64213,1.60558
3336.60264,1.59823
3334.56316,1.59965
3332.52367,1.60501
3330.48418,1.60424
3328.44469,1.59691
3326.40520,1.59352
3324.36572,1.59620
3322.32623,1.59592
3320.28674,1.59140
3318.24725,1.58930
3316.20776,1.58943
3314.16827,1.58952
3312.12879,1.59179
3310.08930,1.59318
3308.04981,1.59201
3306.01032,1.59108
3303.97083,1.59084
3301.93135,1.59316
3299.89186,1.59640
3297.85237,1.59875
3295.81288,1.60044
3293.77339,1.59440
3291.73390,1.58006
3289.69442,1.56907
3287.65493,1.56603
3285.61544,1.56675
3283.57595,1.56764
3281.53646,1.56797
3279.49698,1.56727
3277.45749,1.56255
3275.41800,1.55547
3273.37851,1.55060
3271.33902,1.54925
3269.29953,1.54963
3267.26005,1.54733
3265.22056,1.54166
3263.18107,1.53582
3261.14158,1.53161
3259.10209,1.52801
3257.06261,1.52450
3255.02312,1.52105
3252.98363,1.51533
3250.94414,1.50942
3248.90465,1.50873
3246.86516,1.50930
3244.82568,1.50585
3242.78619,1.50291
3240.74670,1.50131
3238.70721,1.49750
3236.66772,1.49196
3234.62824,1.48636
3232.58875,1.48261
3230.54926,1.48144
3228.50977,1.48011
3226.47028,1.47601
3224.43080,1.47196
3222.39131,1.46998
3220.35182,1.46834
3218.31233,1.46783
3216.27284,1.46764
3214.23335,1.46301
3212.19387,1.45468
3210.15438,1.44957
3208.11489,1.44949
3206.07540,1.45066
3204.03591,1.44964
3201.99643,1.44415
3199.95694,1.43618
3197.91745,1.43061
3195.87796,1.42911
3193.83847,1.42759
3191.79898,1.42220
3189.75950,1.41572
3187.72001,1.41095
3185.68052,1.40876
3183.64103,1.41020
3181.60154,1.41287
3179.56206,1.41223
3177.52257,1.40776
3175.48308,1.40195
3173.44359,1.39476
3171.40410,1.38783
3169.36461,1.38443
3167.32513,1.38256
3165.28564,1.37876
3163.24615,1.37370
3161.20666,1.37098
3159.16717,1.37070
3157.12769,1.36773
3155.08820,1.36139
3153.04871,1.35550
3151.00922,1.35044
3148.96973,1.34628
3146.93024,1.34453
3144.89076,1.34366
3142.85127,1.34080
3140.81178,1.33698
3138.77229,1.33392
3136.73280,1.33106
3134.69332,1.32834
3132.65383,1.32639
3130.61434,1.32457
3128.57485,1.32120
3126.53536,1.31746
3124.49587,1.31484
3122.45639,1.31246
3120.41690,1.30918
3118.37741,1.30485
3116.33792,1.30091
3114.29843,1.29826
3112.25895,1.29598
3110.21946,1.29267
3108.17997,1.28808
3106.14048,1.28395
3104.10099,1.28213
3102.06150,1.28070
3100.02202,1.27739
3097.98253,1.27505
3095.94304,1.27441
3093.90355,1.27296
3091.86406,1.27146
3089.82458,1.27103
3087.78509,1.26972
3085.74560,1.26592
3083.70611,1.26087
3081.66662,1.25743
3079.62714,1.25721
3077.58765,1.25707
3075.54816,1.25417
3073.50867,1.25023
3071.46918,1.24668
3069.42969,1.24465
3067.39021,1.24395
3065.35072,1.24256
3063.31123,1.24090
3061.27174,1.23837
3059.23225,1.23305
3057.19277,1.22644
3055.15328,1.22124
3053.11379,1.21734
3051.07430,1.21335
3049.03481,1.21018
3046.99532,1.20881
3044.95584,1.20745
3042.91635,1.20461
3040.87686,1.20155
3038.83737,1.19965
3036.79788,1.19831
3034.75840,1.19635
3032.71891,1.19415
3030.67942,1.19214
3028.63993,1.18898
3026.60044,1.18512
3024.56095,1.18223
3022.52147,1.17978
3020.48198,1.17686
3018.44249,1.17405
3016.40300,1.17240
3014.36351,1.17201
3012.32403,1.17201
3010.28454,1.17129
3008.24505,1.16971
3006.20556,1.16863
3004.16607,1.16868
3002.12658,1.16869
3000.08710,1.16814
2998.04761,1.16772
2996.00812,1.16848
2993.96863,1.17138
2991.92914,1.17633
2989.88966,1.18241
2987.85017,1.18876
2985.81068,1.19501
2983.77119,1.20099
2981.73170,1.20727
2979.69221,1.21526
2977.65273,1.22514
2975.61324,1.23431
2973.57375,1.24259
2971.53426,1.25137
2969.49477,1.25944
2967.45529,1.26721
2965.41580,1.27635
2963.37631,1.28532
2961.33682,1.28992
2959.29733,1.29064
2957.25784,1.29156
2955.21836,1.29356
2953.17887,1.29548
2951.13938,1.29728
2949.09989,1.30057
2947.06040,1.30509
2945.02092,1.31034
2942.98143,1.31734
2940.94194,1.32675
2938.90245,1.33581
2936.86296,1.34087
2934.82348,1.34428
2932.78399,1.34826
2930.74450,1.35123
2928.70501,1.35277
2926.66552,1.35357
2924.62603,1.35394
2922.58655,1.35390
2920.54706,1.35391
2918.50757,1.35054
2916.46808,1.33756
2914.42859,1.31973
2912.38911,1.30552
2910.34962,1.29372
2908.31013,1.28281
2906.27064,1.27391
2904.23115,1.26570
2902.19166,1.25716
2900.15218,1.24935
2898.11269,1.24413
2896.07320,1.24196
2894.03371,1.23818
2891.99422,1.22983
2889.95474,1.22236
2887.91525,1.21825
2885.87576,1.21388
2883.83627,1.20979
2881.79678,1.20919
2879.75729,1.20966
2877.71781,1.20797
2875.67832,1.20554
2873.63883,1.20300
2871.59934,1.19943
2869.55985,1.19441
2867.52037,1.18993
2865.48088,1.18782
2863.44139,1.18626
2861.40190,1.18626
2859.36241,1.18870
2857.32292,1.19039
2855.28344,1.19128
2853.24395,1.19288
2851.20446,1.19199
2849.16497,1.18245
2847.12548,1.16244
2845.08600,1.13779
2843.04651,1.11529
2841.00702,1.09715
2838.96753,1.08391
2836.92804,1.07448
2834.88855,1.06491
2832.84907,1.05531
2830.80958,1.04877
2828.77009,1.04366
2826.73060,1.03799
2824.69111,1.03331
2822.65163,1.02978
2820.61214,1.02581
2818.57265,1.02108
2816.53316,1.01631
2814.49367,1.01167
2812.45418,1.00712
2810.41470,1.00282
2808.37521,0.99889
2806.33572,0.99563
2804.29623,0.99321
2802.25674,0.99148
2800.21726,0.98877
2798.17777,0.98388
2796.13828,0.97885
2794.09879,0.97617
2792.05930,0.97549
2790.01982,0.97361
2787.98033,0.96990
2785.94084,0.96651
2783.90135,0.96370
2781.86186,0.96173
2779.82237,0.96105
2777.78289,0.96054
2775.74340,0.95887
2773.70391,0.95600
2771.66442,0.95338
2769.62493,0.95116
2767.58545,0.94892
2765.54596,0.94818
2763.50647,0.94861
2761.46698,0.94734
2759.42749,0.94482
2757.38800,0.94354
2755.34852,0.94265
2753.30903,0.94097
2751.26954,0.93966
2749.23005,0.93849
2747.19056,0.93679
2745.15108,0.93552
2743.11159,0.93463
2741.07210,0.93376
2739.03261,0.93250
2736.99312,0.92993
2734.95363,0.92786
2732.91415,0.92753
2730.87466,0.92684
2728.83517,0.92541
2726.79568,0.92400
2724.75619,0.92201
2722.71671,0.92008
2720.67722,0.91867
2718.63773,0.91670
2716.59824,0.91458
2714.55875,0.91304
2712.51926,0.91143
2710.47978,0.90933
2708.44029,0.90695
2706.40080,0.90425
2704.36131,0.90162
2702.32182,0.90024
2700.28234,0.89951
2698.24285,0.89732
2696.20336,0.89391
2694.16387,0.89115
2692.12438,0.88911
2690.08489,0.88754
2688.04541,0.88612
2686.00592,0.88426
2683.96643,0.88259
2681.92694,0.88114
2679.88745,0.87911
2677.84797,0.87648
2675.80848,0.87349
2673.76899,0.87031
2671.72950,0.86770
2669.69001,0.86599
2667.65052,0.86460
2665.61104,0.86296
2663.57155,0.86033
2661.53206,0.85687
2659.49257,0.85424
2657.45308,0.85299
2655.41360,0.85211
2653.37411,0.85089
2651.33462,0.84866
2649.29513,0.84576
2647.25564,0.84320
2645.21616,0.84128
2643.17667,0.83951
2641.13718,0.83699
2639.09769,0.83395
2637.05820,0.83102
2635.01871,0.82818
2632.97923,0.82572
2630.93974,0.82401
2628.90025,0.82266
2626.86076,0.82079
2624.82127,0.81847
2622.78179,0.81616
2620.74230,0.81375
2618.70281,0.81173
2616.66332,0.81039
2614.62383,0.80905
2612.58434,0.80758
2610.54486,0.80583
2608.50537,0.80314
2606.46588,0.80000
2604.42639,0.79766
2602.38690,0.79583
2600.34742,0.79331
2598.30793,0.79066
2596.26844,0.78878
2594.22895,0.78704
2592.18946,0.78527
2590.14997,0.78370
2588.11049,0.78180
2586.07100,0.77959
2584.03151,0.77725
2581.99202,0.77519
2579.95253,0.77400
2577.91305,0.77268
2575.87356,0.77052
2573.83407,0.76866
2571.79458,0.76712
2569.75509,0.76504
2567.71560,0.76280
2565.67612,0.76078
2563.63663,0.75880
2561.59714,0.75705
2559.55765,0.75539
2557.51816,0.75374
2555.47868,0.75228
2553.43919,0.75038
2551.39970,0.74777
2549.36021,0.74585
2547.32072,0.74484
2545.28123,0.74315
2543.24175,0.74052
2541.20226,0.73801
2539.16277,0.73622
2537.12328,0.73504
2535.08379,0.73372
2533.04431,0.73173
2531.00482,0.72941
2528.96533,0.72744
2526.92584,0.72578
2524.88635,0.72390
2522.84686,0.72193
2520.80738,0.72044
2518.76789,0.71912
2516.72840,0.71728
2514.68891,0.71532
2512.64942,0.71346
2510.60994,0.71136
2508.57045,0.70912
2506.53096,0.70701
2504.49147,0.70544
2502.45198,0.70411
2500.41250,0.70227
2498.37301,0.70028
2496.33352,0.69840
2494.29403,0.69601
2492.25454,0.69373
2490.21505,0.69221
2488.17557,0.69051
2486.13608,0.68822
2484.09659,0.68583
2482.05710,0.68361
2480.01761,0.68141
2477.97813,0.67916
2475.93864,0.67661
2473.89915,0.67412
2471.85966,0.67248
2469.82017,0.67113
2467.78068,0.66917
2465.74120,0.66665
2463.70171,0.66407
2461.66222,0.66174
2459.62273,0.65956
2457.58324,0.65739
2455.54376,0.65552
2453.50427,0.65385
2451.46478,0.65191
2449.42529,0.64983
2447.38580,0.64797
2445.34631,0.64581
2443.30683,0.64342
2441.26734,0.64171
2439.22785,0.64033
2437.18836,0.63841
2435.14887,0.63608
2433.10939,0.63385
2431.06990,0.63210
2429.03041,0.63056
2426.99092,0.62854
2424.95143,0.62599
2422.91194,0.62354
2420.87246,0.62121
2418.83297,0.61890
2416.79348,0.61691
2414.75399,0.61517
2412.71450,0.61326
2410.67502,0.61109
2408.63553,0.60889
2406.59604,0.60682
2404.55655,0.60502
2402.51706,0.60343
2400.47757,0.60185
2398.43809,0.60029
2396.39860,0.59864
2394.35911,0.59693
2392.31962,0.59552
2390.28013,0.59453
2388.24065,0.59353
2386.20116,0.59239
2384.16167,0.59161
2382.12218,0.59135
2380.08269,0.59100
2378.04320,0.59026
2376.00372,0.58952
2373.96423,0.58897
2371.92474,0.58836
2369.88525,0.58747
2367.84576,0.58686
2365.80628,0.58723
2363.76679,0.58816
2361.72730,0.58789
2359.68781,0.58515
2357.64832,0.58140
2355.60884,0.57892
2353.56935,0.57797
2351.52986,0.57826
2349.49037,0.57890
2347.45088,0.57817
2345.41139,0.57598
2343.37191,0.57428
2341.33242,0.57380
2339.29293,0.57263
2337.25344,0.57009
2335.21395,0.56799
2333.17447,0.56719
2331.13498,0.56688
2329.09549,0.56620
2327.05600,0.56448
2325.01651,0.56186
2322.97702,0.55960
2320.93754,0.55823
2318.89805,0.55695
2316.85856,0.55522
2314.81907,0.55343
2312.77958,0.55205
2310.74010,0.55118
2308.70061,0.55046
2306.66112,0.54928
2304.62163,0.54785
2302.58214,0.54671
2300.54265,0.54565
2298.50317,0.54430
2296.46368,0.54274
2294.42419,0.54130
2292.38470,0.54032
2290.34521,0.53972
2288.30573,0.53907
2286.26624,0.53826
2284.22675,0.53743
2282.18726,0.53670
2280.14777,0.53602
2278.10828,0.53533
2276.06880,0.53472
2274.02931,0.53423
2271.98982,0.53395
2269.95033,0.53396
2267.91084,0.53396
2265.87136,0.53367
2263.83187,0.53317
2261.79238,0.53267
2259.75289,0.53222
2257.71340,0.53171
2255.67391,0.53115
2253.63443,0.53074
2251.59494,0.53068
2249.55545,0.53076
2247.51596,0.53067
2245.47647,0.53036
2243.43699,0.53009
2241.39750,0.52961
2239.35801,0.52923
2237.31852,0.52959
2235.27903,0.53016
2233.23954,0.53015
2231.20006,0.52961
2229.16057,0.52915
2227.12108,0.52918
2225.08159,0.52936
2223.04210,0.52951
2221.00262,0.52964
2218.96313,0.52976
2216.92364,0.52988
2214.88415,0.52949
2212.84466,0.52881
2210.80518,0.52874
2208.76569,0.52927
2206.72620,0.53006
2204.68671,0.53060
2202.64722,0.53056
2200.60773,0.53030
2198.56825,0.53019
2196.52876,0.53031
2194.48927,0.53077
2192.44978,0.53147
2190.41029,0.53192
2188.37081,0.53203
2186.33132,0.53207
2184.29183,0.53230
2182.25234,0.53295
2180.21285,0.53382
2178.17336,0.53453
2176.13388,0.53482
2174.09439,0.53485
2172.05490,0.53498
2170.01541,0.53496
2167.97592,0.53487
2165.93644,0.53525
2163.89695,0.53600
2161.85746,0.53683
2159.81797,0.53772
2157.77848,0.53814
2155.73899,0.53780
2153.69951,0.53736
2151.66002,0.53717
2149.62053,0.53722
2147.58104,0.53774
2145.54155,0.53817
2143.50207,0.53805
2141.46258,0.53783
2139.42309,0.53794
2137.38360,0.53803
2135.34411,0.53780
2133.30462,0.53765
2131.26514,0.53766
2129.22565,0.53760
2127.18616,0.53780
2125.14667,0.53804
2123.10718,0.53741
2121.06770,0.53614
2119.02821,0.53525
2116.98872,0.53502
2114.94923,0.53509
2112.90974,0.53517
2110.87025,0.53513
2108.83077,0.53457
2106.79128,0.53368
2104.75179,0.53314
2102.71230,0.53296
2100.67281,0.53275
2098.63333,0.53224
2096.59384,0.53149
2094.55435,0.53074
2092.51486,0.53021
2090.47537,0.52987
2088.43588,0.52932
2086.39640,0.52875
2084.35691,0.52851
2082.31742,0.52852
2080.27793,0.52854
2078.23844,0.52864
2076.19896,0.52896
2074.15947,0.52872
2072.11998,0.52782
2070.08049,0.52737
2068.04100,0.52758
2066.00152,0.52778
2063.96203,0.52734
2061.92254,0.52667
2059.88305,0.52655
2057.84356,0.52648
2055.80407,0.52600
2053.76459,0.52565
2051.72510,0.52554
2049.68561,0.52520
2047.64612,0.52436
2045.60663,0.52345
2043.56715,0.52328
2041.52766,0.52337
2039.48817,0.52269
2037.44868,0.52164
2035.40919,0.52068
2033.36970,0.51995
2031.33022,0.51962
2029.29073,0.51912
2027.25124,0.51818
2025.21175,0.51716
2023.17226,0.51613
2021.13278,0.51521
2019.09329,0.51464
2017.05380,0.51398
2015.01431,0.51299
2012.97482,0.51210
2010.93533,0.51147
2008.89585,0.51105
2006.85636,0.51081
2004.81687,0.51029
2002.77738,0.50936
2000.73789,0.50857
1998.69841,0.50808
1996.65892,0.50774
1994.61943,0.50777
1992.57994,0.50801
1990.54045,0.50772
1988.50096,0.50716
1986.46148,0.50677
1984.42199,0.50653
1982.38250,0.50654
1980.34301,0.50673
1978.30352,0.50681
1976.26404,0.50661
1974.22455,0.50633
1972.18506,0.50636
1970.14557,0.50698
1968.10608,0.50767
1966.06659,0.50764
1964.02711,0.50740
1961.98762,0.50757
1959.94813,0.50771
1957.90864,0.50757
1955.86915,0.50710
1953.82967,0.50651
1951.79018,0.50624
1949.75069,0.50654
1947.71120,0.50722
1945.67171,0.50790
1943.63222,0.50826
1941.59274,0.50768
1939.55325,0.50686
1937.51376,0.50681
1935.47427,0.50696
1933.43478,0.50685
1931.39530,0.50679
1929.35581,0.50689
1927.31632,0.50734
1925.27683,0.50859
1923.23734,0.50992
1921.19786,0.51047
1919.15837,0.51108
1917.11888,0.51120
1915.07939,0.51051
1913.03990,0.51063
1911.00041,0.51170
1908.96093,0.51273
1906.92144,0.51343
1904.88195,0.51407
1902.84246,0.51437
1900.80297,0.51434
1898.76349,0.51474
1896.72400,0.51575
1894.68451,0.51678
1892.64502,0.51816
1890.60553,0.52028
1888.56604,0.52153
1886.52656,0.52151
1884.48707,0.52158
1882.44758,0.52208
1880.40809,0.52294
1878.36860,0.52411
1876.32912,0.52524
1874.28963,0.52625
1872.25014,0.52805
1870.21065,0.53100
1868.17116,0.53298
1866.13167,0.53280
1864.09219,0.53249
1862.05270,0.53320
1860.01321,0.53435
1857.97372,0.53552
1855.93423,0.53690
1853.89475,0.53859
1851.85526,0.54047
1849.81577,0.54268
1847.77628,0.54570
1845.73679,0.54958
1843.69730,0.55224
1841.65782,0.55260
1839.61833,0.55334
1837.57884,0.55564
1835.53935,0.55851
1833.49986,0.56207
1831.46038,0.56676
1829.42089,0.57114
1827.38140,0.57451
1825.34191,0.57760
1823.30242,0.58009
1821.26293,0.58300
1819.22345,0.58749
1817.18396,0.59260
1815.14447,0.59782
1813.10498,0.60387
1811.06549,0.61038
1809.02601,0.61626
1806.98652,0.62200
1804.94703,0.62898
1802.90754,0.63783
1800.86805,0.64753
1798.82856,0.65645
1796.78908,0.66522
1794.74959,0.67592
1792.71010,0.68873
1790.67061,0.70083
1788.63112,0.71152
1786.59164,0.72352
1784.55215,0.73796
1782.51266,0.75410
1780.47317,0.77051
1778.43368,0.78593
1776.39420,0.80197
1774.35471,0.82260
1772.31522,0.84855
1770.27573,0.87570
1768.23624,0.90264
1766.19675,0.93119
1764.15727,0.96401
1762.11778,1.00364
1760.07829,1.04580
1758.03880,1.08623
1755.99931,1.12496
1753.95983,1.16105
1751.92034,1.19802
1749.88085,1.23726
1747.84136,1.27184
1745.80187,1.29938
1743.76238,1.32436
1741.72290,1.34682
1739.68341,1.36250
1737.64392,1.37172
1735.60443,1.37735
1733.56494,1.37590
1731.52546,1.36908
1729.48597,1.36428
1727.44648,1.35980
1725.40699,1.35247
1723.36750,1.34320
1721.32801,1.33585
1719.28853,1.33085
1717.24904,1.32324
1715.20955,1.31370
1713.17006,1.30692
1711.13057,1.30186
1709.09109,1.29892
1707.05160,1.30140
1705.01211,1.30991
1702.97262,1.32446
1700.93313,1.34571
1698.89364,1.36939
1696.85416,1.39432
1694.81467,1.42032
1692.77518,1.44181
1690.73569,1.46064
1688.69620,1.47986
1686.65672,1.50282
1684.61723,1.53145
1682.57774,1.55612
1680.53825,1.57483
1678.49876,1.59384
1676.45927,1.61228
1674.41979,1.62703
1672.38030,1.64003
1670.34081,1.65674
1668.30132,1.67519
1666.26183,1.68953
1664.22235,1.70069
1662.18286,1.70989
1660.14337,1.71623
1658.10388,1.71959
1656.06439,1.72274
1654.02490,1.72505
1651.98542,1.71963
1649.94593,1.71321
1647.90644,1.70913
1645.86695,1.70350
1643.82746,1.70294
1641.78798,1.70941
1639.74849,1.71505
1637.70900,1.71512
1635.66951,1.70717
1633.63002,1.69444
1631.59054,1.68822
1629.55105,1.69006
1627.51156,1.69271
1625.47207,1.69171
1623.43258,1.68740
1621.39309,1.68183
1619.35361,1.68051
1617.31412,1.68194
1615.27463,1.67736
1613.23514,1.66805
1611.19565,1.66099
1609.15617,1.65707
1607.11668,1.65042
1605.07719,1.63880
1603.03770,1.62974
1600.99821,1.62651
1598.95872,1.62119
1596.91924,1.60901
1594.87975,1.59565
1592.84026,1.58715
1590.80077,1.58058
1588.76128,1.56979
1586.72180,1.55676
1584.68231,1.54699
1582.64282,1.54005
1580.60333,1.53236
1578.56384,1.52305
1576.52435,1.51360
1574.48487,1.50639
1572.44538,1.50283
1570.40589,1.50091
1568.36640,1.49856
1566.32691,1.49507
1564.28743,1.48913
1562.24794,1.48359
1560.20845,1.48155
1558.16896,1.47919
1556.12947,1.47782
1554.08998,1.48216
1552.05050,1.48774
1550.01101,1.48784
1547.97152,1.48327
1545.93203,1.48050
1543.89254,1.48056
1541.85306,1.47806
1539.81357,1.46947
1537.77408,1.45875
1535.73459,1.45135
1533.69510,1.44770
1531.65561,1.44746
1529.61613,1.44892
1527.57664,1.44612
1525.53715,1.43748
1523.49766,1.43183
1521.45817,1.43285
1519.41869,1.43186
1517.37920,1.42355
1515.33971,1.41162
1513.30022,1.40130
1511.26073,1.39286
1509.22124,1.38361
1507.18176,1.37049
1505.14227,1.35449
1503.10278,1.34226
1501.06329,1.33339
1499.02380,1.32396
1496.98432,1.31231
1494.94483,1.30082
1492.90534,1.29426
1490.86585,1.29352
1488.82636,1.29493
1486.78688,1.29626
1484.74739,1.30013
1482.70790,1.30877
1480.66841,1.32092
1478.62892,1.33625
1476.58943,1.35710
1474.54995,1.38359
1472.51046,1.41276
1470.47097,1.43963
1468.43148,1.46109
1466.39199,1.47753
1464.35251,1.48866
1462.31302,1.49698
1460.27353,1.50896
1458.23404,1.52547
1456.19455,1.53750
1454.15506,1.54297
1452.11558,1.54943
1450.07609,1.55883
1448.03660,1.56788
1445.99711,1.57364
1443.95762,1.57770
1441.91814,1.58367
1439.87865,1.59081
1437.83916,1.59394
1435.79967,1.59025
1433.76018,1.58314
1431.72069,1.57689
1429.68121,1.57347
1427.64172,1.57193
1425.60223,1.56955
1423.56274,1.56793
1421.52325,1.57168
1419.48377,1.57707
1417.44428,1.57584
1415.40479,1.57051
1413.36530,1.56744
1411.32581,1.56691
1409.28632,1.56698
1407.24684,1.56884
1405.20735,1.57117
1403.16786,1.56818
1401.12837,1.56157
1399.08888,1.55879
1397.04940,1.56200
1395.00991,1.56675
1392.97042,1.56871
1390.93093,1.56843
1388.89144,1.56883
1386.85195,1.56927
1384.81247,1.56689
1382.77298,1.56381
1380.73349,1.56379
1378.69400,1.56731
1376.65451,1.57168
1374.61503,1.57322
1372.57554,1.57063
1370.53605,1.56418
1368.49656,1.55429
1366.45707,1.54352
1364.41758,1.53465
1362.37810,1.52691
1360.33861,1.52034
1358.29912,1.51748
1356.25963,1.51870
1354.22014,1.52069
1352.18066,1.51867
1350.14117,1.51275
1348.10168,1.50716
1346.06219,1.50348
1344.02270,1.50309
1341.98322,1.50643
1339.94373,1.50860
1337.90424,1.50819
1335.86475,1.50957
1333.82526,1.51121
1331.78577,1.51018
1329.74629,1.50911
1327.70680,1.51011
1325.66731,1.51208
1323.62782,1.51280
1321.58833,1.51116
1319.54885,1.50869
1317.50936,1.50813
1315.46987,1.50894
1313.43038,1.50662
1311.39089,1.50152
1309.35140,1.49669
1307.31192,1.49169
1305.27243,1.48788
1303.23294,1.48707
1301.19345,1.48707
1299.15396,1.48571
1297.11448,1.48486
1295.07499,1.48763
1293.03550,1.49252
1290.99601,1.49500
1288.95652,1.49673
1286.91703,1.50326
1284.87755,1.51108
1282.83806,1.51257
1280.79857,1.50955
1278.75908,1.50954
1276.71959,1.51481
1274.68011,1.52212
1272.64062,1.52848
1270.60113,1.53031
1268.56164,1.52747
1266.52215,1.52782
1264.48266,1.53411
1262.44318,1.53742
1260.40369,1.53504
1258.36420,1.53491
1256.32471,1.53834
1254.28522,1.54034
1252.24574,1.54091
1250.20625,1.54082
1248.16676,1.53650
1246.12727,1.52907
1244.08778,1.52574
1242.04829,1.52790
1240.00881,1.52811
1237.96932,1.52245
1235.92983,1.51406
1233.89034,1.50510
1231.85085,1.49562
1229.81137,1.48792
1227.77188,1.48405
1225.73239,1.48050
1223.69290,1.47419
1221.65341,1.46575
1219.61392,1.45647
1217.57444,1.44926
1215.53495,1.44605
1213.49546,1.44492
1211.45597,1.44104
1209.41648,1.43545
1207.37700,1.43376
1205.33751,1.43407
1203.29802,1.43290
1201.25853,1.43267
1199.21904,1.43350
1197.17956,1.43184
1195.14007,1.42848
1193.10058,1.42428
1191.06109,1.42017
1189.02160,1.42043
1186.98211,1.42665
1184.94263,1.43720
1182.90314,1.44908
1180.86365,1.45980
1178.82416,1.47027
1176.78467,1.48381
1174.74519,1.50193
1172.70570,1.52326
1170.66621,1.54371
1168.62672,1.55937
1166.58723,1.56981
1164.54774,1.57499
1162.50826,1.57784
1160.46877,1.58231
1158.42928,1.58833
1156.38979,1.59137
1154.35030,1.58803
1152.31082,1.58079
1150.27133,1.57449
1148.23184,1.57469
1146.19235,1.57950
1144.15286,1.58094
1142.11337,1.58192
1140.07389,1.59010
1138.03440,1.60003
1135.99491,1.60531
1133.95542,1.60817
1131.91593,1.61144
1129.87645,1.61909
1127.83696,1.62719
1125.79747,1.62933
1123.75798,1.63152
1121.71849,1.64179
1119.67900,1.66074
1117.63952,1.68070
1115.60003,1.68843
1113.56054,1.68310
1111.52105,1.68124
1109.48156,1.68584
1107.44208,1.68523
1105.40259,1.67771
1103.36310,1.67048
1101.32361,1.66371
1099.28412,1.65989
1097.24463,1.66600
1095.20515,1.67569
1093.16566,1.67633
1091.12617,1.66983
1089.08668,1.66218
1087.04719,1.65784
1085.00771,1.66245
1082.96822,1.67502
1080.92873,1.68419
1078.88924,1.68026
1076.84975,1.67290
1074.81027,1.67118
1072.77078,1.66721
1070.73129,1.65868
1068.69180,1.65559
1066.65231,1.65972
1064.61282,1.65553
1062.57334,1.64363
1060.53385,1.63830
1058.49436,1.63366
1056.45487,1.62628
1054.41538,1.61925
1052.37590,1.60973
1050.33641,1.60184
1048.29692,1.59967
1046.25743,1.60003
1044.21794,1.59643
1042.17845,1.58821
1040.13897,1.58250
1038.09948,1.57989
1036.05999,1.57207
1034.02050,1.55749
1031.98101,1.54428
1029.94153,1.53602
1027.90204,1.53154
1025.86255,1.52696
1023.82306,1.51700
1021.78357,1.50572
1019.74408,1.49788
1017.70460,1.48916
1015.66511,1.47696
1013.62562,1.46535
1011.58613,1.45654
1009.54664,1.44455
1007.50716,1.42592
1005.46767,1.40791
1003.42818,1.39575
1001.38869,1.38624
999.34920,1.37549
997.30971,1.36268
995.27023,1.34980
993.23074,1.33873
991.19125,1.33050
989.15176,1.32426
987.11227,1.31529
985.07279,1.30082
983.03330,1.28222
980.99381,1.26520
978.95432,1.25527
976.91483,1.25072
974.87534,1.24710
972.83586,1.24152
970.79637,1.23376
968.75688,1.22508
966.71739,1.21668
964.67790,1.20970
962.63842,1.20270
960.59893,1.19458
958.55944,1.18613
956.51995,1.17766
954.48046,1.16885
952.44097,1.15931
950.40149,1.14908
948.36200,1.13793
946.32251,1.12599
944.28302,1.11564
942.24353,1.10972
940.20405,1.10701
938.16456,1.10492
936.12507,1.10566
934.08558,1.11001
932.04609,1.11367
930.00661,1.11610
927.96712,1.12077
925.92763,1.12776
923.88814,1.13424
921.84865,1.13771
919.80916,1.13762
917.76968,1.13558
915.73019,1.13462
913.69070,1.13655
911.65121,1.13946
909.61172,1.14198
907.57224,1.14435
905.53275,1.14641
903.49326,1.15024
901.45377,1.15680
899.41428,1.16423
897.37479,1.17187
895.33531,1.17703
893.29582,1.17695
891.25633,1.17415
889.21684,1.17041
887.17735,1.16567
885.13787,1.16092
883.09838,1.15752
881.05889,1.15630
879.01940,1.15820
876.97991,1.16108
874.94042,1.16019
872.90094,1.15852
870.86145,1.16132
868.82196,1.16611
866.78247,1.16905
864.74298,1.16976
862.70350,1.16975
860.66401,1.17027
858.62452,1.17213
856.58503,1.17612
854.54554,1.18143
852.50605,1.18594
850.46657,1.18901
848.42708,1.19380
846.38759,1.20322
844.34810,1.21542
842.30861,1.22868
840.26913,1.24365
838.22964,1.25738
836.19015,1.26365
834.15066,1.26455
832.11117,1.26969
830.07168,1.27831
828.03220,1.28101
825.99271,1.27796
823.95322,1.27701
821.91373,1.27812
819.87424,1.27869
817.83476,1.28160
815.79527,1.28441
813.75578,1.28458
811.71629,1.28592
809.67680,1.28878
807.63731,1.29204
805.59783,1.29725
803.55834,1.30344
801.51885,1.30760
799.47936,1.31000
797.43987,1.31014
795.40039,1.30878
793.36090,1.31216
791.32141,1.31969
789.28192,1.32673
787.24243,1.33585
785.20295,1.34503
783.16346,1.35037
781.12397,1.35711
779.08448,1.36336
777.04499,1.36140
775.00550,1.35605
772.96602,1.35624
770.92653,1.36450
768.88704,1.37764
766.84755,1.38374
764.80806,1.37730
762.76858,1.37037
760.72909,1.36991
758.68960,1.37297
756.65011,1.37804
754.61062,1.38163
752.57113,1.37891
750.53165,1.37227
748.49216,1.37087
746.45267,1.37850
744.41318,1.38813
742.37369,1.39408
740.33421,1.39997
738.29472,1.40531
736.25523,1.40601
734.21574,1.40742
732.17625,1.41302
730.13676,1.42020
728.09728,1.42905
726.05779,1.43722
724.01830,1.44635
721.97881,1.45624
719.93932,1.45873
717.89984,1.45428
715.86035,1.45486
713.82086,1.46012
711.78137,1.46239
709.74188,1.46393
707.70239,1.47092
705.66291,1.48241
703.62342,1.48947
701.58393,1.48809
699.54444,1.48507
697.50495,1.48764
695.46547,1.49472
693.42598,1.49884
691.38649,1.49652
689.34700,1.49090
687.30751,1.48435
685.26802,1.47920
683.22854,1.48246
681.18905,1.49232
679.14956,1.49870
677.11007,1.50193
675.07058,1.50762
673.03110,1.51621
670.99161,1.51994
668.95212,1.51090
666.91263,1.49926
664.87314,1.49445
662.83365,1.49204
660.79417,1.49603
658.75468,1.50998
656.71519,1.52459
654.67570,1.52826
652.63621,1.51821
650.59673,1.50384
648.55724,1.50005
646.51775,1.50779
644.47826,1.50760
642.43877,1.49475
640.39929,1.49048
638.35980,1.49771
636.32031,1.50401
634.28082,1.51322
632.24133,1.52471
630.20184,1.52349
628.16236,1.51337
626.12287,1.51549
624.08338,1.52888
622.04389,1.53543
620.00440,1.52635
617.96492,1.50956
615.92543,1.51320
613.88594,1.52614
611.84645,1.51631
609.80696,1.50723
607.76747,1.51014
605.72799,1.49287
603.68850,1.46590
601.64901,1.45613
599.60952,1.46092
597.57003,1.47039
595.53055,1.48479
593.49106,1.49513
591.45157,1.48953
589.41208,1.48984
587.37259,1.50734
585.33310,1.51075
583.29362,1.48900
581.25413,1.46126
579.21464,1.45680
577.17515,1.52082
575.13566,1.60933
573.09618,1.59358
571.05669,1.51454
569.01720,1.46117
566.97771,1.50306
564.93822,1.58125
562.89873,1.56644
560.85925,1.49583
558.81976,1.48092
556.78027,1.50709
554.74078,1.52434
552.70129,1.51638
550.66181,1.47991
548.62232,1.45572
546.58283,1.49217
544.54334,1.60675
542.50385,1.67235
540.46436,1.61330
538.42488,1.50590
536.38539,1.40996
534.34590,1.34771
532.30641,1.34843
530.26692,1.39669
528.22744,1.43689
526.18795,1.45564
524.14846,1.48284
522.10897,1.48872
520.06948,1.40598
518.02999,1.30520
515.99051,1.29033
513.95102,1.30977
511.91153,1.36360
509.87204,1.42307
507.83255,1.52513
505.79307,1.65733
503.75358,1.56744
501.71409,1.46158
499.67460,1.44272
