3997.39681,0.24991
3995.35732,0.24984
3993.31783,0.24966
3991.27835,0.24968
3989.23886,0.24969
3987.19937,0.24947
3985.15988,0.24891
3983.12039,0.24803
3981.08091,0.24756
3979.04142,0.24796
3977.00193,0.24858
3974.96244,0.24850
3972.92295,0.24756
3970.88346,0.24632
3968.84398,0.24553
3966.80449,0.24545
3964.76500,0.24571
3962.72551,0.24558
3960.68602,0.24472
3958.64654,0.24372
3956.60705,0.24315
3954.56756,0.24295
3952.52807,0.24290
3950.48858,0.24261
3948.44909,0.24172
3946.40961,0.24059
3944.37012,0.23993
3942.33063,0.23964
3940.29114,0.23923
3938.25165,0.23881
3936.21217,0.23876
3934.17268,0.23866
3932.13319,0.23780
3930.09370,0.23650
3928.05421,0.23567
3926.01473,0.23540
3923.97524,0.23505
3921.93575,0.23432
3919.89626,0.23338
3917.85677,0.23243
3915.81728,0.23168
3913.77780,0.23113
3911.73831,0.23054
3909.69882,0.22995
3907.65933,0.22971
3905.61984,0.22957
3903.58036,0.22868
3901.54087,0.22730
3899.50138,0.22630
3897.46189,0.22569
3895.42240,0.22516
3893.38291,0.22452
3891.34343,0.22372
3889.30394,0.22299
3887.26445,0.22244
3885.22496,0.22173
3883.18547,0.22057
3881.14599,0.21921
3879.10650,0.21853
3877.06701,0.21913
3875.02752,0.22000
3872.98803,0.21973
3870.94854,0.21852
3868.90906,0.21750
3866.86957,0.21712
3864.83008,0.21702
3862.79059,0.21668
3860.75110,0.21612
3858.71162,0.21569
3856.67213,0.21515
3854.63264,0.21392
3852.59315,0.21260
3850.55366,0.21274
3848.51417,0.21378
3846.47469,0.21465
3844.43520,0.21513
3842.39571,0.21532
3840.35622,0.21518
3838.31673,0.21460
3836.27725,0.21417
3834.23776,0.21429
3832.19827,0.21434
3830.15878,0.21401
3828.11929,0.21375
3826.07980,0.21382
3824.04032,0.21387
3822.00083,0.21388
3819.96134,0.21417
3817.92185,0.21432
3815.88236,0.21397
3813.84288,0.21391
3811.80339,0.21457
3809.76390,0.21542
3807.72441,0.21602
3805.68492,0.21644
3803.64543,0.21697
3801.60595,0.21751
3799.56646,0.21794
3797.52697,0.21833
3795.48748,0.21875
3793.44799,0.21941
3791.40851,0.22023
3789.36902,0.22089
3787.32953,0.22128
3785.29004,0.22156
3783.25055,0.22226
3781.21107,0.22344
3779.17158,0.22446
3777.13209,0.22537
3775.09260,0.22640
3773.05311,0.22709
3771.01362,0.22731
3768.97414,0.22781
3766.93465,0.22935
3764.89516,0.23181
3762.85567,0.23408
3760.81618,0.23539
3758.77670,0.23627
3756.73721,0.23730
3754.69772,0.23798
3752.65823,0.23815
3750.61874,0.23886
3748.57925,0.24072
3746.53977,0.24281
3744.50028,0.24487
3742.46079,0.24740
3740.42130,0.24998
3738.38181,0.25196
3736.34233,0.25351
3734.30284,0.25561
3732.26335,0.25868
3730.22386,0.26176
3728.18437,0.26424
3726.14488,0.26667
3724.10540,0.26966
3722.06591,0.27330
3720.02642,0.27759
3717.98693,0.28233
3715.94744,0.28679
3713.90796,0.29108
3711.86847,0.29653
3709.82898,0.30370
3707.78949,0.31155
3705.75000,0.31961
3703.71051,0.32886
3701.67103,0.34017
3699.63154,0.35231
3697.59205,0.36317
3695.55256,0.37155
3693.51307,0.37736
3691.47359,0.38183
3689.43410,0.38611
3687.39461,0.39054
3685.35512,0.39562
3683.31563,0.40172
3681.27614,0.40888
3679.23666,0.41712
3677.19717,0.42728
3675.15768,0.44021
3673.11819,0.45393
3671.07870,0.46806
3669.03922,0.48388
3666.99973,0.49887
3664.96024,0.51211
3662.92075,0.52585
3660.88126,0.54070
3658.84177,0.55615
3656.80229,0.57252
3654.76280,0.58844
3652.72331,0.60274
3650.68382,0.61871
3648.64433,0.63758
3646.60485,0.65405
3644.56536,0.66617
3642.52587,0.67741
3640.48638,0.68996
3638.44689,0.70372
3636.40741,0.71830
3634.36792,0.73320
3632.32843,0.74871
3630.28894,0.76665
3628.24945,0.78546
3626.20996,0.79966
3624.17048,0.81117
3622.13099,0.82438
3620.09150,0.83807
3618.05201,0.84897
3616.01252,0.85762
3613.97304,0.86703
3611.93355,0.87808
3609.89406,0.88948
3607.85457,0.90035
3605.81508,0.91094
3603.77559,0.92252
3601.73611,0.93594
3599.69662,0.94862
3597.65713,0.95788
3595.61764,0.96688
3593.57815,0.97890
3591.53867,0.99083
3589.49918,1.00045
3587.45969,1.01055
3585.42020,1.02292
3583.38071,1.03532
3581.34122,1.04498
3579.30174,1.05368
3577.26225,1.06578
3575.22276,1.08020
3573.18327,1.09247
3571.14378,1.10194
3569.10430,1.10989
3567.06481,1.11716
3565.02532,1.12502
3562.98583,1.13356
3560.94634,1.14157
3558.90685,1.14830
3556.86737,1.15423
3554.82788,1.16091
3552.78839,1.16914
3550.74890,1.17811
3548.70941,1.18784
3546.66993,1.19835
3544.63044,1.20757
3542.59095,1.21299
3540.55146,1.21598
3538.51197,1.22150
3536.47248,1.23095
3534.43300,1.24172
3532.39351,1.25289
3530.35402,1.26385
3528.31453,1.27302
3526.27504,1.27999
3524.23556,1.28551
3522.19607,1.29250
3520.15658,1.30157
3518.11709,1.30852
3516.07760,1.31172
3514.03811,1.31364
3511.99863,1.31751
3509.95914,1.32405
3507.91965,1.33003
3505.88016,1.33498
3503.84067,1.34278
3501.80119,1.35301
3499.76170,1.36013
3497.72221,1.36234
3495.68272,1.36461
3493.64323,1.37086
3491.60375,1.37740
3489.56426,1.37981
3487.52477,1.38074
3485.48528,1.38383
3483.44579,1.38841
3481.40630,1.39229
3479.36682,1.39574
3477.32733,1.40257
3475.28784,1.41341
3473.24835,1.42340
3471.20886,1.42767
3469.16938,1.42833
3467.12989,1.43193
3465.09040,1.43999
3463.05091,1.45017
3461.01142,1.45664
3458.97193,1.45316
3456.93245,1.44565
3454.89296,1.44488
3452.85347,1.44871
3450.81398,1.45326
3448.77449,1.46022
3446.73501,1.46592
3444.69552,1.46994
3442.65603,1.47609
3440.61654,1.48200
3438.57705,1.48540
3436.53756,1.48732
3434.49808,1.48838
3432.45859,1.48866
3430.41910,1.48904
3428.37961,1.49141
3426.34012,1.49419
3424.30064,1.49349
3422.26115,1.48858
3420.22166,1.48738
3418.18217,1.49565
3416.14268,1.50384
3414.10319,1.50518
3412.06371,1.50654
3410.02422,1.51326
3407.98473,1.51927
3405.94524,1.51620
3403.90575,1.51066
3401.86627,1.51258
3399.82678,1.51825
3397.78729,1.52372
3395.74780,1.52653
3393.70831,1.52466
3391.66882,1.52205
3389.62934,1.52333
3387.58985,1.52608
3385.55036,1.52047
3383.51087,1.50983
3381.47138,1.50905
3379.43190,1.51731
3377.39241,1.52285
3375.35292,1.52348
3373.31343,1.52341
3371.27394,1.52425
3369.23446,1.52956
3367.19497,1.53904
3365.15548,1.54442
3363.11599,1.54369
3361.07650,1.54153
3359.03701,1.53628
3356.99753,1.52783
3354.95804,1.52744
3352.91855,1.53695
3350.87906,1.54262
3348.83957,1.53937
3346.80009,1.53356
3344.76060,1.53038
3342.72111,1.53407
3340.68162,1.54267
3338.64213,1.54492
3336.60264,1.53506
3334.56316,1.52483
3332.52367,1.52637
3330.48418,1.53289
3328.44469,1.53378
3326.40520,1.53086
3324.36572,1.53009
3322.32623,1.53057
3320.28674,1.52616
3318.24725,1.51766
3316.20776,1.51507
3314.16827,1.52141
3312.12879,1.52821
3310.08930,1.52861
3308.04981,1.52471
3306.01032,1.52340
3303.97083,1.52528
3301.93135,1.52566
3299.89186,1.52465
3297.85237,1.52161
3295.81288,1.51423
3293.77339,1.50835
3291.73390,1.50929
3289.69442,1.51199
3287.65493,1.50997
3285.61544,1.50445
3283.57595,1.49863
3281.53646,1.49399
3279.49698,1.49215
3277.45749,1.49217
3275.41800,1.49137
3273.37851,1.48887
3271.33902,1.48435
3269.29953,1.47995
3267.26005,1.47874
3265.22056,1.47626
3263.18107,1.46740
3261.14158,1.45695
3259.10209,1.45004
3257.06261,1.44573
3255.02312,1.44193
3252.98363,1.43792
3250.94414,1.43411
3248.90465,1.43180
3246.86516,1.42933
3244.82568,1.42441
3242.78619,1.41894
3240.74670,1.41600
3238.70721,1.41783
3236.66772,1.42060
3234.62824,1.41728
3232.58875,1.41134
3230.54926,1.40915
3228.50977,1.40691
3226.47028,1.40167
3224.43080,1.39653
3222.39131,1.39260
3220.35182,1.38932
3218.31233,1.38507
3216.27284,1.38016
3214.23335,1.37702
3212.19387,1.37412
3210.15438,1.37147
3208.11489,1.37263
3206.07540,1.37367
3204.03591,1.36919
3201.99643,1.36218
3199.95694,1.35605
3197.91745,1.35028
3195.87796,1.34527
3193.83847,1.34294
3191.79898,1.34262
3189.75950,1.34257
3187.72001,1.34114
3185.68052,1.33693
3183.64103,1.33103
3181.60154,1.32466
3179.56206,1.31943
3177.52257,1.31840
3175.48308,1.31873
3173.44359,1.31424
3171.40410,1.30707
3169.36461,1.30270
3167.32513,1.30083
3165.28564,1.29862
3163.24615,1.29478
3161.20666,1.28965
3159.16717,1.28354
3157.12769,1.27694
3155.08820,1.27214
3153.04871,1.27066
3151.00922,1.26917
3148.96973,1.26528
3146.93024,1.26082
3144.89076,1.25621
3142.85127,1.25281
3140.81178,1.25290
3138.77229,1.25429
3136.73280,1.25307
3134.69332,1.24866
3132.65383,1.24354
3130.61434,1.23951
3128.57485,1.23574
3126.53536,1.23148
3124.49587,1.22769
3122.45639,1.22571
3120.41690,1.22393
3118.37741,1.21972
3116.33792,1.21545
3114.29843,1.21496
3112.25895,1.21589
3110.21946,1.21364
3108.17997,1.20932
3106.14048,1.20587
3104.10099,1.20394
3102.06150,1.20274
3100.02202,1.20076
3097.98253,1.19806
3095.94304,1.19644
3093.90355,1.19669
3091.86406,1.19735
3089.82458,1.19605
3087.78509,1.19283
3085.74560,1.19006
3083.70611,1.18846
3081.66662,1.18646
3079.62714,1.18302
3077.58765,1.17898
3075.54816,1.17508
3073.50867,1.17127
3071.46918,1.16885
3069.42969,1.16844
3067.39021,1.16779
3065.35072,1.16549
3063.31123,1.16366
3061.27174,1.16258
3059.23225,1.15981
3057.19277,1.15632
3055.15328,1.15297
3053.11379,1.14795
3051.07430,1.14313
3049.03481,1.14164
3046.99532,1.14092
3044.95584,1.13768
3042.91635,1.13354
3040.87686,1.13035
3038.83737,1.12749
3036.79788,1.12466
3034.75840,1.12190
3032.71891,1.11908
3030.67942,1.11586
3028.63993,1.11168
3026.60044,1.10757
3024.56095,1.10455
3022.52147,1.10233
3020.48198,1.10097
3018.44249,1.10019
3016.40300,1.09951
3014.36351,1.09915
3012.32403,1.09852
3010.28454,1.09667
3008.24505,1.09448
3006.20556,1.09263
3004.16607,1.09134
3002.12658,1.09171
3000.08710,1.09312
2998.04761,1.09429
2996.00812,1.09657
2993.96863,1.10116
2991.92914,1.10611
2989.88966,1.11037
2987.85017,1.11541
2985.81068,1.12214
2983.77119,1.12940
2981.73170,1.13653
2979.69221,1.14382
2977.65273,1.15175
2975.61324,1.16128
2973.57375,1.17197
2971.53426,1.18157
2969.49477,1.18988
2967.45529,1.19928
2965.41580,1.20917
2963.37631,1.21683
2961.33682,1.22053
2959.29733,1.22107
2957.25784,1.22243
2955.21836,1.22570
2953.17887,1.22871
2951.13938,1.23129
2949.09989,1.23611
2947.06040,1.24287
2945.02092,1.24741
2942.98143,1.25144
2940.94194,1.25937
2938.90245,1.26884
2936.86296,1.27586
2934.82348,1.28030
2932.78399,1.28313
2930.74450,1.28525
2928.70501,1.28893
2926.66552,1.29455
2924.62603,1.29862
2922.58655,1.29907
2920.54706,1.29733
2918.50757,1.29290
2916.46808,1.28091
2914.42859,1.26116
2912.38911,1.24103
2910.34962,1.22551
2908.31013,1.21422
2906.27064,1.20598
2904.23115,1.19918
2902.19166,1.19115
2900.15218,1.18249
2898.11269,1.17480
2896.07320,1.16656
2894.03371,1.15872
2891.99422,1.15280
2889.95474,1.14821
2887.91525,1.14484
2885.87576,1.14018
2883.83627,1.13388
2881.79678,1.12994
2879.75729,1.12888
2877.71781,1.12861
2875.67832,1.12792
2873.63883,1.12621
2871.59934,1.12228
2869.55985,1.11627
2867.52037,1.11148
2865.48088,1.10909
2863.44139,1.10788
2861.40190,1.10885
2859.36241,1.11289
2857.32292,1.11816
2855.28344,1.12273
2853.24395,1.12607
2851.20446,1.12535
2849.16497,1.11362
2847.12548,1.08957
2845.08600,1.06107
2843.04651,1.03533
2841.00702,1.01518
2838.96753,1.00005
2836.92804,0.98811
2834.88855,0.97856
2832.84907,0.97076
2830.80958,0.96405
2828.77009,0.95797
2826.73060,0.95204
2824.69111,0.94629
2822.65163,0.94072
2820.61214,0.93479
2818.57265,0.92886
2816.53316,0.92371
2814.49367,0.91918
2812.45418,0.91528
2810.41470,0.91177
2808.37521,0.90772
2806.33572,0.90376
2804.29623,0.90051
2802.25674,0.89726
2800.21726,0.89371
2798.17777,0.88999
2796.13828,0.88698
2794.09879,0.88511
2792.05930,0.88301
2790.01982,0.88005
2787.98033,0.87725
2785.94084,0.87507
2783.90135,0.87262
2781.86186,0.86923
2779.82237,0.86620
2777.78289,0.86458
2775.74340,0.86295
2773.70391,0.86017
2771.66442,0.85755
2769.62493,0.85616
2767.58545,0.85516
2765.54596,0.85417
2763.50647,0.85295
2761.46698,0.85084
2759.42749,0.84825
2757.38800,0.84570
2755.34852,0.84377
2753.30903,0.84265
2751.26954,0.84152
2749.23005,0.84081
2747.19056,0.84052
2745.15108,0.83867
2743.11159,0.83562
2741.07210,0.83349
2739.03261,0.83196
2736.99312,0.82969
2734.95363,0.82722
2732.91415,0.82578
2730.87466,0.82466
2728.83517,0.82323
2726.79568,0.82210
2724.75619,0.82050
2722.71671,0.81794
2720.67722,0.81570
2718.63773,0.81396
2716.59824,0.81173
2714.55875,0.80873
2712.51926,0.80541
2710.47978,0.80267
2708.44029,0.80071
2706.40080,0.79851
2704.36131,0.79618
2702.32182,0.79439
2700.28234,0.79289
2698.24285,0.79126
2696.20336,0.78891
2694.16387,0.78610
2692.12438,0.78421
2690.08489,0.78312
2688.04541,0.78114
2686.00592,0.77857
2683.96643,0.77707
2681.92694,0.77590
2679.88745,0.77324
2677.84797,0.76959
2675.80848,0.76718
2673.76899,0.76601
2671.72950,0.76398
2669.69001,0.76059
2667.65052,0.75729
2665.61104,0.75515
2663.57155,0.75364
2661.53206,0.75193
2659.49257,0.74996
2657.45308,0.74817
2655.41360,0.74620
2653.37411,0.74323
2651.33462,0.73990
2649.29513,0.73749
2647.25564,0.73614
2645.21616,0.73470
2643.17667,0.73249
2641.13718,0.73029
2639.09769,0.72837
2637.05820,0.72637
2635.01871,0.72455
2632.97923,0.72287
2630.93974,0.72068
2628.90025,0.71801
2626.86076,0.71519
2624.82127,0.71232
2622.78179,0.70981
2620.74230,0.70793
2618.70281,0.70636
2616.66332,0.70475
2614.62383,0.70276
2612.58434,0.70100
2610.54486,0.70008
2608.50537,0.69872
2606.46588,0.69621
2604.42639,0.69372
2602.38690,0.69210
2600.34742,0.69078
2598.30793,0.68906
2596.26844,0.68692
2594.22895,0.68445
2592.18946,0.68234
2590.14997,0.68081
2588.11049,0.67913
2586.07100,0.67715
2584.03151,0.67505
2581.99202,0.67304
2579.95253,0.67169
2577.91305,0.67080
2575.87356,0.66936
2573.83407,0.66718
2571.79458,0.66522
2569.75509,0.66378
2567.71560,0.66216
2565.67612,0.66007
2563.63663,0.65805
2561.59714,0.65676
2559.55765,0.65556
2557.51816,0.65384
2555.47868,0.65235
2553.43919,0.65158
2551.39970,0.65081
2549.36021,0.64922
2547.32072,0.64718
2545.28123,0.64524
2543.24175,0.64364
2541.20226,0.64235
2539.16277,0.64087
2537.12328,0.63895
2535.08379,0.63683
2533.04431,0.63500
2531.00482,0.63388
2528.96533,0.63316
2526.92584,0.63205
2524.88635,0.63036
2522.84686,0.62860
2520.80738,0.62704
2518.76789,0.62568
2516.72840,0.62427
2514.68891,0.62270
2512.64942,0.62113
2510.60994,0.61940
2508.57045,0.61763
2506.53096,0.61622
2504.49147,0.61481
2502.45198,0.61298
2500.41250,0.61110
2498.37301,0.60928
2496.33352,0.60763
2494.29403,0.60618
2492.25454,0.60462
2490.21505,0.60289
2488.17557,0.60112
2486.13608,0.59941
2484.09659,0.59781
2482.05710,0.59632
2480.01761,0.59473
2477.97813,0.59278
2475.93864,0.59081
2473.89915,0.58921
2471.85966,0.58799
2469.82017,0.58695
2467.78068,0.58545
2465.74120,0.58341
2463.70171,0.58162
2461.66222,0.58015
2459.62273,0.57850
2457.58324,0.57680
2455.54376,0.57520
2453.50427,0.57373
2451.46478,0.57270
2449.42529,0.57173
2447.38580,0.57025
2445.34631,0.56861
2443.30683,0.56685
2441.26734,0.56493
2439.22785,0.56328
2437.18836,0.56202
2435.14887,0.56078
2433.10939,0.55931
2431.06990,0.55772
2429.03041,0.55622
2426.99092,0.55491
2424.95143,0.55370
2422.91194,0.55219
2420.87246,0.55034
2418.83297,0.54883
2416.79348,0.54769
2414.75399,0.54639
2412.71450,0.54479
2410.67502,0.54289
2408.63553,0.54133
2406.59604,0.54073
2404.55655,0.54007
2402.51706,0.53862
2400.47757,0.53719
2398.43809,0.53599
2396.39860,0.53483
2394.35911,0.53369
2392.31962,0.53263
2390.28013,0.53170
2388.24065,0.53089
2386.20116,0.53024
2384.16167,0.53003
2382.12218,0.53023
2380.08269,0.53017
2378.04320,0.52948
2376.00372,0.52863
2373.96423,0.52823
2371.92474,0.52823
2369.88525,0.52841
2367.84576,0.52892
2365.80628,0.52952
2363.76679,0.52923
2361.72730,0.52801
2359.68781,0.52696
2357.64832,0.52612
2355.60884,0.52442
2353.56935,0.52184
2351.52986,0.51949
2349.49037,0.51815
2347.45088,0.51776
2345.41139,0.51751
2343.37191,0.51643
2341.33242,0.51468
2339.29293,0.51289
2337.25344,0.51092
2335.21395,0.50899
2333.17447,0.50796
2331.13498,0.50769
2329.09549,0.50725
2327.05600,0.50611
2325.01651,0.50458
2322.97702,0.50287
2320.93754,0.50083
2318.89805,0.49908
2316.85856,0.49814
2314.81907,0.49747
2312.77958,0.49669
2310.74010,0.49592
2308.70061,0.49498
2306.66112,0.49367
2304.62163,0.49224
2302.58214,0.49092
2300.54265,0.48986
2298.50317,0.48918
2296.46368,0.48864
2294.42419,0.48786
2292.38470,0.48690
2290.34521,0.48603
2288.30573,0.48543
2286.26624,0.48495
2284.22675,0.48430
2282.18726,0.48365
2280.14777,0.48336
2278.10828,0.48315
2276.06880,0.48258
2274.02931,0.48195
2271.98982,0.48170
2269.95033,0.48161
2267.91084,0.48134
2265.87136,0.48095
2263.83187,0.48069
2261.79238,0.48058
2259.75289,0.48041
2257.71340,0.48000
2255.67391,0.47969
2253.63443,0.47999
2251.59494,0.48062
2249.55545,0.48068
2247.51596,0.48027
2245.47647,0.48006
2243.43699,0.48013
2241.39750,0.48012
2239.35801,0.47986
2237.31852,0.47954
2235.27903,0.47925
2233.23954,0.47896
2231.20006,0.47874
2229.16057,0.47858
2227.12108,0.47847
2225.08159,0.47863
2223.04210,0.47910
2221.00262,0.47932
2218.96313,0.47926
2216.92364,0.47915
2214.88415,0.47898
2212.84466,0.47911
2210.80518,0.47945
2208.76569,0.47943
2206.72620,0.47910
2204.68671,0.47892
2202.64722,0.47912
2200.60773,0.47965
2198.56825,0.48020
2196.52876,0.48056
2194.48927,0.48084
2192.44978,0.48104
2190.41029,0.48115
2188.37081,0.48144
2186.33132,0.48187
2184.29183,0.48222
2182.25234,0.48271
2180.21285,0.48336
2178.17336,0.48387
2176.13388,0.48409
2174.09439,0.48414
2172.05490,0.48428
2170.01541,0.48459
2167.97592,0.48493
2165.93644,0.48532
2163.89695,0.48584
2161.85746,0.48637
2159.81797,0.48676
2157.77848,0.48680
2155.73899,0.48647
2153.69951,0.48626
2151.66002,0.48646
2149.62053,0.48671
2147.58104,0.48687
2145.54155,0.48710
2143.50207,0.48713
2141.46258,0.48691
2139.42309,0.48671
2137.38360,0.48670
2135.34411,0.48698
2133.30462,0.48706
2131.26514,0.48655
2129.22565,0.48609
2127.18616,0.48599
2125.14667,0.48593
2123.10718,0.48576
2121.06770,0.48545
2119.02821,0.48505
2116.98872,0.48464
2114.94923,0.48429
2112.90974,0.48431
2110.87025,0.48469
2108.83077,0.48493
2106.79128,0.48489
2104.75179,0.48471
2102.71230,0.48439
2100.67281,0.48390
2098.63333,0.48330
2096.59384,0.48300
2094.55435,0.48290
2092.51486,0.48260
2090.47537,0.48220
2088.43588,0.48173
2086.39640,0.48097
2084.35691,0.48031
2082.31742,0.48035
2080.27793,0.48089
2078.23844,0.48099
2076.19896,0.48035
2074.15947,0.47974
2072.11998,0.47952
2070.08049,0.47938
2068.04100,0.47910
2066.00152,0.47886
2063.96203,0.47867
2061.92254,0.47852
2059.88305,0.47857
2057.84356,0.47868
2055.80407,0.47854
2053.76459,0.47821
2051.72510,0.47794
2049.68561,0.47793
2047.64612,0.47803
2045.60663,0.47798
2043.56715,0.47782
2041.52766,0.47765
2039.48817,0.47728
2037.44868,0.47670
2035.40919,0.47627
2033.36970,0.47604
2031.33022,0.47573
2029.29073,0.47533
2027.25124,0.47493
2025.21175,0.47440
2023.17226,0.47372
2021.13278,0.47301
2019.09329,0.47232
2017.05380,0.47170
2015.01431,0.47112
2012.97482,0.47068
2010.93533,0.47029
2008.89585,0.46956
2006.85636,0.46871
2004.81687,0.46833
2002.77738,0.46835
2000.73789,0.46832
1998.69841,0.46830
1996.65892,0.46849
1994.61943,0.46866
1992.57994,0.46860
1990.54045,0.46842
1988.50096,0.46797
1986.46148,0.46728
1984.42199,0.46701
1982.38250,0.46722
1980.34301,0.46735
1978.30352,0.46736
1976.26404,0.46745
1974.22455,0.46738
1972.18506,0.46708
1970.14557,0.46708
1968.10608,0.46763
1966.06659,0.46824
1964.02711,0.46841
1961.98762,0.46811
1959.94813,0.46761
1957.90864,0.46718
1955.86915,0.46693
1953.82967,0.46678
1951.79018,0.46678
1949.75069,0.46703
1947.71120,0.46734
1945.67171,0.46774
1943.63222,0.46815
1941.59274,0.46809
1939.55325,0.46778
1937.51376,0.46777
1935.47427,0.46790
1933.43478,0.46804
1931.39530,0.46816
1929.35581,0.46828
1927.31632,0.46877
1925.27683,0.46987
1923.23734,0.47117
1921.19786,0.47218
1919.15837,0.47303
1917.11888,0.47347
1915.07939,0.47348
1913.03990,0.47408
1911.00041,0.47552
1908.96093,0.47693
1906.92144,0.47788
1904.88195,0.47874
1902.84246,0.47962
1900.80297,0.48052
1898.76349,0.48179
1896.72400,0.48322
1894.68451,0.48422
1892.64502,0.48520
1890.60553,0.48663
1888.56604,0.48791
1886.52656,0.48874
1884.48707,0.48934
1882.44758,0.48970
1880.40809,0.49025
1878.36860,0.49129
1876.32912,0.49236
1874.28963,0.49345
1872.25014,0.49533
1870.21065,0.49787
1868.17116,0.49935
1866.13167,0.49910
1864.09219,0.49877
1862.05270,0.49935
1860.01321,0.50026
1857.97372,0.50117
1855.93423,0.50242
1853.89475,0.50393
1851.85526,0.50542
1849.81577,0.50723
1847.77628,0.50973
1845.73679,0.51248
1843.69730,0.51448
1841.65782,0.51553
1839.61833,0.51677
1837.57884,0.51893
1835.53935,0.52179
1833.49986,0.52525
1831.46038,0.52936
1829.42089,0.53345
1827.38140,0.53703
1825.34191,0.54061
1823.30242,0.54405
1821.26293,0.54714
1819.22345,0.55073
1817.18396,0.55526
1815.14447,0.56042
1813.10498,0.56611
1811.06549,0.57207
1809.02601,0.57766
1806.98652,0.58325
1804.94703,0.58978
1802.90754,0.59731
1800.86805,0.60544
1798.82856,0.61375
1796.78908,0.62237
1794.74959,0.63217
1792.71010,0.64371
1790.67061,0.65537
1788.63112,0.66577
1786.59164,0.67653
1784.55215,0.68899
1782.51266,0.70260
1780.47317,0.71673
1778.43368,0.73084
1776.39420,0.74569
1774.35471,0.76387
1772.31522,0.78610
1770.27573,0.80939
1768.23624,0.83273
1766.19675,0.85737
1764.15727,0.88458
1762.11778,0.91733
1760.07829,0.95410
1758.03880,0.99107
1755.99931,1.02761
1753.95983,1.06217
1751.92034,1.09833
1749.88085,1.13993
1747.84136,1.18074
1745.80187,1.21521
1743.76238,1.24531
1741.72290,1.27369
1739.68341,1.29947
1737.64392,1.31932
1735.60443,1.33340
1733.56494,1.34130
1731.52546,1.34014
1729.48597,1.33330
1727.44648,1.32518
1725.40699,1.31778
1723.36750,1.31227
1721.32801,1.30915
1719.28853,1.30694
1717.24904,1.30347
1715.20955,1.29880
1713.17006,1.29615
1711.13057,1.29775
1709.09109,1.30448
1707.05160,1.31630
1705.01211,1.33069
1702.97262,1.34574
1700.93313,1.36723
1698.89364,1.39852
1696.85416,1.43155
1694.81467,1.46044
1692.77518,1.48231
1690.73569,1.50060
1688.69620,1.51715
1686.65672,1.53044
1684.61723,1.54900
1682.57774,1.57973
1680.53825,1.60898
1678.49876,1.62801
1676.45927,1.64170
1674.41979,1.65523
1672.38030,1.66762
1670.34081,1.67640
1668.30132,1.68285
1666.26183,1.68992
1664.22235,1.69902
1662.18286,1.70796
1660.14337,1.71494
1658.10388,1.72040
1656.06439,1.72023
1654.02490,1.71211
1651.98542,1.70529
1649.94593,1.70753
1647.90644,1.71081
1645.86695,1.70919
1643.82746,1.70687
1641.78798,1.70795
1639.74849,1.70995
1637.70900,1.70863
1635.66951,1.70229
1633.63002,1.69412
1631.59054,1.68872
1629.55105,1.68542
1627.51156,1.67854
1625.47207,1.66619
1623.43258,1.65727
1621.39309,1.65788
1619.35361,1.66022
1617.31412,1.65492
1615.27463,1.64395
1613.23514,1.63634
1611.19565,1.63233
1609.15617,1.62509
1607.11668,1.61428
1605.07719,1.60680
1603.03770,1.60425
1600.99821,1.60387
1598.95872,1.60174
1596.91924,1.59516
1594.87975,1.58737
1592.84026,1.57977
1590.80077,1.56827
1588.76128,1.55482
1586.72180,1.54628
1584.68231,1.54190
1582.64282,1.53578
1580.60333,1.52688
1578.56384,1.51849
1576.52435,1.51203
1574.48487,1.50718
1572.44538,1.50408
1570.40589,1.50331
1568.36640,1.50416
1566.32691,1.50341
1564.28743,1.49923
1562.24794,1.49329
1560.20845,1.48723
1558.16896,1.48132
1556.12947,1.47801
1554.08998,1.47886
1552.05050,1.48338
1550.01101,1.48836
1547.97152,1.48940
1545.93203,1.48643
1543.89254,1.48176
1541.85306,1.47130
1539.81357,1.45220
1537.77408,1.44079
1535.73459,1.44132
1533.69510,1.44089
1531.65561,1.43466
1529.61613,1.42859
1527.57664,1.42440
1525.53715,1.41823
1523.49766,1.40872
1521.45817,1.39850
1519.41869,1.38982
1517.37920,1.38195
1515.33971,1.37464
1513.30022,1.36784
1511.26073,1.35904
1509.22124,1.34589
1507.18176,1.32876
1505.14227,1.31426
1503.10278,1.30637
1501.06329,1.30044
1499.02380,1.29273
1496.98432,1.28277
1494.94483,1.27286
1492.90534,1.26661
1490.86585,1.26448
1488.82636,1.26362
1486.78688,1.26369
1484.74739,1.26795
1482.70790,1.27811
1480.66841,1.29382
1478.62892,1.31319
1476.58943,1.33409
1474.54995,1.35669
1472.51046,1.38276
1470.47097,1.40811
1468.43148,1.42741
1466.39199,1.44330
1464.35251,1.45635
1462.31302,1.46404
1460.27353,1.47191
1458.23404,1.48513
1456.19455,1.49855
1454.15506,1.50893
1452.11558,1.51903
1450.07609,1.52853
1448.03660,1.53642
1445.99711,1.54395
1443.95762,1.55271
1441.91814,1.56012
1439.87865,1.56342
1437.83916,1.56574
1435.79967,1.56797
1433.76018,1.56594
1431.72069,1.56226
1429.68121,1.56289
1427.64172,1.56866
1425.60223,1.57465
1423.56274,1.57422
1421.52325,1.56594
1419.48377,1.55651
1417.44428,1.55681
1415.40479,1.56644
1413.36530,1.57218
1411.32581,1.56856
1409.28632,1.56171
1407.24684,1.55769
1405.20735,1.55635
1403.16786,1.55467
1401.12837,1.55349
1399.08888,1.55570
1397.04940,1.55918
1395.00991,1.55893
1392.97042,1.55647
1390.93093,1.55673
1388.89144,1.55876
1386.85195,1.55812
1384.81247,1.55459
1382.77298,1.55189
1380.73349,1.55140
1378.69400,1.55176
1376.65451,1.55307
1374.61503,1.55479
1372.57554,1.55198
1370.53605,1.54511
1368.49656,1.53881
1366.45707,1.53223
1364.41758,1.52393
1362.37810,1.51486
1360.33861,1.50704
1358.29912,1.50094
1356.25963,1.49627
1354.22014,1.49362
1352.18066,1.49177
1350.14117,1.49132
1348.10168,1.49425
1346.06219,1.49611
1344.02270,1.49192
1341.98322,1.48555
1339.94373,1.48346
1337.90424,1.48564
1335.86475,1.48772
1333.82526,1.48650
1331.78577,1.48182
1329.74629,1.47768
1327.70680,1.47730
1325.66731,1.47695
1323.62782,1.47266
1321.58833,1.46703
1319.54885,1.46244
1317.50936,1.45774
1315.46987,1.45112
1313.43038,1.44406
1311.39089,1.43918
1309.35140,1.43447
1307.31192,1.42940
1305.27243,1.42520
1303.23294,1.42038
1301.19345,1.41440
1299.15396,1.40760
1297.11448,1.40082
1295.07499,1.39713
1293.03550,1.39665
1290.99601,1.39668
1288.95652,1.39834
1286.91703,1.40203
1284.87755,1.40471
1282.83806,1.40642
1280.79857,1.40928
1278.75908,1.41224
1276.71959,1.41384
1274.68011,1.41464
1272.64062,1.41602
1270.60113,1.42073
1268.56164,1.42644
1266.52215,1.42824
1264.48266,1.42932
1262.44318,1.43144
1260.40369,1.43079
1258.36420,1.42830
1256.32471,1.42735
1254.28522,1.42793
1252.24574,1.42857
1250.20625,1.42818
1248.16676,1.42601
1246.12727,1.42322
1244.08778,1.42065
1242.04829,1.41898
1240.00881,1.42024
1237.96932,1.41990
1235.92983,1.41184
1233.89034,1.40066
1231.85085,1.39148
1229.81137,1.38342
1227.77188,1.37559
1225.73239,1.36637
1223.69290,1.35581
1221.65341,1.34626
1219.61392,1.33703
1217.57444,1.32651
1215.53495,1.31607
1213.49546,1.30901
1211.45597,1.30562
1209.41648,1.30385
1207.37700,1.30376
1205.33751,1.30453
1203.29802,1.30504
1201.25853,1.30468
1199.21904,1.30193
1197.17956,1.29906
1195.14007,1.29816
1193.10058,1.29746
1191.06109,1.29792
1189.02160,1.30225
1186.98211,1.31225
1184.94263,1.32505
1182.90314,1.33492
1180.86365,1.34221
1178.82416,1.35132
1176.78467,1.36580
1174.74519,1.38642
1172.70570,1.40747
1170.66621,1.42448
1168.62672,1.43885
1166.58723,1.44954
1164.54774,1.45718
1162.50826,1.46459
1160.46877,1.47015
1158.42928,1.47397
1156.38979,1.47486
1154.35030,1.46951
1152.31082,1.46210
1150.27133,1.45661
1148.23184,1.45330
1146.19235,1.45455
1144.15286,1.45727
1142.11337,1.45672
1140.07389,1.45532
1138.03440,1.45417
1135.99491,1.45515
1133.95542,1.46199
1131.91593,1.47115
1129.87645,1.47968
1127.83696,1.48908
1125.79747,1.50033
1123.75798,1.51394
1121.71849,1.52365
1119.67900,1.52266
1117.63952,1.51820
1115.60003,1.52457
1113.56054,1.54039
1111.52105,1.55045
1109.48156,1.55320
1107.44208,1.55806
1105.40259,1.56532
1103.36310,1.56903
1101.32361,1.56396
1099.28412,1.55290
1097.24463,1.54636
1095.20515,1.54754
1093.16566,1.55150
1091.12617,1.55726
1089.08668,1.56350
1087.04719,1.56450
1085.00771,1.56515
1082.96822,1.57202
1080.92873,1.57885
1078.88924,1.58270
1076.84975,1.58242
1074.81027,1.57334
1072.77078,1.56072
1070.73129,1.55141
1068.69180,1.54651
1066.65231,1.54602
1064.61282,1.54934
1062.57334,1.55298
1060.53385,1.55258
1058.49436,1.54989
1056.45487,1.55116
1054.41538,1.55750
1052.37590,1.56153
1050.33641,1.55333
1048.29692,1.53816
1046.25743,1.53041
1044.21794,1.52997
1042.17845,1.52773
1040.13897,1.52392
1038.09948,1.51887
1036.05999,1.50787
1034.02050,1.49628
1031.98101,1.49120
1029.94153,1.48599
1027.90204,1.47527
1025.86255,1.46609
1023.82306,1.45886
1021.78357,1.44879
1019.74408,1.43988
1017.70460,1.43159
1015.66511,1.41894
1013.62562,1.40404
1011.58613,1.39156
1009.54664,1.38438
1007.50716,1.37920
1005.46767,1.36618
1003.42818,1.34433
1001.38869,1.32410
999.34920,1.31085
997.30971,1.30137
995.27023,1.29119
993.23074,1.28098
991.19125,1.27218
989.15176,1.26029
987.11227,1.24474
985.07279,1.23138
983.03330,1.21948
980.99381,1.20489
978.95432,1.18987
976.91483,1.17891
974.87534,1.17255
972.83586,1.16608
970.79637,1.15680
968.75688,1.14898
966.71739,1.14450
964.67790,1.13917
962.63842,1.13201
960.59893,1.12567
958.55944,1.11908
956.51995,1.11038
954.48046,1.09998
952.44097,1.08868
950.40149,1.07759
948.36200,1.06679
946.32251,1.05589
944.28302,1.04635
942.24353,1.04014
940.20405,1.03684
938.16456,1.03562
936.12507,1.03741
934.08558,1.04161
932.04609,1.04610
930.00661,1.05127
927.96712,1.05755
925.92763,1.06310
923.88814,1.06848
921.84865,1.07333
919.80916,1.07453
917.76968,1.07460
915.73019,1.07753
913.69070,1.08163
911.65121,1.08381
909.61172,1.08244
907.57224,1.08011
905.53275,1.08211
903.49326,1.08763
901.45377,1.09203
899.41428,1.09546
897.37479,1.09882
895.33531,1.10005
893.29582,1.09974
891.25633,1.09821
889.21684,1.09372
887.17735,1.08874
885.13787,1.08492
883.09838,1.08091
881.05889,1.07706
879.01940,1.07416
876.97991,1.07267
874.94042,1.07321
872.90094,1.07430
870.86145,1.07419
868.82196,1.07529
866.78247,1.07784
864.74298,1.07994
862.70350,1.08405
860.66401,1.09083
858.62452,1.09825
856.58503,1.10561
854.54554,1.11089
852.50605,1.11311
850.46657,1.11610
848.42708,1.12414
846.38759,1.13772
844.34810,1.15275
842.30861,1.16463
840.26913,1.17306
838.22964,1.18019
836.19015,1.18672
834.15066,1.19276
832.11117,1.19958
830.07168,1.20784
828.03220,1.21501
825.99271,1.21737
823.95322,1.21670
821.91373,1.21569
819.87424,1.21393
817.83476,1.21358
815.79527,1.21553
813.75578,1.21804
811.71629,1.21952
809.67680,1.22106
807.63731,1.22550
805.59783,1.23203
803.55834,1.23730
801.51885,1.24148
799.47936,1.24541
797.43987,1.24866
795.40039,1.25609
793.36090,1.26513
791.32141,1.26901
789.28192,1.27207
787.24243,1.27697
785.20295,1.28226
783.16346,1.28815
781.12397,1.29600
779.08448,1.30482
777.04499,1.31072
775.00550,1.31458
772.96602,1.31775
770.92653,1.31886
768.88704,1.32050
766.84755,1.32408
764.80806,1.32602
762.76858,1.32597
760.72909,1.32775
758.68960,1.33262
756.65011,1.33570
754.61062,1.33144
752.57113,1.32629
750.53165,1.32984
748.49216,1.33977
746.45267,1.34863
744.41318,1.35355
742.37369,1.35481
740.33421,1.35568
738.29472,1.35959
736.25523,1.36407
734.21574,1.37006
732.17625,1.37993
730.13676,1.38473
728.09728,1.38618
726.05779,1.39689
724.01830,1.41128
721.97881,1.41724
719.93932,1.41355
717.89984,1.40976
715.86035,1.41189
713.82086,1.41694
711.78137,1.42016
709.74188,1.42216
707.70239,1.42697
705.66291,1.43765
703.62342,1.45412
701.58393,1.46857
699.54444,1.46951
697.50495,1.45850
695.46547,1.44830
693.42598,1.44381
691.38649,1.44403
689.34700,1.44929
687.30751,1.45388
685.26802,1.45202
683.22854,1.45135
681.18905,1.45841
679.14956,1.46636
677.11007,1.46955
675.07058,1.47071
673.03110,1.47075
670.99161,1.46657
668.95212,1.45766
666.91263,1.44798
664.87314,1.44361
662.83365,1.44768
660.79417,1.45826
658.75468,1.46906
656.71519,1.47930
654.67570,1.48890
652.63621,1.48805
650.59673,1.47621
648.55724,1.46670
646.51775,1.46262
644.47826,1.46217
642.43877,1.47114
640.39929,1.48931
638.35980,1.49873
636.32031,1.48320
634.28082,1.46081
632.24133,1.46312
630.20184,1.49026
628.16236,1.51909
626.12287,1.53054
624.08338,1.52488
622.04389,1.50908
620.00440,1.48422
617.96492,1.47408
615.92543,1.48690
613.88594,1.49500
611.84645,1.48137
609.80696,1.46787
607.76747,1.46627
605.72799,1.46761
603.68850,1.47725
601.64901,1.49571
599.60952,1.49842
597.57003,1.47347
595.53055,1.45481
593.49106,1.46116
591.45157,1.48524
589.41208,1.49517
587.37259,1.47475
585.33310,1.45254
583.29362,1.43059
581.25413,1.42834
579.21464,1.45171
577.17515,1.47126
575.13566,1.46912
573.09618,1.44898
571.05669,1.44254
569.01720,1.45350
566.97771,1.46638
564.93822,1.49274
562.89873,1.49716
560.85925,1.44775
558.81976,1.40899
556.78027,1.39697
554.74078,1.41404
552.70129,1.45926
550.66181,1.47432
548.62232,1.44248
546.58283,1.39539
544.54334,1.35968
542.50385,1.36183
540.46436,1.41406
538.42488,1.47135
536.38539,1.50213
534.34590,1.53365
532.30641,1.54716
530.26692,1.49286
528.22744,1.42147
526.18795,1.38578
524.14846,1.37672
522.10897,1.39274
520.06948,1.41472
518.02999,1.39634
515.99051,1.34584
513.95102,1.38050
511.91153,1.44860
509.87204,1.35996
507.83255,1.34943
505.79307,1.57608
503.75358,1.37154
501.71409,1.20341
499.67460,1.07991
