3997.39681,0.19857
3995.35732,0.19853
3993.31783,0.19858
3991.27835,0.19846
3989.23886,0.19788
3987.19937,0.19728
3985.15988,0.19719
3983.12039,0.19728
3981.08091,0.19707
3979.04142,0.19656
3977.00193,0.19594
3974.96244,0.19527
3972.92295,0.19478
3970.88346,0.19460
3968.84398,0.19455
3966.80449,0.19413
3964.76500,0.19305
3962.72551,0.19190
3960.68602,0.19135
3958.64654,0.19120
3956.60705,0.19091
3954.56756,0.19038
3952.52807,0.18984
3950.48858,0.18955
3948.44909,0.18925
3946.40961,0.18854
3944.37012,0.18764
3942.33063,0.18686
3940.29114,0.18601
3938.25165,0.18524
3936.21217,0.18506
3934.17268,0.18528
3932.13319,0.18500
3930.09370,0.18396
3928.05421,0.18281
3926.01473,0.18197
3923.97524,0.18147
3921.93575,0.18114
3919.89626,0.18051
3917.85677,0.17944
3915.81728,0.17837
3913.77780,0.17745
3911.73831,0.17655
3909.69882,0.17572
3907.65933,0.17502
3905.61984,0.17441
3903.58036,0.17401
3901.54087,0.17358
3899.50138,0.17252
3897.46189,0.17096
3895.42240,0.16968
3893.38291,0.16896
3891.34343,0.16837
3889.30394,0.16762
3887.26445,0.16696
3885.22496,0.16651
3883.18547,0.16592
3881.14599,0.16501
3879.10650,0.16416
3877.06701,0.16405
3875.02752,0.16454
3872.98803,0.16481
3870.94854,0.16446
3868.90906,0.16356
3866.86957,0.16238
3864.83008,0.16150
3862.79059,0.16115
3860.75110,0.16085
3858.71162,0.16020
3856.67213,0.15905
3854.63264,0.15770
3852.59315,0.15723
3850.55366,0.15799
3848.51417,0.15878
3846.47469,0.15898
3844.43520,0.15896
3842.39571,0.15904
3840.35622,0.15898
3838.31673,0.15853
3836.27725,0.15781
3834.23776,0.15737
3832.19827,0.15748
3830.15878,0.15765
3828.11929,0.15768
3826.07980,0.15786
3824.04032,0.15805
3822.00083,0.15807
3819.96134,0.15808
3817.92185,0.15821
3815.88236,0.15866
3813.84288,0.15927
3811.80339,0.15953
3809.76390,0.15938
3807.72441,0.15916
3805.68492,0.15917
3803.64543,0.15929
3801.60595,0.15958
3799.56646,0.16042
3797.52697,0.16147
3795.48748,0.16203
3793.44799,0.16212
3791.40851,0.16233
3789.36902,0.16290
3787.32953,0.16365
3785.29004,0.16453
3783.25055,0.16524
3781.21107,0.16565
3779.17158,0.16634
3777.13209,0.16756
3775.09260,0.16890
3773.05311,0.17010
3771.01362,0.17112
3768.97414,0.17203
3766.93465,0.17304
3764.89516,0.17415
3762.85567,0.17516
3760.81618,0.17608
3758.77670,0.17716
3756.73721,0.17821
3754.69772,0.17889
3752.65823,0.17925
3750.61874,0.18012
3748.57925,0.18182
3746.53977,0.18361
3744.50028,0.18601
3742.46079,0.18900
3740.42130,0.19119
3738.38181,0.19238
3736.34233,0.19348
3734.30284,0.19527
3732.26335,0.19794
3730.22386,0.20107
3728.18437,0.20412
3726.14488,0.20681
3724.10540,0.20941
3722.06591,0.21238
3720.02642,0.21533
3717.98693,0.21780
3715.94744,0.22009
3713.90796,0.22277
3711.86847,0.22668
3709.82898,0.23250
3707.78949,0.23918
3705.75000,0.24522
3703.71051,0.25085
3701.67103,0.25741
3699.63154,0.26498
3697.59205,0.27223
3695.55256,0.27836
3693.51307,0.28381
3691.47359,0.29008
3689.43410,0.29818
3687.39461,0.30705
3685.35512,0.31541
3683.31563,0.32372
3681.27614,0.33258
3679.23666,0.34188
3677.19717,0.35259
3675.15768,0.36638
3673.11819,0.38159
3671.07870,0.39714
3669.03922,0.41348
3666.99973,0.42809
3664.96024,0.44095
3662.92075,0.45471
3660.88126,0.47011
3658.84177,0.48627
3656.80229,0.50281
3654.76280,0.51853
3652.72331,0.53258
3650.68382,0.54821
3648.64433,0.56742
3646.60485,0.58544
3644.56536,0.59920
3642.52587,0.61197
3640.48638,0.62601
3638.44689,0.64010
3636.40741,0.65359
3634.36792,0.66717
3632.32843,0.68124
3630.28894,0.69699
3628.24945,0.71392
3626.20996,0.72834
3624.17048,0.74020
3622.13099,0.75203
3620.09150,0.76535
3618.05201,0.77915
3616.01252,0.79094
3613.97304,0.80124
3611.93355,0.81161
3609.89406,0.82306
3607.85457,0.83626
3605.81508,0.84960
3603.77559,0.86149
3601.73611,0.87241
3599.69662,0.88312
3597.65713,0.89417
3595.61764,0.90571
3593.57815,0.91727
3591.53867,0.92807
3589.49918,0.93869
3587.45969,0.95003
3585.42020,0.96096
3583.38071,0.97026
3581.34122,0.97825
3579.30174,0.98650
3577.26225,0.99604
3575.22276,1.00634
3573.18327,1.01639
3571.14378,1.02594
3569.10430,1.03566
3567.06481,1.04564
3565.02532,1.05492
3562.98583,1.06438
3560.94634,1.07523
3558.90685,1.08553
3556.86737,1.09373
3554.82788,1.10172
3552.78839,1.11128
3550.74890,1.12076
3548.70941,1.12805
3546.66993,1.13486
3544.63044,1.14461
3542.59095,1.15582
3540.55146,1.16454
3538.51197,1.17120
3536.47248,1.17722
3534.43300,1.18194
3532.39351,1.18616
3530.35402,1.19099
3528.31453,1.19649
3526.27504,1.20392
3524.23556,1.21179
3522.19607,1.21565
3520.15658,1.21784
3518.11709,1.22575
3516.07760,1.23904
3514.03811,1.25088
3511.99863,1.25794
3509.95914,1.26164
3507.91965,1.26443
3505.88016,1.26758
3503.84067,1.27096
3501.80119,1.27515
3499.76170,1.28358
3497.72221,1.29599
3495.68272,1.30522
3493.64323,1.30735
3491.60375,1.30774
3489.56426,1.31149
3487.52477,1.31593
3485.48528,1.31807
3483.44579,1.32065
3481.40630,1.32351
3479.36682,1.32377
3477.32733,1.32756
3475.28784,1.33939
3473.24835,1.35113
3471.20886,1.35598
3469.16938,1.35899
3467.12989,1.36399
3465.09040,1.36638
3463.05091,1.36560
3461.01142,1.36518
3458.97193,1.36848
3456.93245,1.37681
3454.89296,1.38289
3452.85347,1.38235
3450.81398,1.38380
3448.77449,1.39160
3446.73501,1.40034
3444.69552,1.40544
3442.65603,1.40514
3440.61654,1.40115
3438.57705,1.40095
3436.53756,1.40828
3434.49808,1.41616
3432.45859,1.41909
3430.41910,1.41737
3428.37961,1.41334
3426.34012,1.41256
3424.30064,1.41845
3422.26115,1.43146
3420.22166,1.44675
3418.18217,1.45271
3416.14268,1.44899
3414.10319,1.44450
3412.06371,1.44256
3410.02422,1.44260
3407.98473,1.44306
3405.94524,1.44312
3403.90575,1.44149
3401.86627,1.44073
3399.82678,1.44288
3397.78729,1.44282
3395.74780,1.43961
3393.70831,1.43941
3391.66882,1.44384
3389.62934,1.44794
3387.58985,1.44899
3385.55036,1.44926
3383.51087,1.45175
3381.47138,1.45386
3379.43190,1.45428
3377.39241,1.45577
3375.35292,1.45651
3373.31343,1.45650
3371.27394,1.45711
3369.23446,1.45581
3367.19497,1.45549
3365.15548,1.45744
3363.11599,1.45704
3361.07650,1.45837
3359.03701,1.46364
3356.99753,1.46501
3354.95804,1.45990
3352.91855,1.45362
3350.87906,1.45185
3348.83957,1.45456
3346.80009,1.45647
3344.76060,1.45732
3342.72111,1.46093
3340.68162,1.46284
3338.64213,1.46003
3336.60264,1.46106
3334.56316,1.46761
3332.52367,1.47026
3330.48418,1.46686
3328.44469,1.46160
3326.40520,1.45424
3324.36572,1.44799
3322.32623,1.44905
3320.28674,1.45515
3318.24725,1.45788
3316.20776,1.45459
3314.16827,1.45009
3312.12879,1.44604
3310.08930,1.44302
3308.04981,1.44465
3306.01032,1.44844
3303.97083,1.45022
3301.93135,1.45117
3299.89186,1.44983
3297.85237,1.44363
3295.81288,1.43709
3293.77339,1.43467
3291.73390,1.43366
3289.69442,1.43267
3287.65493,1.43279
3285.61544,1.43308
3283.57595,1.43379
3281.53646,1.43361
3279.49698,1.42977
3277.45749,1.42374
3275.41800,1.41839
3273.37851,1.41306
3271.33902,1.40699
3269.29953,1.40388
3267.26005,1.40447
3265.22056,1.40417
3263.18107,1.40220
3261.14158,1.39829
3259.10209,1.39063
3257.06261,1.38227
3255.02312,1.37711
3252.98363,1.37533
3250.94414,1.37462
3248.90465,1.37243
3246.86516,1.36771
3244.82568,1.36207
3242.78619,1.35725
3240.74670,1.35167
3238.70721,1.34403
3236.66772,1.33850
3234.62824,1.33810
3232.58875,1.33856
3230.54926,1.33536
3228.50977,1.32981
3226.47028,1.32562
3224.43080,1.32351
3222.39131,1.32184
3220.35182,1.31967
3218.31233,1.31686
3216.27284,1.31433
3214.23335,1.31318
3212.19387,1.31221
3210.15438,1.30956
3208.11489,1.30622
3206.07540,1.30287
3204.03591,1.29714
3201.99643,1.28951
3199.95694,1.28462
3197.91745,1.28211
3195.87796,1.27793
3193.83847,1.27359
3191.79898,1.27027
3189.75950,1.26634
3187.72001,1.26272
3185.68052,1.25893
3183.64103,1.25468
3181.60154,1.25230
3179.56206,1.25131
3177.52257,1.24993
3175.48308,1.24663
3173.44359,1.24135
3171.40410,1.23716
3169.36461,1.23400
3167.32513,1.22959
3165.28564,1.22432
3163.24615,1.21981
3161.20666,1.21712
3159.16717,1.21488
3157.12769,1.21140
3155.08820,1.20733
3153.04871,1.20384
3151.00922,1.20127
3148.96973,1.19832
3146.93024,1.19442
3144.89076,1.19183
3142.85127,1.19105
3140.81178,1.18897
3138.77229,1.18434
3136.73280,1.17901
3134.69332,1.17397
3132.65383,1.16907
3130.61434,1.16530
3128.57485,1.16438
3126.53536,1.16419
3124.49587,1.16115
3122.45639,1.15678
3120.41690,1.15378
3118.37741,1.15248
3116.33792,1.15120
3114.29843,1.14819
3112.25895,1.14410
3110.21946,1.14019
3108.17997,1.13729
3106.14048,1.13557
3104.10099,1.13442
3102.06150,1.13297
3100.02202,1.13141
3097.98253,1.12985
3095.94304,1.12756
3093.90355,1.12517
3091.86406,1.12261
3089.82458,1.11925
3087.78509,1.11651
3085.74560,1.11512
3083.70611,1.11467
3081.66662,1.11418
3079.62714,1.11223
3077.58765,1.10998
3075.54816,1.10886
3073.50867,1.10791
3071.46918,1.10650
3069.42969,1.10406
3067.39021,1.10005
3065.35072,1.09563
3063.31123,1.09271
3061.27174,1.09132
3059.23225,1.08976
3057.19277,1.08687
3055.15328,1.08319
3053.11379,1.08001
3051.07430,1.07700
3049.03481,1.07325
3046.99532,1.06954
3044.95584,1.06666
3042.91635,1.06364
3040.87686,1.05983
3038.83737,1.05632
3036.79788,1.05407
3034.75840,1.05256
3032.71891,1.05072
3030.67942,1.04847
3028.63993,1.04631
3026.60044,1.04476
3024.56095,1.04310
3022.52147,1.04052
3020.48198,1.03783
3018.44249,1.03516
3016.40300,1.03324
3014.36351,1.03335
3012.32403,1.03404
3010.28454,1.03334
3008.24505,1.03160
3006.20556,1.03009
3004.16607,1.02957
3002.12658,1.03024
3000.08710,1.03126
2998.04761,1.03149
2996.00812,1.03161
2993.96863,1.03428
2991.92914,1.03940
2989.88966,1.04479
2987.85017,1.05068
2985.81068,1.05777
2983.77119,1.06558
2981.73170,1.07423
2979.69221,1.08337
2977.65273,1.09263
2975.61324,1.10294
2973.57375,1.11395
2971.53426,1.12397
2969.49477,1.13266
2967.45529,1.14117
2965.41580,1.14949
2963.37631,1.15674
2961.33682,1.16278
2959.29733,1.16796
2957.25784,1.17319
2955.21836,1.17717
2953.17887,1.17793
2951.13938,1.17837
2949.09989,1.18141
2947.06040,1.18594
2945.02092,1.19150
2942.98143,1.19889
2940.94194,1.20814
2938.90245,1.21986
2936.86296,1.23272
2934.82348,1.24203
2932.78399,1.24524
2930.74450,1.24524
2928.70501,1.24641
2926.66552,1.24898
2924.62603,1.25140
2922.58655,1.25337
2920.54706,1.25269
2918.50757,1.24691
2916.46808,1.23498
2914.42859,1.21756
2912.38911,1.19817
2910.34962,1.18041
2908.31013,1.16590
2906.27064,1.15456
2904.23115,1.14596
2902.19166,1.13915
2900.15218,1.13281
2898.11269,1.12617
2896.07320,1.11931
2894.03371,1.11352
2891.99422,1.10842
2889.95474,1.10168
2887.91525,1.09429
2885.87576,1.08845
2883.83627,1.08426
2881.79678,1.08205
2879.75729,1.08135
2877.71781,1.08105
2875.67832,1.08080
2873.63883,1.07919
2871.59934,1.07539
2869.55985,1.07160
2867.52037,1.06850
2865.48088,1.06558
2863.44139,1.06495
2861.40190,1.06718
2859.36241,1.07028
2857.32292,1.07371
2855.28344,1.07709
2853.24395,1.07889
2851.20446,1.07682
2849.16497,1.06524
2847.12548,1.04257
2845.08600,1.01641
2843.04651,0.99268
2841.00702,0.97243
2838.96753,0.95602
2836.92804,0.94323
2834.88855,0.93260
2832.84907,0.92367
2830.80958,0.91655
2828.77009,0.91004
2826.73060,0.90352
2824.69111,0.89721
2822.65163,0.89145
2820.61214,0.88653
2818.57265,0.88167
2816.53316,0.87656
2814.49367,0.87159
2812.45418,0.86711
2810.41470,0.86372
2808.37521,0.86083
2806.33572,0.85709
2804.29623,0.85297
2802.25674,0.84974
2800.21726,0.84726
2798.17777,0.84427
2796.13828,0.84046
2794.09879,0.83693
2792.05930,0.83455
2790.01982,0.83290
2787.98033,0.83066
2785.94084,0.82764
2783.90135,0.82490
2781.86186,0.82202
2779.82237,0.81890
2777.78289,0.81689
2775.74340,0.81549
2773.70391,0.81367
2771.66442,0.81203
2769.62493,0.81110
2767.58545,0.81029
2765.54596,0.80915
2763.50647,0.80765
2761.46698,0.80552
2759.42749,0.80303
2757.38800,0.80114
2755.34852,0.80001
2753.30903,0.79927
2751.26954,0.79796
2749.23005,0.79531
2747.19056,0.79298
2745.15108,0.79234
2743.11159,0.79207
2741.07210,0.79114
2739.03261,0.78986
2736.99312,0.78853
2734.95363,0.78748
2732.91415,0.78627
2730.87466,0.78430
2728.83517,0.78216
2726.79568,0.78043
2724.75619,0.77889
2722.71671,0.77725
2720.67722,0.77532
2718.63773,0.77281
2716.59824,0.77032
2714.55875,0.76842
2712.51926,0.76643
2710.47978,0.76405
2708.44029,0.76164
2706.40080,0.75956
2704.36131,0.75817
2702.32182,0.75679
2700.28234,0.75441
2698.24285,0.75167
2696.20336,0.74944
2694.16387,0.74768
2692.12438,0.74636
2690.08489,0.74494
2688.04541,0.74317
2686.00592,0.74143
2683.96643,0.73976
2681.92694,0.73794
2679.88745,0.73569
2677.84797,0.73319
2675.80848,0.73101
2673.76899,0.72907
2671.72950,0.72660
2669.69001,0.72391
2667.65052,0.72182
2665.61104,0.71989
2663.57155,0.71757
2661.53206,0.71501
2659.49257,0.71249
2657.45308,0.71051
2655.41360,0.70904
2653.37411,0.70734
2651.33462,0.70531
2649.29513,0.70324
2647.25564,0.70129
2645.21616,0.69922
2643.17667,0.69670
2641.13718,0.69415
2639.09769,0.69199
2637.05820,0.69000
2635.01871,0.68801
2632.97923,0.68630
2630.93974,0.68474
2628.90025,0.68288
2626.86076,0.68079
2624.82127,0.67844
2622.78179,0.67575
2620.74230,0.67323
2618.70281,0.67139
2616.66332,0.67013
2614.62383,0.66855
2612.58434,0.66658
2610.54486,0.66528
2608.50537,0.66421
2606.46588,0.66233
2604.42639,0.66006
2602.38690,0.65772
2600.34742,0.65520
2598.30793,0.65303
2596.26844,0.65135
2594.22895,0.64962
2592.18946,0.64789
2590.14997,0.64672
2588.11049,0.64557
2586.07100,0.64355
2584.03151,0.64130
2581.99202,0.63962
2579.95253,0.63795
2577.91305,0.63582
2575.87356,0.63377
2573.83407,0.63255
2571.79458,0.63173
2569.75509,0.63018
2567.71560,0.62800
2565.67612,0.62614
2563.63663,0.62493
2561.59714,0.62390
2559.55765,0.62246
2557.51816,0.62091
2555.47868,0.61963
2553.43919,0.61827
2551.39970,0.61643
2549.36021,0.61436
2547.32072,0.61246
2545.28123,0.61075
2543.24175,0.60891
2541.20226,0.60711
2539.16277,0.60588
2537.12328,0.60484
2535.08379,0.60357
2533.04431,0.60203
2531.00482,0.60011
2528.96533,0.59814
2526.92584,0.59630
2524.88635,0.59454
2522.84686,0.59316
2520.80738,0.59214
2518.76789,0.59079
2516.72840,0.58885
2514.68891,0.58706
2512.64942,0.58587
2510.60994,0.58452
2508.57045,0.58248
2506.53096,0.58034
2504.49147,0.57849
2502.45198,0.57680
2500.41250,0.57497
2498.37301,0.57297
2496.33352,0.57118
2494.29403,0.56960
2492.25454,0.56818
2490.21505,0.56691
2488.17557,0.56536
2486.13608,0.56350
2484.09659,0.56146
2482.05710,0.55915
2480.01761,0.55709
2477.97813,0.55537
2475.93864,0.55339
2473.89915,0.55139
2471.85966,0.54977
2469.82017,0.54798
2467.78068,0.54585
2465.74120,0.54393
2463.70171,0.54223
2461.66222,0.54052
2459.62273,0.53882
2457.58324,0.53696
2455.54376,0.53503
2453.50427,0.53333
2451.46478,0.53167
2449.42529,0.52977
2447.38580,0.52773
2445.34631,0.52585
2443.30683,0.52422
2441.26734,0.52258
2439.22785,0.52095
2437.18836,0.51950
2435.14887,0.51786
2433.10939,0.51574
2431.06990,0.51369
2429.03041,0.51177
2426.99092,0.50992
2424.95143,0.50834
2422.91194,0.50669
2420.87246,0.50510
2418.83297,0.50383
2416.79348,0.50245
2414.75399,0.50087
2412.71450,0.49936
2410.67502,0.49764
2408.63553,0.49558
2406.59604,0.49377
2404.55655,0.49235
2402.51706,0.49095
2400.47757,0.48952
2398.43809,0.48817
2396.39860,0.48687
2394.35911,0.48557
2392.31962,0.48435
2390.28013,0.48324
2388.24065,0.48213
2386.20116,0.48124
2384.16167,0.48094
2382.12218,0.48109
2380.08269,0.48117
2378.04320,0.48087
2376.00372,0.48018
2373.96423,0.47921
2371.92474,0.47831
2369.88525,0.47798
2367.84576,0.47827
2365.80628,0.47824
2363.76679,0.47780
2361.72730,0.47780
2359.68781,0.47757
2357.64832,0.47605
2355.60884,0.47383
2353.56935,0.47242
2351.52986,0.47274
2349.49037,0.47280
2347.45088,0.46997
2345.41139,0.46602
2343.37191,0.46462
2341.33242,0.46534
2339.29293,0.46514
2337.25344,0.46327
2335.21395,0.46085
2333.17447,0.45900
2331.13498,0.45766
2329.09549,0.45627
2327.05600,0.45501
2325.01651,0.45402
2322.97702,0.45281
2320.93754,0.45150
2318.89805,0.45066
2316.85856,0.44989
2314.81907,0.44861
2312.77958,0.44695
2310.74010,0.44531
2308.70061,0.44402
2306.66112,0.44317
2304.62163,0.44246
2302.58214,0.44156
2300.54265,0.44045
2298.50317,0.43941
2296.46368,0.43855
2294.42419,0.43773
2292.38470,0.43677
2290.34521,0.43579
2288.30573,0.43510
2286.26624,0.43462
2284.22675,0.43409
2282.18726,0.43349
2280.14777,0.43276
2278.10828,0.43202
2276.06880,0.43162
2274.02931,0.43162
2271.98982,0.43162
2269.95033,0.43132
2267.91084,0.43070
2265.87136,0.43012
2263.83187,0.42995
2261.79238,0.43004
2259.75289,0.43003
2257.71340,0.42980
2255.67391,0.42938
2253.63443,0.42894
2251.59494,0.42884
2249.55545,0.42895
2247.51596,0.42892
2245.47647,0.42893
2243.43699,0.42919
2241.39750,0.42928
2239.35801,0.42900
2237.31852,0.42879
2235.27903,0.42906
2233.23954,0.42932
2231.20006,0.42915
2229.16057,0.42885
2227.12108,0.42870
2225.08159,0.42870
2223.04210,0.42870
2221.00262,0.42859
2218.96313,0.42843
2216.92364,0.42840
2214.88415,0.42859
2212.84466,0.42890
2210.80518,0.42921
2208.76569,0.42957
2206.72620,0.43008
2204.68671,0.43046
2202.64722,0.43037
2200.60773,0.43015
2198.56825,0.43017
2196.52876,0.43035
2194.48927,0.43073
2192.44978,0.43132
2190.41029,0.43181
2188.37081,0.43209
2186.33132,0.43227
2184.29183,0.43234
2182.25234,0.43240
2180.21285,0.43259
2178.17336,0.43312
2176.13388,0.43398
2174.09439,0.43492
2172.05490,0.43566
2170.01541,0.43616
2167.97592,0.43658
2165.93644,0.43695
2163.89695,0.43706
2161.85746,0.43715
2159.81797,0.43760
2157.77848,0.43810
2155.73899,0.43828
2153.69951,0.43843
2151.66002,0.43867
2149.62053,0.43878
2147.58104,0.43878
2145.54155,0.43881
2143.50207,0.43873
2141.46258,0.43860
2139.42309,0.43850
2137.38360,0.43826
2135.34411,0.43781
2133.30462,0.43739
2131.26514,0.43727
2129.22565,0.43735
2127.18616,0.43754
2125.14667,0.43771
2123.10718,0.43749
2121.06770,0.43700
2119.02821,0.43666
2116.98872,0.43660
2114.94923,0.43656
2112.90974,0.43636
2110.87025,0.43609
2108.83077,0.43562
2106.79128,0.43511
2104.75179,0.43498
2102.71230,0.43485
2100.67281,0.43434
2098.63333,0.43391
2096.59384,0.43368
2094.55435,0.43331
2092.51486,0.43282
2090.47537,0.43246
2088.43588,0.43212
2086.39640,0.43176
2084.35691,0.43161
2082.31742,0.43157
2080.27793,0.43126
2078.23844,0.43093
2076.19896,0.43091
2074.15947,0.43089
2072.11998,0.43064
2070.08049,0.43042
2068.04100,0.43042
2066.00152,0.43036
2063.96203,0.42999
2061.92254,0.42970
2059.88305,0.42958
2057.84356,0.42928
2055.80407,0.42883
2053.76459,0.42833
2051.72510,0.42787
2049.68561,0.42763
2047.64612,0.42735
2045.60663,0.42700
2043.56715,0.42708
2041.52766,0.42730
2039.48817,0.42692
2037.44868,0.42607
2035.40919,0.42531
2033.36970,0.42486
2031.33022,0.42458
2029.29073,0.42414
2027.25124,0.42334
2025.21175,0.42236
2023.17226,0.42148
2021.13278,0.42090
2019.09329,0.42062
2017.05380,0.42034
2015.01431,0.41959
2012.97482,0.41857
2010.93533,0.41788
2008.89585,0.41760
2006.85636,0.41732
2004.81687,0.41691
2002.77738,0.41669
2000.73789,0.41658
1998.69841,0.41629
1996.65892,0.41600
1994.61943,0.41604
1992.57994,0.41625
1990.54045,0.41636
1988.50096,0.41637
1986.46148,0.41619
1984.42199,0.41601
1982.38250,0.41609
1980.34301,0.41618
1978.30352,0.41603
1976.26404,0.41579
1974.22455,0.41560
1972.18506,0.41546
1970.14557,0.41567
1968.10608,0.41625
1966.06659,0.41642
1964.02711,0.41628
1961.98762,0.41651
1959.94813,0.41696
1957.90864,0.41722
1955.86915,0.41720
1953.82967,0.41698
1951.79018,0.41671
1949.75069,0.41652
1947.71120,0.41661
1945.67171,0.41704
1943.63222,0.41742
1941.59274,0.41725
1939.55325,0.41679
1937.51376,0.41665
1935.47427,0.41676
1933.43478,0.41680
1931.39530,0.41685
1929.35581,0.41736
1927.31632,0.41855
1925.27683,0.41989
1923.23734,0.42073
1921.19786,0.42122
1919.15837,0.42198
1917.11888,0.42248
1915.07939,0.42221
1913.03990,0.42219
1911.00041,0.42314
1908.96093,0.42439
1906.92144,0.42509
1904.88195,0.42537
1902.84246,0.42576
1900.80297,0.42663
1898.76349,0.42792
1896.72400,0.42906
1894.68451,0.42964
1892.64502,0.43009
1890.60553,0.43093
1888.56604,0.43177
1886.52656,0.43230
1884.48707,0.43292
1882.44758,0.43383
1880.40809,0.43472
1878.36860,0.43542
1876.32912,0.43610
1874.28963,0.43707
1872.25014,0.43878
1870.21065,0.44122
1868.17116,0.44308
1866.13167,0.44333
1864.09219,0.44298
1862.05270,0.44328
1860.01321,0.44447
1857.97372,0.44610
1855.93423,0.44765
1853.89475,0.44895
1851.85526,0.45032
1849.81577,0.45220
1847.77628,0.45478
1845.73679,0.45784
1843.69730,0.46043
1841.65782,0.46188
1839.61833,0.46306
1837.57884,0.46495
1835.53935,0.46758
1833.49986,0.47090
1831.46038,0.47488
1829.42089,0.47869
1827.38140,0.48181
1825.34191,0.48501
1823.30242,0.48859
1821.26293,0.49244
1819.22345,0.49688
1817.18396,0.50164
1815.14447,0.50638
1813.10498,0.51165
1811.06549,0.51784
1809.02601,0.52418
1806.98652,0.53008
1804.94703,0.53639
1802.90754,0.54396
1800.86805,0.55222
1798.82856,0.56018
1796.78908,0.56832
1794.74959,0.57806
1792.71010,0.58986
1790.67061,0.60169
1788.63112,0.61208
1786.59164,0.62313
1784.55215,0.63603
1782.51266,0.64967
1780.47317,0.66390
1778.43368,0.67891
1776.39420,0.69483
1774.35471,0.71427
1772.31522,0.73952
1770.27573,0.76714
1768.23624,0.79350
1766.19675,0.82013
1764.15727,0.85038
1762.11778,0.88796
1760.07829,0.92993
1758.03880,0.97016
1755.99931,1.00744
1753.95983,1.04163
1751.92034,1.07764
1749.88085,1.11895
1747.84136,1.15833
1745.80187,1.19026
1743.76238,1.21672
1741.72290,1.23894
1739.68341,1.25707
1737.64392,1.27124
1735.60443,1.28169
1733.56494,1.28642
1731.52546,1.28222
1729.48597,1.27187
1727.44648,1.26080
1725.40699,1.25198
1723.36750,1.24578
1721.32801,1.24271
1719.28853,1.24106
1717.24904,1.23628
1715.20955,1.22776
1713.17006,1.22107
1711.13057,1.21994
1709.09109,1.22430
1707.05160,1.23229
1705.01211,1.24271
1702.97262,1.25673
1700.93313,1.27648
1698.89364,1.30066
1696.85416,1.32659
1694.81467,1.35255
1692.77518,1.37398
1690.73569,1.39220
1688.69620,1.40876
1686.65672,1.42596
1684.61723,1.45152
1682.57774,1.48074
1680.53825,1.50057
1678.49876,1.51392
1676.45927,1.52807
1674.41979,1.54501
1672.38030,1.56288
1670.34081,1.57727
1668.30132,1.58199
1666.26183,1.58012
1664.22235,1.58244
1662.18286,1.59123
1660.14337,1.60170
1658.10388,1.61080
1656.06439,1.61457
1654.02490,1.60941
1651.98542,1.60195
1649.94593,1.60090
1647.90644,1.60126
1645.86695,1.59824
1643.82746,1.59385
1641.78798,1.59066
1639.74849,1.58948
1637.70900,1.59287
1635.66951,1.60046
1633.63002,1.60230
1631.59054,1.59484
1629.55105,1.58485
1627.51156,1.57773
1625.47207,1.57404
1623.43258,1.57148
1621.39309,1.56794
1619.35361,1.56348
1617.31412,1.55786
1615.27463,1.55000
1613.23514,1.54215
1611.19565,1.53664
1609.15617,1.53193
1607.11668,1.52664
1605.07719,1.52315
1603.03770,1.52207
1600.99821,1.51946
1598.95872,1.51217
1596.91924,1.50214
1594.87975,1.49246
1592.84026,1.48308
1590.80077,1.47337
1588.76128,1.46467
1586.72180,1.45856
1584.68231,1.45387
1582.64282,1.44776
1580.60333,1.44058
1578.56384,1.43358
1576.52435,1.42486
1574.48487,1.41670
1572.44538,1.41454
1570.40589,1.41568
1568.36640,1.41454
1566.32691,1.41109
1564.28743,1.40758
1562.24794,1.40384
1560.20845,1.39982
1558.16896,1.39685
1556.12947,1.39610
1554.08998,1.39857
1552.05050,1.40226
1550.01101,1.40336
1547.97152,1.40155
1545.93203,1.39952
1543.89254,1.39872
1541.85306,1.39559
1539.81357,1.38412
1537.77408,1.36921
1535.73459,1.35990
1533.69510,1.35420
1531.65561,1.34714
1529.61613,1.33824
1527.57664,1.32948
1525.53715,1.32400
1523.49766,1.32186
1521.45817,1.31914
1519.41869,1.31411
1517.37920,1.30814
1515.33971,1.30204
1513.30022,1.29419
1511.26073,1.28379
1509.22124,1.27160
1507.18176,1.25763
1505.14227,1.24484
1503.10278,1.23482
1501.06329,1.22423
1499.02380,1.21257
1496.98432,1.20195
1494.94483,1.19283
1492.90534,1.18483
1490.86585,1.17905
1488.82636,1.17691
1486.78688,1.17835
1484.74739,1.18277
1482.70790,1.18983
1480.66841,1.19932
1478.62892,1.21254
1476.58943,1.23165
1474.54995,1.25672
1472.51046,1.28562
1470.47097,1.31304
1468.43148,1.33457
1466.39199,1.35121
1464.35251,1.36433
1462.31302,1.37395
1460.27353,1.38073
1458.23404,1.38692
1456.19455,1.39460
1454.15506,1.40412
1452.11558,1.41506
1450.07609,1.42548
1448.03660,1.43234
1445.99711,1.43400
1443.95762,1.43314
1441.91814,1.43466
1439.87865,1.43917
1437.83916,1.44469
1435.79967,1.45031
1433.76018,1.45253
1431.72069,1.44940
1429.68121,1.44494
1427.64172,1.44401
1425.60223,1.44685
1423.56274,1.45024
1421.52325,1.45105
1419.48377,1.44936
1417.44428,1.44779
1415.40479,1.44763
1413.36530,1.44894
1411.32581,1.45259
1409.28632,1.45708
1407.24684,1.45732
1405.20735,1.45248
1403.16786,1.44910
1401.12837,1.45176
1399.08888,1.45635
1397.04940,1.45721
1395.00991,1.45526
1392.97042,1.45441
1390.93093,1.45532
1388.89144,1.45436
1386.85195,1.45009
1384.81247,1.44715
1382.77298,1.44734
1380.73349,1.44751
1378.69400,1.44581
1376.65451,1.44237
1374.61503,1.43899
1372.57554,1.43772
1370.53605,1.43594
1368.49656,1.42971
1366.45707,1.42116
1364.41758,1.41319
1362.37810,1.40477
1360.33861,1.39633
1358.29912,1.38912
1356.25963,1.38258
1354.22014,1.37765
1352.18066,1.37636
1350.14117,1.37846
1348.10168,1.38211
1346.06219,1.38382
1344.02270,1.38138
1341.98322,1.37812
1339.94373,1.37679
1337.90424,1.37603
1335.86475,1.37645
1333.82526,1.37833
1331.78577,1.37823
1329.74629,1.37571
1327.70680,1.37349
1325.66731,1.37266
1323.62782,1.37287
1321.58833,1.37312
1319.54885,1.37279
1317.50936,1.37241
1315.46987,1.37167
1313.43038,1.36847
1311.39089,1.36411
1309.35140,1.36082
1307.31192,1.35699
1305.27243,1.35288
1303.23294,1.35008
1301.19345,1.34724
1299.15396,1.34397
1297.11448,1.34226
1295.07499,1.34184
1293.03550,1.34210
1290.99601,1.34516
1288.95652,1.35110
1286.91703,1.35586
1284.87755,1.35716
1282.83806,1.35770
1280.79857,1.36024
1278.75908,1.36530
1276.71959,1.37231
1274.68011,1.37823
1272.64062,1.38102
1270.60113,1.38294
1268.56164,1.38487
1266.52215,1.38607
1264.48266,1.38843
1262.44318,1.39051
1260.40369,1.38857
1258.36420,1.38635
1256.32471,1.38808
1254.28522,1.39101
1252.24574,1.39277
1250.20625,1.39367
1248.16676,1.39335
1246.12727,1.39169
1244.08778,1.38927
1242.04829,1.38706
1240.00881,1.38477
1237.96932,1.38119
1235.92983,1.37621
1233.89034,1.37036
1231.85085,1.36452
1229.81137,1.35822
1227.77188,1.34906
1225.73239,1.33776
1223.69290,1.32754
1221.65341,1.31804
1219.61392,1.30835
1217.57444,1.29988
1215.53495,1.29291
1213.49546,1.28643
1211.45597,1.28154
1209.41648,1.28121
1207.37700,1.28353
1205.33751,1.28367
1203.29802,1.28154
1201.25853,1.27805
1199.21904,1.27394
1197.17956,1.27253
1195.14007,1.27366
1193.10058,1.27377
1191.06109,1.27470
1189.02160,1.27931
1186.98211,1.28735
1184.94263,1.29859
1182.90314,1.30978
1180.86365,1.31829
1178.82416,1.32730
1176.78467,1.33922
1174.74519,1.35402
1172.70570,1.37099
1170.66621,1.38783
1168.62672,1.40288
1166.58723,1.41792
1164.54774,1.42958
1162.50826,1.43240
1160.46877,1.43050
1158.42928,1.42867
1156.38979,1.42809
1154.35030,1.42874
1152.31082,1.42993
1150.27133,1.42994
1148.23184,1.42849
1146.19235,1.42792
1144.15286,1.42876
1142.11337,1.42993
1140.07389,1.43067
1138.03440,1.43172
1135.99491,1.43353
1133.95542,1.43749
1131.91593,1.44647
1129.87645,1.46026
1127.83696,1.47294
1125.79747,1.48116
1123.75798,1.48703
1121.71849,1.49149
1119.67900,1.49893
1117.63952,1.50952
1115.60003,1.51878
1113.56054,1.52376
1111.52105,1.52521
1109.48156,1.53150
1107.44208,1.54066
1105.40259,1.54338
1103.36310,1.53909
1101.32361,1.53164
1099.28412,1.52652
1097.24463,1.52500
1095.20515,1.52246
1093.16566,1.51950
1091.12617,1.51831
1089.08668,1.51896
1087.04719,1.52372
1085.00771,1.52910
1082.96822,1.53261
1080.92873,1.53937
1078.88924,1.54806
1076.84975,1.54798
1074.81027,1.53615
1072.77078,1.52333
1070.73129,1.51727
1068.69180,1.51769
1066.65231,1.52140
1064.61282,1.52170
1062.57334,1.51392
1060.53385,1.50521
1058.49436,1.50249
1056.45487,1.49752
1054.41538,1.48652
1052.37590,1.48035
1050.33641,1.47967
1048.29692,1.47571
1046.25743,1.46979
1044.21794,1.46511
1042.17845,1.46073
1040.13897,1.45717
1038.09948,1.45434
1036.05999,1.44997
1034.02050,1.44273
1031.98101,1.43086
1029.94153,1.41395
1027.90204,1.39901
1025.86255,1.39121
1023.82306,1.38663
1021.78357,1.37909
1019.74408,1.36909
1017.70460,1.36051
1015.66511,1.35146
1013.62562,1.33963
1011.58613,1.32736
1009.54664,1.31432
1007.50716,1.29917
1005.46767,1.28545
1003.42818,1.27391
1001.38869,1.26073
999.34920,1.24648
997.30971,1.23495
995.27023,1.22724
993.23074,1.21904
991.19125,1.20582
989.15176,1.19245
987.11227,1.18209
985.07279,1.17021
983.03330,1.15676
980.99381,1.14388
978.95432,1.13246
976.91483,1.12239
974.87534,1.11227
972.83586,1.10358
970.79637,1.09724
968.75688,1.09129
966.71739,1.08526
964.67790,1.07980
962.63842,1.07368
960.59893,1.06601
958.55944,1.05758
956.51995,1.04863
954.48046,1.04000
952.44097,1.03097
950.40149,1.02072
948.36200,1.01226
946.32251,1.00512
944.28302,0.99670
942.24353,0.99006
940.20405,0.98756
938.16456,0.98653
936.12507,0.98614
934.08558,0.98839
932.04609,0.99279
930.00661,0.99685
927.96712,1.00029
925.92763,1.00447
923.88814,1.00921
921.84865,1.01330
919.80916,1.01643
917.76968,1.01856
915.73019,1.02021
913.69070,1.02185
911.65121,1.02260
909.61172,1.02260
907.57224,1.02408
905.53275,1.02698
903.49326,1.02967
901.45377,1.03216
899.41428,1.03532
897.37479,1.04043
895.33531,1.04544
893.29582,1.04818
891.25633,1.04882
889.21684,1.04544
887.17735,1.03932
885.13787,1.03420
883.09838,1.03042
881.05889,1.02708
879.01940,1.02395
876.97991,1.02210
874.94042,1.02255
872.90094,1.02378
870.86145,1.02373
868.82196,1.02348
866.78247,1.02512
864.74298,1.02852
862.70350,1.03260
860.66401,1.03699
858.62452,1.04089
856.58503,1.04437
854.54554,1.04774
852.50605,1.05151
850.46657,1.05901
848.42708,1.06951
846.38759,1.07830
844.34810,1.08718
842.30861,1.09937
840.26913,1.11035
838.22964,1.11601
836.19015,1.12023
834.15066,1.12704
832.11117,1.13313
830.07168,1.13443
828.03220,1.13432
825.99271,1.13684
823.95322,1.13937
821.91373,1.13993
819.87424,1.14046
817.83476,1.14145
815.79527,1.14369
813.75578,1.14742
811.71629,1.15218
809.67680,1.15723
807.63731,1.15915
805.59783,1.15917
803.55834,1.16156
801.51885,1.16668
799.47936,1.17144
797.43987,1.17372
795.40039,1.17685
793.36090,1.18333
791.32141,1.19058
789.28192,1.19589
787.24243,1.20139
785.20295,1.20872
783.16346,1.21403
781.12397,1.21559
779.08448,1.21678
777.04499,1.22137
775.00550,1.22973
772.96602,1.23675
770.92653,1.23617
768.88704,1.23181
766.84755,1.23477
764.80806,1.24413
762.76858,1.24933
760.72909,1.24980
758.68960,1.25013
756.65011,1.24888
754.61062,1.24650
752.57113,1.24643
750.53165,1.25071
748.49216,1.26019
746.45267,1.27034
744.41318,1.27596
742.37369,1.27681
740.33421,1.27716
738.29472,1.27969
736.25523,1.28116
734.21574,1.28372
732.17625,1.29177
730.13676,1.29814
728.09728,1.29746
726.05779,1.29845
724.01830,1.30670
721.97881,1.31759
719.93932,1.32697
717.89984,1.33189
715.86035,1.33174
713.82086,1.33166
711.78137,1.33673
709.74188,1.34557
707.70239,1.35185
705.66291,1.35213
703.62342,1.34874
701.58393,1.34434
699.54444,1.34400
697.50495,1.35069
695.46547,1.35745
693.42598,1.36073
691.38649,1.36493
689.34700,1.36903
687.30751,1.36864
685.26802,1.36477
683.22854,1.35937
681.18905,1.35674
679.14956,1.36399
677.11007,1.38005
675.07058,1.39811
673.03110,1.40958
670.99161,1.40255
668.95212,1.38244
666.91263,1.37878
664.87314,1.39467
662.83365,1.40518
660.79417,1.40561
658.75468,1.40394
656.71519,1.39906
654.67570,1.39392
652.63621,1.39901
650.59673,1.40684
648.55724,1.40073
646.51775,1.38797
644.47826,1.38969
642.43877,1.40324
640.39929,1.40747
638.35980,1.39960
636.32031,1.39117
634.28082,1.38554
632.24133,1.38769
630.20184,1.40291
628.16236,1.41632
626.12287,1.40661
624.08338,1.38864
622.04389,1.39834
620.00440,1.42556
617.96492,1.43518
615.92543,1.43420
613.88594,1.42886
611.84645,1.40626
609.80696,1.38527
607.76747,1.37810
605.72799,1.37679
603.68850,1.36881
601.64901,1.37505
599.60952,1.39221
597.57003,1.37286
595.53055,1.34282
593.49106,1.33965
591.45157,1.34013
589.41208,1.33815
587.37259,1.35695
585.33310,1.38248
583.29362,1.38073
581.25413,1.38281
579.21464,1.41651
577.17515,1.42003
575.13566,1.37846
573.09618,1.36112
571.05669,1.37512
569.01720,1.38291
566.97771,1.35796
564.93822,1.32640
562.89873,1.31031
560.85925,1.31510
558.81976,1.34760
556.78027,1.38083
554.74078,1.38174
552.70129,1.35798
550.66181,1.34669
548.62232,1.36862
546.58283,1.41932
544.54334,1.46570
542.50385,1.47333
540.46436,1.43560
538.42488,1.34510
536.38539,1.27136
534.34590,1.27897
532.30641,1.34890
530.26692,1.44624
528.22744,1.49936
526.18795,1.47499
524.14846,1.44275
522.10897,1.44964
520.06948,1.43741
518.02999,1.48685
515.99051,1.51108
513.95102,1.48765
511.91153,1.49204
509.87204,1.54114
507.83255,1.51839
505.79307,1.30037
503.75358,1.17803
501.71409,1.17305
499.67460,1.11989
