3997.39681,0.25605
3995.35732,0.25658
3993.31783,0.25692
3991.27835,0.25713
3989.23886,0.25692
3987.19937,0.25611
3985.15988,0.25555
3983.12039,0.25567
3981.08091,0.25570
3979.04142,0.25522
3977.00193,0.25456
3974.96244,0.25390
3972.92295,0.25316
3970.88346,0.25245
3968.84398,0.25194
3966.80449,0.25145
3964.76500,0.25081
3962.72551,0.25036
3960.68602,0.25013
3958.64654,0.24950
3956.60705,0.24830
3954.56756,0.24737
3952.52807,0.24736
3950.48858,0.24765
3948.44909,0.24719
3946.40961,0.24608
3944.37012,0.24501
3942.33063,0.24372
3940.29114,0.24227
3938.25165,0.24109
3936.21217,0.24032
3934.17268,0.24034
3932.13319,0.24063
3930.09370,0.24008
3928.05421,0.23890
3926.01473,0.23786
3923.97524,0.23680
3921.93575,0.23576
3919.89626,0.23531
3917.85677,0.23505
3915.81728,0.23411
3913.77780,0.23269
3911.73831,0.23137
3909.69882,0.23023
3907.65933,0.22969
3905.61984,0.22949
3903.58036,0.22828
3901.54087,0.22630
3899.50138,0.22507
3897.46189,0.22462
3895.42240,0.22474
3893.38291,0.22509
3891.34343,0.22439
3889.30394,0.22299
3887.26445,0.22284
3885.22496,0.22291
3883.18547,0.22220
3881.14599,0.22159
3879.10650,0.22038
3877.06701,0.21946
3875.02752,0.21971
3872.98803,0.21948
3870.94854,0.21835
3868.90906,0.21648
3866.86957,0.21511
3864.83008,0.21514
3862.79059,0.21495
3860.75110,0.21442
3858.71162,0.21446
3856.67213,0.21497
3854.63264,0.21507
3852.59315,0.21384
3850.55366,0.21285
3848.51417,0.21318
3846.47469,0.21401
3844.43520,0.21453
3842.39571,0.21422
3840.35622,0.21387
3838.31673,0.21399
3836.27725,0.21385
3834.23776,0.21366
3832.19827,0.21375
3830.15878,0.21378
3828.11929,0.21386
3826.07980,0.21380
3824.04032,0.21396
3822.00083,0.21442
3819.96134,0.21368
3817.92185,0.21340
3815.88236,0.21439
3813.84288,0.21465
3811.80339,0.21464
3809.76390,0.21528
3807.72441,0.21606
3805.68492,0.21580
3803.64543,0.21576
3801.60595,0.21641
3799.56646,0.21630
3797.52697,0.21658
3795.48748,0.21735
3793.44799,0.21806
3791.40851,0.21901
3789.36902,0.22002
3787.32953,0.22098
3785.29004,0.22176
3783.25055,0.22217
3781.21107,0.22264
3779.17158,0.22305
3777.13209,0.22346
3775.09260,0.22461
3773.05311,0.22606
3771.01362,0.22696
3768.97414,0.22715
3766.93465,0.22779
3764.89516,0.22919
3762.85567,0.23068
3760.81618,0.23229
3758.77670,0.23353
3756.73721,0.23410
3754.69772,0.23496
3752.65823,0.23646
3750.61874,0.23735
3748.57925,0.23753
3746.53977,0.23948
3744.50028,0.24286
3742.46079,0.24509
3740.42130,0.24687
3738.38181,0.24920
3736.34233,0.25178
3734.30284,0.25387
3732.26335,0.25560
3730.22386,0.25757
3728.18437,0.26044
3726.14488,0.26386
3724.10540,0.26689
3722.06591,0.26963
3720.02642,0.27225
3717.98693,0.27499
3715.94744,0.27829
3713.90796,0.28260
3711.86847,0.28768
3709.82898,0.29261
3707.78949,0.29721
3705.75000,0.30224
3703.71051,0.30867
3701.67103,0.31617
3699.63154,0.32334
3697.59205,0.32992
3695.55256,0.33605
3693.51307,0.34215
3691.47359,0.34939
3689.43410,0.35770
3687.39461,0.36555
3685.35512,0.37314
3683.31563,0.38141
3681.27614,0.39013
3679.23666,0.39943
3677.19717,0.41116
3675.15768,0.42463
3673.11819,0.43747
3671.07870,0.45161
3669.03922,0.46614
3666.99973,0.47866
3664.96024,0.49122
3662.92075,0.50519
3660.88126,0.52023
3658.84177,0.53634
3656.80229,0.55291
3654.76280,0.56764
3652.72331,0.58118
3650.68382,0.59630
3648.64433,0.61205
3646.60485,0.62654
3644.56536,0.64020
3642.52587,0.65461
3640.48638,0.66992
3638.44689,0.68467
3636.40741,0.69828
3634.36792,0.71138
3632.32843,0.72496
3630.28894,0.74059
3628.24945,0.75638
3626.20996,0.76898
3624.17048,0.77999
3622.13099,0.79133
3620.09150,0.80379
3618.05201,0.81657
3616.01252,0.82823
3613.97304,0.83941
3611.93355,0.85167
3609.89406,0.86535
3607.85457,0.87831
3605.81508,0.88881
3603.77559,0.89907
3601.73611,0.91129
3599.69662,0.92371
3597.65713,0.93438
3595.61764,0.94459
3593.57815,0.95516
3591.53867,0.96553
3589.49918,0.97685
3587.45969,0.98914
3585.42020,0.99966
3583.38071,1.00844
3581.34122,1.01739
3579.30174,1.02702
3577.26225,1.03779
3575.22276,1.04980
3573.18327,1.06083
3571.14378,1.06893
3569.10430,1.07606
3567.06481,1.08556
3565.02532,1.09728
3562.98583,1.10878
3560.94634,1.11824
3558.90685,1.12594
3556.86737,1.13407
3554.82788,1.14289
3552.78839,1.15086
3550.74890,1.15794
3548.70941,1.16592
3546.66993,1.17497
3544.63044,1.18342
3542.59095,1.19248
3540.55146,1.20371
3538.51197,1.21395
3536.47248,1.22054
3534.43300,1.22537
3532.39351,1.23186
3530.35402,1.24256
3528.31453,1.25454
3526.27504,1.26105
3524.23556,1.26245
3522.19607,1.26608
3520.15658,1.27388
3518.11709,1.28184
3516.07760,1.28840
3514.03811,1.29350
3511.99863,1.29899
3509.95914,1.30677
3507.91965,1.31368
3505.88016,1.31821
3503.84067,1.32229
3501.80119,1.32649
3499.76170,1.33199
3497.72221,1.33996
3495.68272,1.34874
3493.64323,1.35557
3491.60375,1.36052
3489.56426,1.36526
3487.52477,1.37022
3485.48528,1.37547
3483.44579,1.37990
3481.40630,1.38258
3479.36682,1.38574
3477.32733,1.39113
3475.28784,1.39709
3473.24835,1.40121
3471.20886,1.40196
3469.16938,1.40053
3467.12989,1.40150
3465.09040,1.40965
3463.05091,1.42175
3461.01142,1.42957
3458.97193,1.43315
3456.93245,1.43446
3454.89296,1.43544
3452.85347,1.43933
3450.81398,1.44351
3448.77449,1.44575
3446.73501,1.44702
3444.69552,1.44773
3442.65603,1.44977
3440.61654,1.45308
3438.57705,1.45526
3436.53756,1.45875
3434.49808,1.46495
3432.45859,1.47079
3430.41910,1.47443
3428.37961,1.47740
3426.34012,1.48043
3424.30064,1.47979
3422.26115,1.47514
3420.22166,1.47178
3418.18217,1.47373
3416.14268,1.47966
3414.10319,1.48659
3412.06371,1.49380
3410.02422,1.50125
3407.98473,1.50558
3405.94524,1.50241
3403.90575,1.49484
3401.86627,1.49224
3399.82678,1.49636
3397.78729,1.49956
3395.74780,1.50149
3393.70831,1.50462
3391.66882,1.50376
3389.62934,1.49961
3387.58985,1.49752
3385.55036,1.49909
3383.51087,1.50394
3381.47138,1.50708
3379.43190,1.50530
3377.39241,1.50194
3375.35292,1.49942
3373.31343,1.49976
3371.27394,1.50444
3369.23446,1.50743
3367.19497,1.50343
3365.15548,1.49700
3363.11599,1.49510
3361.07650,1.49944
3359.03701,1.50387
3356.99753,1.50566
3354.95804,1.50889
3352.91855,1.51280
3350.87906,1.51412
3348.83957,1.51222
3346.80009,1.50989
3344.76060,1.50948
3342.72111,1.50879
3340.68162,1.50801
3338.64213,1.50810
3336.60264,1.50868
3334.56316,1.51033
3332.52367,1.51158
3330.48418,1.51124
3328.44469,1.50935
3326.40520,1.50572
3324.36572,1.49995
3322.32623,1.49407
3320.28674,1.49242
3318.24725,1.49489
3316.20776,1.50017
3314.16827,1.50546
3312.12879,1.50535
3310.08930,1.50203
3308.04981,1.49810
3306.01032,1.49202
3303.97083,1.48708
3301.93135,1.48547
3299.89186,1.48541
3297.85237,1.48545
3295.81288,1.48564
3293.77339,1.48581
3291.73390,1.48418
3289.69442,1.48047
3287.65493,1.47823
3285.61544,1.47965
3283.57595,1.48142
3281.53646,1.48065
3279.49698,1.47912
3277.45749,1.47820
3275.41800,1.47445
3273.37851,1.46606
3271.33902,1.45836
3269.29953,1.45639
3267.26005,1.45728
3265.22056,1.45316
3263.18107,1.44213
3261.14158,1.43196
3259.10209,1.42808
3257.06261,1.42759
3255.02312,1.42706
3252.98363,1.42485
3250.94414,1.41903
3248.90465,1.41191
3246.86516,1.40949
3244.82568,1.41041
3242.78619,1.40827
3240.74670,1.40353
3238.70721,1.39912
3236.66772,1.39564
3234.62824,1.39361
3232.58875,1.39190
3230.54926,1.38816
3228.50977,1.38290
3226.47028,1.37780
3224.43080,1.37256
3222.39131,1.36803
3220.35182,1.36582
3218.31233,1.36335
3216.27284,1.35871
3214.23335,1.35553
3212.19387,1.35474
3210.15438,1.35210
3208.11489,1.34727
3206.07540,1.34457
3204.03591,1.34226
3201.99643,1.33522
3199.95694,1.32827
3197.91745,1.32853
3195.87796,1.33130
3193.83847,1.32883
3191.79898,1.32301
3189.75950,1.31890
3187.72001,1.31637
3185.68052,1.31362
3183.64103,1.31108
3181.60154,1.30806
3179.56206,1.30281
3177.52257,1.29772
3175.48308,1.29532
3173.44359,1.29283
3171.40410,1.28861
3169.36461,1.28509
3167.32513,1.28163
3165.28564,1.27630
3163.24615,1.27255
3161.20666,1.27201
3159.16717,1.27020
3157.12769,1.26474
3155.08820,1.25759
3153.04871,1.25182
3151.00922,1.24874
3148.96973,1.24682
3146.93024,1.24487
3144.89076,1.24251
3142.85127,1.23946
3140.81178,1.23659
3138.77229,1.23302
3136.73280,1.22692
3134.69332,1.22147
3132.65383,1.21966
3130.61434,1.21914
3128.57485,1.21768
3126.53536,1.21501
3124.49587,1.21241
3122.45639,1.21067
3120.41690,1.20773
3118.37741,1.20396
3116.33792,1.20140
3114.29843,1.19899
3112.25895,1.19550
3110.21946,1.19195
3108.17997,1.18931
3106.14048,1.18700
3104.10099,1.18531
3102.06150,1.18453
3100.02202,1.18278
3097.98253,1.17969
3095.94304,1.17609
3093.90355,1.17290
3091.86406,1.17143
3089.82458,1.17069
3087.78509,1.16964
3085.74560,1.16871
3083.70611,1.16726
3081.66662,1.16461
3079.62714,1.16134
3077.58765,1.15866
3075.54816,1.15662
3073.50867,1.15451
3071.46918,1.15255
3069.42969,1.15047
3067.39021,1.14705
3065.35072,1.14284
3063.31123,1.14026
3061.27174,1.13991
3059.23225,1.13909
3057.19277,1.13581
3055.15328,1.13204
3053.11379,1.12908
3051.07430,1.12528
3049.03481,1.12116
3046.99532,1.11890
3044.95584,1.11705
3042.91635,1.11352
3040.87686,1.10916
3038.83737,1.10508
3036.79788,1.10270
3034.75840,1.10185
3032.71891,1.10049
3030.67942,1.09887
3028.63993,1.09729
3026.60044,1.09482
3024.56095,1.09231
3022.52147,1.09064
3020.48198,1.08911
3018.44249,1.08816
3016.40300,1.08806
3014.36351,1.08751
3012.32403,1.08591
3010.28454,1.08422
3008.24505,1.08363
3006.20556,1.08339
3004.16607,1.08222
3002.12658,1.08070
3000.08710,1.08058
2998.04761,1.08166
2996.00812,1.08211
2993.96863,1.08319
2991.92914,1.08690
2989.88966,1.09242
2987.85017,1.09758
2985.81068,1.10236
2983.77119,1.10969
2981.73170,1.11975
2979.69221,1.12970
2977.65273,1.13838
2975.61324,1.14639
2973.57375,1.15533
2971.53426,1.16594
2969.49477,1.17685
2967.45529,1.18606
2965.41580,1.19240
2963.37631,1.19738
2961.33682,1.20277
2959.29733,1.20732
2957.25784,1.21011
2955.21836,1.21187
2953.17887,1.21310
2951.13938,1.21522
2949.09989,1.21904
2947.06040,1.22307
2945.02092,1.22844
2942.98143,1.23818
2940.94194,1.25011
2938.90245,1.25985
2936.86296,1.26806
2934.82348,1.27508
2932.78399,1.27897
2930.74450,1.28174
2928.70501,1.28598
2926.66552,1.28977
2924.62603,1.29117
2922.58655,1.29203
2920.54706,1.29051
2918.50757,1.28305
2916.46808,1.27102
2914.42859,1.25556
2912.38911,1.23889
2910.34962,1.22434
2908.31013,1.21209
2906.27064,1.20214
2904.23115,1.19391
2902.19166,1.18565
2900.15218,1.17815
2898.11269,1.17180
2896.07320,1.16515
2894.03371,1.15871
2891.99422,1.15358
2889.95474,1.14866
2887.91525,1.14345
2885.87576,1.13924
2883.83627,1.13516
2881.79678,1.13026
2879.75729,1.12616
2877.71781,1.12351
2875.67832,1.12191
2873.63883,1.12113
2871.59934,1.11939
2869.55985,1.11576
2867.52037,1.11204
2865.48088,1.10982
2863.44139,1.10908
2861.40190,1.10952
2859.36241,1.11221
2857.32292,1.11696
2855.28344,1.12161
2853.24395,1.12441
2851.20446,1.12278
2849.16497,1.11227
2847.12548,1.09026
2845.08600,1.06227
2843.04651,1.03793
2841.00702,1.01956
2838.96753,1.00458
2836.92804,0.99310
2834.88855,0.98446
2832.84907,0.97669
2830.80958,0.96939
2828.77009,0.96191
2826.73060,0.95515
2824.69111,0.95084
2822.65163,0.94792
2820.61214,0.94397
2818.57265,0.93832
2816.53316,0.93250
2814.49367,0.92738
2812.45418,0.92294
2810.41470,0.91920
2808.37521,0.91570
2806.33572,0.91217
2804.29623,0.90861
2802.25674,0.90476
2800.21726,0.90077
2798.17777,0.89719
2796.13828,0.89469
2794.09879,0.89335
2792.05930,0.89187
2790.01982,0.88978
2787.98033,0.88750
2785.94084,0.88519
2783.90135,0.88262
2781.86186,0.87933
2779.82237,0.87642
2777.78289,0.87497
2775.74340,0.87405
2773.70391,0.87232
2771.66442,0.86974
2769.62493,0.86727
2767.58545,0.86548
2765.54596,0.86431
2763.50647,0.86297
2761.46698,0.86141
2759.42749,0.86033
2757.38800,0.85961
2755.34852,0.85871
2753.30903,0.85708
2751.26954,0.85490
2749.23005,0.85314
2747.19056,0.85193
2745.15108,0.85064
2743.11159,0.84883
2741.07210,0.84724
2739.03261,0.84686
2736.99312,0.84664
2734.95363,0.84558
2732.91415,0.84418
2730.87466,0.84278
2728.83517,0.84132
2726.79568,0.83979
2724.75619,0.83800
2722.71671,0.83580
2720.67722,0.83363
2718.63773,0.83124
2716.59824,0.82878
2714.55875,0.82701
2712.51926,0.82508
2710.47978,0.82280
2708.44029,0.82116
2706.40080,0.81925
2704.36131,0.81654
2702.32182,0.81466
2700.28234,0.81382
2698.24285,0.81261
2696.20336,0.81077
2694.16387,0.80844
2692.12438,0.80545
2690.08489,0.80244
2688.04541,0.80003
2686.00592,0.79799
2683.96643,0.79629
2681.92694,0.79487
2679.88745,0.79296
2677.84797,0.79073
2675.80848,0.78929
2673.76899,0.78831
2671.72950,0.78673
2669.69001,0.78400
2667.65052,0.78050
2665.61104,0.77760
2663.57155,0.77593
2661.53206,0.77463
2659.49257,0.77258
2657.45308,0.77002
2655.41360,0.76772
2653.37411,0.76586
2651.33462,0.76394
2649.29513,0.76148
2647.25564,0.75896
2645.21616,0.75679
2643.17667,0.75455
2641.13718,0.75194
2639.09769,0.74959
2637.05820,0.74777
2635.01871,0.74567
2632.97923,0.74366
2630.93974,0.74251
2628.90025,0.74103
2626.86076,0.73851
2624.82127,0.73569
2622.78179,0.73290
2620.74230,0.73057
2618.70281,0.72928
2616.66332,0.72832
2614.62383,0.72695
2612.58434,0.72515
2610.54486,0.72281
2608.50537,0.72055
2606.46588,0.71892
2604.42639,0.71736
2602.38690,0.71562
2600.34742,0.71389
2598.30793,0.71224
2596.26844,0.71041
2594.22895,0.70814
2592.18946,0.70574
2590.14997,0.70387
2588.11049,0.70255
2586.07100,0.70126
2584.03151,0.70013
2581.99202,0.69899
2579.95253,0.69717
2577.91305,0.69518
2575.87356,0.69356
2573.83407,0.69187
2571.79458,0.69000
2569.75509,0.68813
2567.71560,0.68649
2565.67612,0.68537
2563.63663,0.68428
2561.59714,0.68281
2559.55765,0.68154
2557.51816,0.68069
2555.47868,0.67948
2553.43919,0.67732
2551.39970,0.67485
2549.36021,0.67306
2547.32072,0.67222
2545.28123,0.67151
2543.24175,0.66987
2541.20226,0.66774
2539.16277,0.66620
2537.12328,0.66489
2535.08379,0.66310
2533.04431,0.66133
2531.00482,0.65968
2528.96533,0.65797
2526.92584,0.65625
2524.88635,0.65423
2522.84686,0.65232
2520.80738,0.65118
2518.76789,0.65057
2516.72840,0.64991
2514.68891,0.64852
2512.64942,0.64639
2510.60994,0.64427
2508.57045,0.64285
2506.53096,0.64171
2504.49147,0.64032
2502.45198,0.63900
2500.41250,0.63743
2498.37301,0.63524
2496.33352,0.63314
2494.29403,0.63150
2492.25454,0.63002
2490.21505,0.62850
2488.17557,0.62684
2486.13608,0.62506
2484.09659,0.62350
2482.05710,0.62213
2480.01761,0.62024
2477.97813,0.61764
2475.93864,0.61493
2473.89915,0.61288
2471.85966,0.61152
2469.82017,0.61022
2467.78068,0.60863
2465.74120,0.60688
2463.70171,0.60520
2461.66222,0.60364
2459.62273,0.60206
2457.58324,0.60025
2455.54376,0.59854
2453.50427,0.59718
2451.46478,0.59581
2449.42529,0.59404
2447.38580,0.59183
2445.34631,0.58984
2443.30683,0.58866
2441.26734,0.58770
2439.22785,0.58618
2437.18836,0.58443
2435.14887,0.58291
2433.10939,0.58135
2431.06990,0.57992
2429.03041,0.57879
2426.99092,0.57744
2424.95143,0.57579
2422.91194,0.57417
2420.87246,0.57268
2418.83297,0.57113
2416.79348,0.56905
2414.75399,0.56673
2412.71450,0.56508
2410.67502,0.56414
2408.63553,0.56315
2406.59604,0.56162
2404.55655,0.55976
2402.51706,0.55823
2400.47757,0.55717
2398.43809,0.55599
2396.39860,0.55453
2394.35911,0.55306
2392.31962,0.55195
2390.28013,0.55119
2388.24065,0.55068
2386.20116,0.55029
2384.16167,0.54985
2382.12218,0.54950
2380.08269,0.54940
2378.04320,0.54930
2376.00372,0.54882
2373.96423,0.54784
2371.92474,0.54667
2369.88525,0.54588
2367.84576,0.54576
2365.80628,0.54584
2363.76679,0.54551
2361.72730,0.54496
2359.68781,0.54409
2357.64832,0.54212
2355.60884,0.53948
2353.56935,0.53795
2351.52986,0.53816
2349.49037,0.53861
2347.45088,0.53773
2345.41139,0.53576
2343.37191,0.53382
2341.33242,0.53205
2339.29293,0.52997
2337.25344,0.52826
2335.21395,0.52736
2333.17447,0.52651
2331.13498,0.52511
2329.09549,0.52340
2327.05600,0.52176
2325.01651,0.52020
2322.97702,0.51858
2320.93754,0.51727
2318.89805,0.51653
2316.85856,0.51577
2314.81907,0.51462
2312.77958,0.51337
2310.74010,0.51234
2308.70061,0.51145
2306.66112,0.51046
2304.62163,0.50922
2302.58214,0.50790
2300.54265,0.50683
2298.50317,0.50605
2296.46368,0.50535
2294.42419,0.50473
2292.38470,0.50420
2290.34521,0.50354
2288.30573,0.50276
2286.26624,0.50201
2284.22675,0.50123
2282.18726,0.50044
2280.14777,0.49985
2278.10828,0.49952
2276.06880,0.49946
2274.02931,0.49950
2271.98982,0.49927
2269.95033,0.49870
2267.91084,0.49801
2265.87136,0.49745
2263.83187,0.49721
2261.79238,0.49724
2259.75289,0.49735
2257.71340,0.49735
2255.67391,0.49711
2253.63443,0.49670
2251.59494,0.49629
2249.55545,0.49601
2247.51596,0.49618
2245.47647,0.49597
2243.43699,0.49550
2241.39750,0.49549
2239.35801,0.49592
2237.31852,0.49621
2235.27903,0.49625
2233.23954,0.49613
2231.20006,0.49571
2229.16057,0.49525
2227.12108,0.49532
2225.08159,0.49578
2223.04210,0.49593
2221.00262,0.49567
2218.96313,0.49547
2216.92364,0.49558
2214.88415,0.49595
2212.84466,0.49626
2210.80518,0.49635
2208.76569,0.49644
2206.72620,0.49648
2204.68671,0.49626
2202.64722,0.49609
2200.60773,0.49626
2198.56825,0.49649
2196.52876,0.49668
2194.48927,0.49719
2192.44978,0.49788
2190.41029,0.49827
2188.37081,0.49852
2186.33132,0.49881
2184.29183,0.49905
2182.25234,0.49948
2180.21285,0.50016
2178.17336,0.50067
2176.13388,0.50108
2174.09439,0.50166
2172.05490,0.50221
2170.01541,0.50259
2167.97592,0.50281
2165.93644,0.50298
2163.89695,0.50327
2161.85746,0.50384
2159.81797,0.50441
2157.77848,0.50481
2155.73899,0.50536
2153.69951,0.50581
2151.66002,0.50568
2149.62053,0.50540
2147.58104,0.50552
2145.54155,0.50572
2143.50207,0.50575
2141.46258,0.50588
2139.42309,0.50603
2137.38360,0.50579
2135.34411,0.50514
2133.30462,0.50463
2131.26514,0.50452
2129.22565,0.50456
2127.18616,0.50460
2125.14667,0.50477
2123.10718,0.50503
2121.06770,0.50503
2119.02821,0.50477
2116.98872,0.50449
2114.94923,0.50413
2112.90974,0.50386
2110.87025,0.50386
2108.83077,0.50399
2106.79128,0.50392
2104.75179,0.50346
2102.71230,0.50281
2100.67281,0.50230
2098.63333,0.50197
2096.59384,0.50137
2094.55435,0.50070
2092.51486,0.50065
2090.47537,0.50069
2088.43588,0.50021
2086.39640,0.49952
2084.35691,0.49909
2082.31742,0.49906
2080.27793,0.49900
2078.23844,0.49876
2076.19896,0.49853
2074.15947,0.49832
2072.11998,0.49812
2070.08049,0.49805
2068.04100,0.49807
2066.00152,0.49809
2063.96203,0.49805
2061.92254,0.49796
2059.88305,0.49771
2057.84356,0.49721
2055.80407,0.49671
2053.76459,0.49666
2051.72510,0.49692
2049.68561,0.49704
2047.64612,0.49685
2045.60663,0.49638
2043.56715,0.49607
2041.52766,0.49608
2039.48817,0.49588
2037.44868,0.49533
2035.40919,0.49486
2033.36970,0.49458
2031.33022,0.49412
2029.29073,0.49329
2027.25124,0.49242
2025.21175,0.49172
2023.17226,0.49109
2021.13278,0.49054
2019.09329,0.49027
2017.05380,0.48991
2015.01431,0.48920
2012.97482,0.48857
2010.93533,0.48827
2008.89585,0.48812
2006.85636,0.48783
2004.81687,0.48725
2002.77738,0.48664
2000.73789,0.48612
1998.69841,0.48572
1996.65892,0.48572
1994.61943,0.48621
1992.57994,0.48664
1990.54045,0.48650
1988.50096,0.48630
1986.46148,0.48622
1984.42199,0.48605
1982.38250,0.48602
1980.34301,0.48613
1978.30352,0.48625
1976.26404,0.48633
1974.22455,0.48644
1972.18506,0.48663
1970.14557,0.48709
1968.10608,0.48772
1966.06659,0.48773
1964.02711,0.48727
1961.98762,0.48712
1959.94813,0.48716
1957.90864,0.48724
1955.86915,0.48735
1953.82967,0.48736
1951.79018,0.48730
1949.75069,0.48736
1947.71120,0.48773
1945.67171,0.48860
1943.63222,0.48961
1941.59274,0.48941
1939.55325,0.48842
1937.51376,0.48815
1935.47427,0.48831
1933.43478,0.48847
1931.39530,0.48873
1929.35581,0.48910
1927.31632,0.48962
1925.27683,0.49064
1923.23734,0.49155
1921.19786,0.49173
1919.15837,0.49228
1917.11888,0.49283
1915.07939,0.49290
1913.03990,0.49359
1911.00041,0.49486
1908.96093,0.49577
1906.92144,0.49608
1904.88195,0.49650
1902.84246,0.49710
1900.80297,0.49759
1898.76349,0.49838
1896.72400,0.49972
1894.68451,0.50073
1892.64502,0.50137
1890.60553,0.50252
1888.56604,0.50336
1886.52656,0.50358
1884.48707,0.50403
1882.44758,0.50462
1880.40809,0.50538
1878.36860,0.50636
1876.32912,0.50727
1874.28963,0.50826
1872.25014,0.51004
1870.21065,0.51255
1868.17116,0.51373
1866.13167,0.51298
1864.09219,0.51270
1862.05270,0.51367
1860.01321,0.51513
1857.97372,0.51667
1855.93423,0.51809
1853.89475,0.51933
1851.85526,0.52072
1849.81577,0.52273
1847.77628,0.52561
1845.73679,0.52907
1843.69730,0.53120
1841.65782,0.53164
1839.61833,0.53301
1837.57884,0.53557
1835.53935,0.53787
1833.49986,0.54062
1831.46038,0.54498
1829.42089,0.54923
1827.38140,0.55235
1825.34191,0.55553
1823.30242,0.55845
1821.26293,0.56137
1819.22345,0.56530
1817.18396,0.56976
1815.14447,0.57451
1813.10498,0.58032
1811.06549,0.58687
1809.02601,0.59272
1806.98652,0.59801
1804.94703,0.60408
1802.90754,0.61150
1800.86805,0.61944
1798.82856,0.62669
1796.78908,0.63414
1794.74959,0.64360
1792.71010,0.65481
1790.67061,0.66505
1788.63112,0.67440
1786.59164,0.68560
1784.55215,0.69865
1782.51266,0.71206
1780.47317,0.72554
1778.43368,0.73906
1776.39420,0.75396
1774.35471,0.77379
1772.31522,0.79965
1770.27573,0.82732
1768.23624,0.85456
1766.19675,0.88275
1764.15727,0.91421
1762.11778,0.95132
1760.07829,0.99095
1758.03880,1.02989
1755.99931,1.06771
1753.95983,1.10282
1751.92034,1.13838
1749.88085,1.17711
1747.84136,1.21431
1745.80187,1.24454
1743.76238,1.26783
1741.72290,1.28670
1739.68341,1.30188
1737.64392,1.31252
1735.60443,1.31946
1733.56494,1.31987
1731.52546,1.31279
1729.48597,1.30506
1727.44648,1.29890
1725.40699,1.29250
1723.36750,1.28470
1721.32801,1.27896
1719.28853,1.27845
1717.24904,1.27806
1715.20955,1.27299
1713.17006,1.26861
1711.13057,1.26839
1709.09109,1.27119
1707.05160,1.27628
1705.01211,1.28309
1702.97262,1.29351
1700.93313,1.31247
1698.89364,1.33736
1696.85416,1.36187
1694.81467,1.38381
1692.77518,1.40241
1690.73569,1.42174
1688.69620,1.44296
1686.65672,1.46671
1684.61723,1.49400
1682.57774,1.51530
1680.53825,1.52638
1678.49876,1.53450
1676.45927,1.54565
1674.41979,1.56250
1672.38030,1.58410
1670.34081,1.60537
1668.30132,1.61657
1666.26183,1.61717
1664.22235,1.62037
1662.18286,1.63021
1660.14337,1.63844
1658.10388,1.64364
1656.06439,1.64983
1654.02490,1.65377
1651.98542,1.65059
1649.94593,1.65048
1647.90644,1.65556
1645.86695,1.65552
1643.82746,1.65027
1641.78798,1.64677
1639.74849,1.64362
1637.70900,1.63926
1635.66951,1.63668
1633.63002,1.63590
1631.59054,1.63432
1629.55105,1.63070
1627.51156,1.62712
1625.47207,1.62744
1623.43258,1.62996
1621.39309,1.63043
1619.35361,1.62866
1617.31412,1.62283
1615.27463,1.61240
1613.23514,1.60334
1611.19565,1.59754
1609.15617,1.59280
1607.11668,1.58781
1605.07719,1.58221
1603.03770,1.57484
1600.99821,1.56599
1598.95872,1.55788
1596.91924,1.55119
1594.87975,1.54567
1592.84026,1.54051
1590.80077,1.53423
1588.76128,1.52665
1586.72180,1.51943
1584.68231,1.51236
1582.64282,1.50365
1580.60333,1.49547
1578.56384,1.48940
1576.52435,1.48051
1574.48487,1.46775
1572.44538,1.45813
1570.40589,1.45151
1568.36640,1.44537
1566.32691,1.44237
1564.28743,1.44170
1562.24794,1.43926
1560.20845,1.43241
1558.16896,1.42262
1556.12947,1.41986
1554.08998,1.42325
1552.05050,1.42452
1550.01101,1.42169
1547.97152,1.41718
1545.93203,1.41354
1543.89254,1.41025
1541.85306,1.40398
1539.81357,1.39242
1537.77408,1.38056
1535.73459,1.37404
1533.69510,1.36912
1531.65561,1.36240
1529.61613,1.35694
1527.57664,1.35354
1525.53715,1.34998
1523.49766,1.34586
1521.45817,1.34097
1519.41869,1.33656
1517.37920,1.33402
1515.33971,1.32941
1513.30022,1.32085
1511.26073,1.31021
1509.22124,1.29821
1507.18176,1.28362
1505.14227,1.26924
1503.10278,1.26112
1501.06329,1.25635
1499.02380,1.24899
1496.98432,1.23764
1494.94483,1.22737
1492.90534,1.22355
1490.86585,1.22475
1488.82636,1.22689
1486.78688,1.22919
1484.74739,1.23259
1482.70790,1.23948
1480.66841,1.25148
1478.62892,1.26691
1476.58943,1.28506
1474.54995,1.30855
1472.51046,1.33801
1470.47097,1.36590
1468.43148,1.38786
1466.39199,1.40778
1464.35251,1.42463
1462.31302,1.43418
1460.27353,1.44011
1458.23404,1.44828
1456.19455,1.45955
1454.15506,1.47157
1452.11558,1.48280
1450.07609,1.49279
1448.03660,1.49993
1445.99711,1.50377
1443.95762,1.50708
1441.91814,1.50980
1439.87865,1.51085
1437.83916,1.51359
1435.79967,1.51965
1433.76018,1.52501
1431.72069,1.52719
1429.68121,1.52802
1427.64172,1.52996
1425.60223,1.53304
1423.56274,1.53724
1421.52325,1.54324
1419.48377,1.54672
1417.44428,1.54180
1415.40479,1.53513
1413.36530,1.53493
1411.32581,1.53802
1409.28632,1.53862
1407.24684,1.53742
1405.20735,1.53564
1403.16786,1.53213
1401.12837,1.52943
1399.08888,1.52982
1397.04940,1.53102
1395.00991,1.52970
1392.97042,1.52617
1390.93093,1.52470
1388.89144,1.52552
1386.85195,1.52430
1384.81247,1.52004
1382.77298,1.51653
1380.73349,1.51630
1378.69400,1.51725
1376.65451,1.51509
1374.61503,1.50862
1372.57554,1.50159
1370.53605,1.49783
1368.49656,1.49577
1366.45707,1.49229
1364.41758,1.48670
1362.37810,1.47957
1360.33861,1.47251
1358.29912,1.46602
1356.25963,1.46040
1354.22014,1.45781
1352.18066,1.45835
1350.14117,1.46005
1348.10168,1.46143
1346.06219,1.46123
1344.02270,1.45864
1341.98322,1.45413
1339.94373,1.44998
1337.90424,1.44825
1335.86475,1.44802
1333.82526,1.44775
1331.78577,1.44793
1329.74629,1.44672
1327.70680,1.44206
1325.66731,1.43815
1323.62782,1.43796
1321.58833,1.43820
1319.54885,1.43529
1317.50936,1.42921
1315.46987,1.42284
1313.43038,1.41687
1311.39089,1.41056
1309.35140,1.40619
1307.31192,1.40390
1305.27243,1.40013
1303.23294,1.39483
1301.19345,1.39105
1299.15396,1.38849
1297.11448,1.38488
1295.07499,1.38176
1293.03550,1.38203
1290.99601,1.38482
1288.95652,1.38743
1286.91703,1.38919
1284.87755,1.39098
1282.83806,1.39257
1280.79857,1.39463
1278.75908,1.40001
1276.71959,1.40802
1274.68011,1.41375
1272.64062,1.41532
1270.60113,1.41569
1268.56164,1.41749
1266.52215,1.42036
1264.48266,1.42360
1262.44318,1.42686
1260.40369,1.42913
1258.36420,1.43074
1256.32471,1.43217
1254.28522,1.43306
1252.24574,1.43395
1250.20625,1.43483
1248.16676,1.43401
1246.12727,1.43221
1244.08778,1.43221
1242.04829,1.43199
1240.00881,1.42811
1237.96932,1.42135
1235.92983,1.41357
1233.89034,1.40509
1231.85085,1.39610
1229.81137,1.38746
1227.77188,1.37981
1225.73239,1.37298
1223.69290,1.36626
1221.65341,1.35966
1219.61392,1.35238
1217.57444,1.34315
1215.53495,1.33306
1213.49546,1.32376
1211.45597,1.31779
1209.41648,1.31548
1207.37700,1.31370
1205.33751,1.31369
1203.29802,1.31629
1201.25853,1.31673
1199.21904,1.31298
1197.17956,1.30754
1195.14007,1.30451
1193.10058,1.30574
1191.06109,1.30917
1189.02160,1.31415
1186.98211,1.32219
1184.94263,1.33142
1182.90314,1.34062
1180.86365,1.35482
1178.82416,1.37563
1176.78467,1.39771
1174.74519,1.41701
1172.70570,1.43402
1170.66621,1.45156
1168.62672,1.46795
1166.58723,1.47701
1164.54774,1.47987
1162.50826,1.48298
1160.46877,1.48587
1158.42928,1.48729
1156.38979,1.48915
1154.35030,1.48908
1152.31082,1.48548
1150.27133,1.48118
1148.23184,1.47872
1146.19235,1.48114
1144.15286,1.48789
1142.11337,1.49261
1140.07389,1.49261
1138.03440,1.49041
1135.99491,1.49146
1133.95542,1.49870
1131.91593,1.50810
1129.87645,1.51532
1127.83696,1.51962
1125.79747,1.52533
1123.75798,1.53607
1121.71849,1.54788
1119.67900,1.55662
1117.63952,1.56411
1115.60003,1.57268
1113.56054,1.57912
1111.52105,1.58063
1109.48156,1.58056
1107.44208,1.58333
1105.40259,1.58655
1103.36310,1.58340
1101.32361,1.57501
1099.28412,1.56744
1097.24463,1.56253
1095.20515,1.56433
1093.16566,1.57117
1091.12617,1.57515
1089.08668,1.57899
1087.04719,1.58443
1085.00771,1.58678
1082.96822,1.58953
1080.92873,1.59502
1078.88924,1.59530
1076.84975,1.58808
1074.81027,1.58086
1072.77078,1.57824
1070.73129,1.57674
1068.69180,1.57306
1066.65231,1.56808
1064.61282,1.56659
1062.57334,1.57272
1060.53385,1.57456
1058.49436,1.56298
1056.45487,1.54888
1054.41538,1.54064
1052.37590,1.53667
1050.33641,1.53269
1048.29692,1.52717
1046.25743,1.52282
1044.21794,1.51972
1042.17845,1.51608
1040.13897,1.51180
1038.09948,1.50374
1036.05999,1.49205
1034.02050,1.48098
1031.98101,1.47204
1029.94153,1.46542
1027.90204,1.45953
1025.86255,1.45410
1023.82306,1.45025
1021.78357,1.44502
1019.74408,1.43376
1017.70460,1.41947
1015.66511,1.40767
1013.62562,1.39778
1011.58613,1.38703
1009.54664,1.37585
1007.50716,1.36714
1005.46767,1.35622
1003.42818,1.33861
1001.38869,1.32095
999.34920,1.30744
997.30971,1.29572
995.27023,1.28611
993.23074,1.27867
991.19125,1.26850
989.15176,1.25389
987.11227,1.23819
985.07279,1.22278
983.03330,1.20889
980.99381,1.19700
978.95432,1.18372
976.91483,1.16889
974.87534,1.15721
972.83586,1.15032
970.79637,1.14556
968.75688,1.14193
966.71739,1.14075
964.67790,1.13845
962.63842,1.13065
960.59893,1.12081
958.55944,1.11229
956.51995,1.10378
954.48046,1.09387
952.44097,1.08252
950.40149,1.07143
948.36200,1.06093
946.32251,1.05039
944.28302,1.04251
942.24353,1.03875
940.20405,1.03622
938.16456,1.03425
936.12507,1.03580
934.08558,1.04029
932.04609,1.04390
930.00661,1.04636
927.96712,1.05018
925.92763,1.05679
923.88814,1.06580
921.84865,1.07383
919.80916,1.07748
917.76968,1.07791
915.73019,1.07784
913.69070,1.07862
911.65121,1.08004
909.61172,1.08052
907.57224,1.08117
905.53275,1.08461
903.49326,1.08991
901.45377,1.09507
899.41428,1.09863
897.37479,1.10083
895.33531,1.10348
893.29582,1.10382
891.25633,1.09880
889.21684,1.09167
887.17735,1.08663
885.13787,1.08529
883.09838,1.08505
881.05889,1.08246
879.01940,1.07958
876.97991,1.07940
874.94042,1.08057
872.90094,1.08070
870.86145,1.08045
868.82196,1.08215
866.78247,1.08374
864.74298,1.08378
862.70350,1.08599
860.66401,1.08981
858.62452,1.09242
856.58503,1.09559
854.54554,1.10119
852.50605,1.10821
850.46657,1.11625
848.42708,1.12526
846.38759,1.13271
844.34810,1.13841
842.30861,1.14640
840.26913,1.15734
838.22964,1.16803
836.19015,1.17960
834.15066,1.19128
832.11117,1.19613
830.07168,1.19622
828.03220,1.19795
825.99271,1.19928
823.95322,1.19766
821.91373,1.19592
819.87424,1.19802
817.83476,1.20130
815.79527,1.20077
813.75578,1.19958
811.71629,1.20222
809.67680,1.20749
807.63731,1.21157
805.59783,1.21283
803.55834,1.21418
801.51885,1.21755
799.47936,1.22194
797.43987,1.22725
795.40039,1.23251
793.36090,1.23755
791.32141,1.24399
789.28192,1.25128
787.24243,1.25850
785.20295,1.26577
783.16346,1.27444
781.12397,1.28332
779.08448,1.28742
777.04499,1.28638
775.00550,1.28380
772.96602,1.28383
770.92653,1.28866
768.88704,1.29392
766.84755,1.29607
764.80806,1.29783
762.76858,1.30112
760.72909,1.30446
758.68960,1.30887
756.65011,1.31756
754.61062,1.32966
752.57113,1.33672
750.53165,1.33656
748.49216,1.33803
746.45267,1.34350
744.41318,1.35024
742.37369,1.35437
740.33421,1.35407
738.29472,1.35092
736.25523,1.34684
734.21574,1.34737
732.17625,1.35472
730.13676,1.36265
728.09728,1.36991
726.05779,1.37953
724.01830,1.38870
721.97881,1.39403
719.93932,1.39258
717.89984,1.38844
715.86035,1.39016
713.82086,1.39883
711.78137,1.40983
709.74188,1.41757
707.70239,1.42084
705.66291,1.42233
703.62342,1.42239
701.58393,1.42282
699.54444,1.42577
697.50495,1.42713
695.46547,1.42415
693.42598,1.42034
691.38649,1.41700
689.34700,1.41426
687.30751,1.41451
685.26802,1.41775
683.22854,1.42209
681.18905,1.42494
679.14956,1.42623
677.11007,1.43347
675.07058,1.44987
673.03110,1.46370
670.99161,1.46147
668.95212,1.44831
666.91263,1.44331
664.87314,1.44632
662.83365,1.44366
660.79417,1.43837
658.75468,1.44009
656.71519,1.44517
654.67570,1.44774
652.63621,1.44927
650.59673,1.44780
648.55724,1.44318
646.51775,1.43930
644.47826,1.43839
642.43877,1.44536
640.39929,1.45835
638.35980,1.46400
636.32031,1.45931
634.28082,1.45392
632.24133,1.45736
630.20184,1.46928
628.16236,1.47665
626.12287,1.47065
624.08338,1.46434
622.04389,1.47204
620.00440,1.47119
617.96492,1.44597
615.92543,1.43369
613.88594,1.44550
611.84645,1.45568
609.80696,1.45172
607.76747,1.44156
605.72799,1.43739
603.68850,1.42818
601.64901,1.41687
599.60952,1.41056
597.57003,1.39283
595.53055,1.37889
593.49106,1.38544
591.45157,1.40611
589.41208,1.42736
587.37259,1.43058
585.33310,1.43031
583.29362,1.43774
581.25413,1.43291
579.21464,1.42708
577.17515,1.46435
575.13566,1.49951
573.09618,1.48037
571.05669,1.47181
569.01720,1.50328
566.97771,1.52685
564.93822,1.51887
562.89873,1.48935
560.85925,1.44979
558.81976,1.42818
556.78027,1.42253
554.74078,1.42733
552.70129,1.41370
550.66181,1.40044
548.62232,1.41694
546.58283,1.42681
544.54334,1.42995
542.50385,1.45086
540.46436,1.44008
538.42488,1.40423
536.38539,1.40009
534.34590,1.43509
532.30641,1.46725
530.26692,1.45982
528.22744,1.43217
526.18795,1.44978
524.14846,1.47578
522.10897,1.42129
520.06948,1.30077
518.02999,1.20873
515.99051,1.17507
513.95102,1.20360
511.91153,1.23977
509.87204,1.27790
507.83255,1.29615
505.79307,1.23598
503.75358,1.12300
501.71409,1.06013
499.67460,1.00916
