3997.39681,0.26152
3995.35732,0.26158
3993.31783,0.26159
3991.27835,0.26133
3989.23886,0.26057
3987.19937,0.25991
3985.15988,0.25954
3983.12039,0.25907
3981.08091,0.25883
3979.04142,0.25880
3977.00193,0.25857
3974.96244,0.25824
3972.92295,0.25774
3970.88346,0.25701
3968.84398,0.25639
3966.80449,0.25603
3964.76500,0.25568
3962.72551,0.25500
3960.68602,0.25393
3958.64654,0.25286
3956.60705,0.25225
3954.56756,0.25221
3952.52807,0.25251
3950.48858,0.25268
3948.44909,0.25185
3946.40961,0.24999
3944.37012,0.24826
3942.33063,0.24728
3940.29114,0.24669
3938.25165,0.24634
3936.21217,0.24627
3934.17268,0.24627
3932.13319,0.24585
3930.09370,0.24486
3928.05421,0.24378
3926.01473,0.24297
3923.97524,0.24229
3921.93575,0.24164
3919.89626,0.24082
3917.85677,0.23976
3915.81728,0.23877
3913.77780,0.23786
3911.73831,0.23676
3909.69882,0.23569
3907.65933,0.23528
3905.61984,0.23550
3903.58036,0.23550
3901.54087,0.23461
3899.50138,0.23291
3897.46189,0.23108
3895.42240,0.23007
3893.38291,0.22992
3891.34343,0.22943
3889.30394,0.22833
3887.26445,0.22760
3885.22496,0.22750
3883.18547,0.22751
3881.14599,0.22704
3879.10650,0.22589
3877.06701,0.22494
3875.02752,0.22456
3872.98803,0.22433
3870.94854,0.22382
3868.90906,0.22288
3866.86957,0.22220
3864.83008,0.22199
3862.79059,0.22152
3860.75110,0.22063
3858.71162,0.21982
3856.67213,0.21934
3854.63264,0.21929
3852.59315,0.21973
3850.55366,0.22022
3848.51417,0.22020
3846.47469,0.21982
3844.43520,0.21941
3842.39571,0.21924
3840.35622,0.21940
3838.31673,0.21955
3836.27725,0.21945
3834.23776,0.21929
3832.19827,0.21906
3830.15878,0.21898
3828.11929,0.21909
3826.07980,0.21905
3824.04032,0.21921
3822.00083,0.21993
3819.96134,0.22054
3817.92185,0.22076
3815.88236,0.22073
3813.84288,0.22050
3811.80339,0.22026
3809.76390,0.22019
3807.72441,0.22040
3805.68492,0.22097
3803.64543,0.22193
3801.60595,0.22282
3799.56646,0.22333
3797.52697,0.22380
3795.48748,0.22424
3793.44799,0.22449
3791.40851,0.22458
3789.36902,0.22473
3787.32953,0.22527
3785.29004,0.22621
3783.25055,0.22722
3781.21107,0.22815
3779.17158,0.22900
3777.13209,0.22980
3775.09260,0.23050
3773.05311,0.23115
3771.01362,0.23189
3768.97414,0.23295
3766.93465,0.23454
3764.89516,0.23629
3762.85567,0.23784
3760.81618,0.23942
3758.77670,0.24088
3756.73721,0.24153
3754.69772,0.24159
3752.65823,0.24239
3750.61874,0.24471
3748.57925,0.24738
3746.53977,0.24935
3744.50028,0.25104
3742.46079,0.25286
3740.42130,0.25458
3738.38181,0.25623
3736.34233,0.25855
3734.30284,0.26189
3732.26335,0.26500
3730.22386,0.26707
3728.18437,0.26886
3726.14488,0.27120
3724.10540,0.27421
3722.06591,0.27747
3720.02642,0.28053
3717.98693,0.28337
3715.94744,0.28626
3713.90796,0.29000
3711.86847,0.29542
3709.82898,0.30188
3707.78949,0.30809
3705.75000,0.31410
3703.71051,0.32078
3701.67103,0.32851
3699.63154,0.33684
3697.59205,0.34501
3695.55256,0.35243
3693.51307,0.35892
3691.47359,0.36535
3689.43410,0.37243
3687.39461,0.37966
3685.35512,0.38666
3683.31563,0.39385
3681.27614,0.40171
3679.23666,0.41078
3677.19717,0.42242
3675.15768,0.43669
3673.11819,0.45139
3671.07870,0.46690
3669.03922,0.48338
3666.99973,0.49829
3664.96024,0.51160
3662.92075,0.52472
3660.88126,0.53834
3658.84177,0.55313
3656.80229,0.56908
3654.76280,0.58446
3652.72331,0.59932
3650.68382,0.61699
3648.64433,0.63703
3646.60485,0.65383
3644.56536,0.66731
3642.52587,0.68148
3640.48638,0.69680
3638.44689,0.71157
3636.40741,0.72621
3634.36792,0.74207
3632.32843,0.75923
3630.28894,0.77679
3628.24945,0.79241
3626.20996,0.80474
3624.17048,0.81703
3622.13099,0.83222
3620.09150,0.84920
3618.05201,0.86334
3616.01252,0.87272
3613.97304,0.88140
3611.93355,0.89228
3609.89406,0.90454
3607.85457,0.91768
3605.81508,0.93107
3603.77559,0.94294
3601.73611,0.95280
3599.69662,0.96274
3597.65713,0.97567
3595.61764,0.99071
3593.57815,1.00414
3591.53867,1.01591
3589.49918,1.02937
3587.45969,1.04311
3585.42020,1.05304
3583.38071,1.06135
3581.34122,1.07060
3579.30174,1.08051
3577.26225,1.09124
3575.22276,1.10301
3573.18327,1.11581
3571.14378,1.12945
3569.10430,1.14172
3567.06481,1.15116
3565.02532,1.15961
3562.98583,1.16843
3560.94634,1.17720
3558.90685,1.18519
3556.86737,1.19251
3554.82788,1.19892
3552.78839,1.20515
3550.74890,1.21470
3548.70941,1.22872
3546.66993,1.24257
3544.63044,1.25264
3542.59095,1.26071
3540.55146,1.26887
3538.51197,1.27732
3536.47248,1.28544
3534.43300,1.29202
3532.39351,1.29758
3530.35402,1.30546
3528.31453,1.31583
3526.27504,1.32393
3524.23556,1.32826
3522.19607,1.33169
3520.15658,1.33507
3518.11709,1.33815
3516.07760,1.34283
3514.03811,1.35109
3511.99863,1.36132
3509.95914,1.36932
3507.91965,1.37483
3505.88016,1.38194
3503.84067,1.39070
3501.80119,1.39713
3499.76170,1.39936
3497.72221,1.40009
3495.68272,1.40686
3493.64323,1.41971
3491.60375,1.42740
3489.56426,1.42725
3487.52477,1.42711
3485.48528,1.43213
3483.44579,1.44371
3481.40630,1.45930
3479.36682,1.46924
3477.32733,1.46689
3475.28784,1.45947
3473.24835,1.45781
3471.20886,1.46224
3469.16938,1.46869
3467.12989,1.47891
3465.09040,1.49205
3463.05091,1.49829
3461.01142,1.49306
3458.97193,1.48578
3456.93245,1.48621
3454.89296,1.49189
3452.85347,1.49732
3450.81398,1.50175
3448.77449,1.50548
3446.73501,1.51005
3444.69552,1.51396
3442.65603,1.51786
3440.61654,1.52681
3438.57705,1.53495
3436.53756,1.53397
3434.49808,1.52973
3432.45859,1.53253
3430.41910,1.53998
3428.37961,1.54319
3426.34012,1.54105
3424.30064,1.53797
3422.26115,1.53547
3420.22166,1.53565
3418.18217,1.54033
3416.14268,1.54605
3414.10319,1.55150
3412.06371,1.55370
3410.02422,1.55107
3407.98473,1.55180
3405.94524,1.55742
3403.90575,1.56282
3401.86627,1.56658
3399.82678,1.56651
3397.78729,1.56299
3395.74780,1.55908
3393.70831,1.55718
3391.66882,1.55876
3389.62934,1.56343
3387.58985,1.56796
3385.55036,1.57062
3383.51087,1.57360
3381.47138,1.57655
3379.43190,1.57596
3377.39241,1.57166
3375.35292,1.57004
3373.31343,1.57277
3371.27394,1.57374
3369.23446,1.57076
3367.19497,1.56930
3365.15548,1.57260
3363.11599,1.57676
3361.07650,1.58110
3359.03701,1.58624
3356.99753,1.58867
3354.95804,1.58610
3352.91855,1.58147
3350.87906,1.58089
3348.83957,1.58610
3346.80009,1.59104
3344.76060,1.58966
3342.72111,1.58503
3340.68162,1.58008
3338.64213,1.57582
3336.60264,1.57618
3334.56316,1.58062
3332.52367,1.58405
3330.48418,1.58242
3328.44469,1.57759
3326.40520,1.57750
3324.36572,1.58052
3322.32623,1.57774
3320.28674,1.57363
3318.24725,1.57505
3316.20776,1.57685
3314.16827,1.57413
3312.12879,1.56840
3310.08930,1.56559
3308.04981,1.56848
3306.01032,1.57062
3303.97083,1.56581
3301.93135,1.55789
3299.89186,1.55444
3297.85237,1.55504
3295.81288,1.55565
3293.77339,1.55874
3291.73390,1.56598
3289.69442,1.56888
3287.65493,1.56052
3285.61544,1.54759
3283.57595,1.54319
3281.53646,1.54897
3279.49698,1.55210
3277.45749,1.54820
3275.41800,1.54377
3273.37851,1.54071
3271.33902,1.53740
3269.29953,1.53189
3267.26005,1.52433
3265.22056,1.51838
3263.18107,1.51573
3261.14158,1.51301
3259.10209,1.50972
3257.06261,1.50746
3255.02312,1.50324
3252.98363,1.49770
3250.94414,1.49436
3248.90465,1.49091
3246.86516,1.48664
3244.82568,1.48563
3242.78619,1.48827
3240.74670,1.48749
3238.70721,1.47721
3236.66772,1.46494
3234.62824,1.46095
3232.58875,1.46112
3230.54926,1.45876
3228.50977,1.45513
3226.47028,1.45205
3224.43080,1.44993
3222.39131,1.44906
3220.35182,1.44787
3218.31233,1.44388
3216.27284,1.43780
3214.23335,1.43332
3212.19387,1.43154
3210.15438,1.43066
3208.11489,1.42944
3206.07540,1.42773
3204.03591,1.42392
3201.99643,1.41640
3199.95694,1.40970
3197.91745,1.40706
3195.87796,1.40395
3193.83847,1.39979
3191.79898,1.39835
3189.75950,1.39669
3187.72001,1.39148
3185.68052,1.38683
3183.64103,1.38625
3181.60154,1.38823
3179.56206,1.38852
3177.52257,1.38397
3175.48308,1.37710
3173.44359,1.37143
3171.40410,1.36606
3169.36461,1.35932
3167.32513,1.35319
3165.28564,1.35085
3163.24615,1.35114
3161.20666,1.35117
3159.16717,1.35014
3157.12769,1.34615
3155.08820,1.33996
3153.04871,1.33559
3151.00922,1.33213
3148.96973,1.32735
3146.93024,1.32277
3144.89076,1.32024
3142.85127,1.31932
3140.81178,1.31796
3138.77229,1.31545
3136.73280,1.31287
3134.69332,1.30969
3132.65383,1.30430
3130.61434,1.29940
3128.57485,1.29722
3126.53536,1.29560
3124.49587,1.29305
3122.45639,1.28925
3120.41690,1.28471
3118.37741,1.28084
3116.33792,1.27802
3114.29843,1.27608
3112.25895,1.27563
3110.21946,1.27557
3108.17997,1.27314
3106.14048,1.26928
3104.10099,1.26775
3102.06150,1.26726
3100.02202,1.26323
3097.98253,1.25816
3095.94304,1.25708
3093.90355,1.25830
3091.86406,1.25820
3089.82458,1.25754
3087.78509,1.25727
3085.74560,1.25564
3083.70611,1.25248
3081.66662,1.24975
3079.62714,1.24836
3077.58765,1.24698
3075.54816,1.24371
3073.50867,1.23893
3071.46918,1.23526
3069.42969,1.23400
3067.39021,1.23313
3065.35072,1.23095
3063.31123,1.22843
3061.27174,1.22608
3059.23225,1.22285
3057.19277,1.21826
3055.15328,1.21219
3053.11379,1.20538
3051.07430,1.20151
3049.03481,1.20175
3046.99532,1.20241
3044.95584,1.20147
3042.91635,1.19851
3040.87686,1.19335
3038.83737,1.18848
3036.79788,1.18681
3034.75840,1.18653
3032.71891,1.18408
3030.67942,1.18019
3028.63993,1.17671
3026.60044,1.17398
3024.56095,1.17187
3022.52147,1.16972
3020.48198,1.16792
3018.44249,1.16766
3016.40300,1.16792
3014.36351,1.16701
3012.32403,1.16573
3010.28454,1.16410
3008.24505,1.16127
3006.20556,1.15917
3004.16607,1.15908
3002.12658,1.15923
3000.08710,1.15904
2998.04761,1.16075
2996.00812,1.16418
2993.96863,1.16620
2991.92914,1.16642
2989.88966,1.16747
2987.85017,1.17164
2985.81068,1.17963
2983.77119,1.18837
2981.73170,1.19424
2979.69221,1.19769
2977.65273,1.20216
2975.61324,1.21053
2973.57375,1.22069
2971.53426,1.22927
2969.49477,1.23663
2967.45529,1.24388
2965.41580,1.25053
2963.37631,1.25624
2961.33682,1.26140
2959.29733,1.26569
2957.25784,1.26992
2955.21836,1.27451
2953.17887,1.27792
2951.13938,1.28027
2949.09989,1.28295
2947.06040,1.28712
2945.02092,1.29269
2942.98143,1.29864
2940.94194,1.30596
2938.90245,1.31459
2936.86296,1.32149
2934.82348,1.32723
2932.78399,1.33338
2930.74450,1.33589
2928.70501,1.33333
2926.66552,1.33096
2924.62603,1.33036
2922.58655,1.32871
2920.54706,1.32487
2918.50757,1.31749
2916.46808,1.30592
2914.42859,1.29268
2912.38911,1.27941
2910.34962,1.26636
2908.31013,1.25634
2906.27064,1.24996
2904.23115,1.24367
2902.19166,1.23652
2900.15218,1.22905
2898.11269,1.22123
2896.07320,1.21427
2894.03371,1.20877
2891.99422,1.20524
2889.95474,1.20360
2887.91525,1.20023
2885.87576,1.19448
2883.83627,1.19027
2881.79678,1.18807
2879.75729,1.18550
2877.71781,1.18233
2875.67832,1.18008
2873.63883,1.17783
2871.59934,1.17295
2869.55985,1.16589
2867.52037,1.16010
2865.48088,1.15783
2863.44139,1.15740
2861.40190,1.15750
2859.36241,1.15951
2857.32292,1.16295
2855.28344,1.16617
2853.24395,1.16865
2851.20446,1.16602
2849.16497,1.15225
2847.12548,1.13029
2845.08600,1.10745
2843.04651,1.08692
2841.00702,1.07000
2838.96753,1.05720
2836.92804,1.04741
2834.88855,1.03923
2832.84907,1.03198
2830.80958,1.02511
2828.77009,1.01843
2826.73060,1.01342
2824.69111,1.01060
2822.65163,1.00759
2820.61214,1.00289
2818.57265,0.99729
2816.53316,0.99174
2814.49367,0.98701
2812.45418,0.98387
2810.41470,0.98168
2808.37521,0.97875
2806.33572,0.97443
2804.29623,0.97015
2802.25674,0.96677
2800.21726,0.96352
2798.17777,0.96074
2796.13828,0.95791
2794.09879,0.95414
2792.05930,0.95078
2790.01982,0.94858
2787.98033,0.94669
2785.94084,0.94412
2783.90135,0.94072
2781.86186,0.93764
2779.82237,0.93559
2777.78289,0.93381
2775.74340,0.93187
2773.70391,0.93006
2771.66442,0.92842
2769.62493,0.92689
2767.58545,0.92524
2765.54596,0.92349
2763.50647,0.92169
2761.46698,0.91939
2759.42749,0.91720
2757.38800,0.91567
2755.34852,0.91406
2753.30903,0.91244
2751.26954,0.91095
2749.23005,0.90936
2747.19056,0.90777
2745.15108,0.90570
2743.11159,0.90368
2741.07210,0.90290
2739.03261,0.90244
2736.99312,0.90105
2734.95363,0.89931
2732.91415,0.89804
2730.87466,0.89689
2728.83517,0.89519
2726.79568,0.89264
2724.75619,0.88962
2722.71671,0.88663
2720.67722,0.88367
2718.63773,0.88115
2716.59824,0.87878
2714.55875,0.87585
2712.51926,0.87290
2710.47978,0.87121
2708.44029,0.87044
2706.40080,0.86844
2704.36131,0.86597
2702.32182,0.86465
2700.28234,0.86292
2698.24285,0.86028
2696.20336,0.85755
2694.16387,0.85415
2692.12438,0.85068
2690.08489,0.84900
2688.04541,0.84834
2686.00592,0.84674
2683.96643,0.84448
2681.92694,0.84224
2679.88745,0.83963
2677.84797,0.83681
2675.80848,0.83460
2673.76899,0.83269
2671.72950,0.83017
2669.69001,0.82730
2667.65052,0.82466
2665.61104,0.82236
2663.57155,0.82027
2661.53206,0.81823
2659.49257,0.81582
2657.45308,0.81288
2655.41360,0.81081
2653.37411,0.80919
2651.33462,0.80643
2649.29513,0.80357
2647.25564,0.80112
2645.21616,0.79858
2643.17667,0.79665
2641.13718,0.79495
2639.09769,0.79252
2637.05820,0.79001
2635.01871,0.78820
2632.97923,0.78678
2630.93974,0.78473
2628.90025,0.78164
2626.86076,0.77837
2624.82127,0.77541
2622.78179,0.77313
2620.74230,0.77171
2618.70281,0.77036
2616.66332,0.76860
2614.62383,0.76649
2612.58434,0.76402
2610.54486,0.76152
2608.50537,0.75940
2606.46588,0.75782
2604.42639,0.75639
2602.38690,0.75432
2600.34742,0.75169
2598.30793,0.74958
2596.26844,0.74839
2594.22895,0.74719
2592.18946,0.74499
2590.14997,0.74218
2588.11049,0.74023
2586.07100,0.73931
2584.03151,0.73793
2581.99202,0.73555
2579.95253,0.73334
2577.91305,0.73167
2575.87356,0.72980
2573.83407,0.72771
2571.79458,0.72546
2569.75509,0.72301
2567.71560,0.72116
2565.67612,0.72000
2563.63663,0.71879
2561.59714,0.71734
2559.55765,0.71565
2557.51816,0.71413
2555.47868,0.71305
2553.43919,0.71130
2551.39970,0.70869
2549.36021,0.70641
2547.32072,0.70512
2545.28123,0.70484
2543.24175,0.70421
2541.20226,0.70218
2539.16277,0.69976
2537.12328,0.69759
2535.08379,0.69547
2533.04431,0.69351
2531.00482,0.69183
2528.96533,0.69022
2526.92584,0.68851
2524.88635,0.68701
2522.84686,0.68587
2520.80738,0.68457
2518.76789,0.68269
2516.72840,0.68078
2514.68891,0.67905
2512.64942,0.67707
2510.60994,0.67520
2508.57045,0.67358
2506.53096,0.67171
2504.49147,0.67000
2502.45198,0.66889
2500.41250,0.66762
2498.37301,0.66564
2496.33352,0.66333
2494.29403,0.66116
2492.25454,0.65921
2490.21505,0.65710
2488.17557,0.65485
2486.13608,0.65283
2484.09659,0.65112
2482.05710,0.64942
2480.01761,0.64728
2477.97813,0.64491
2475.93864,0.64292
2473.89915,0.64111
2471.85966,0.63895
2469.82017,0.63686
2467.78068,0.63501
2465.74120,0.63300
2463.70171,0.63119
2461.66222,0.62940
2459.62273,0.62688
2457.58324,0.62451
2455.54376,0.62303
2453.50427,0.62182
2451.46478,0.62032
2449.42529,0.61835
2447.38580,0.61599
2445.34631,0.61360
2443.30683,0.61138
2441.26734,0.60958
2439.22785,0.60796
2437.18836,0.60593
2435.14887,0.60376
2433.10939,0.60186
2431.06990,0.60028
2429.03041,0.59866
2426.99092,0.59652
2424.95143,0.59421
2422.91194,0.59232
2420.87246,0.59094
2418.83297,0.58974
2416.79348,0.58822
2414.75399,0.58618
2412.71450,0.58397
2410.67502,0.58225
2408.63553,0.58104
2406.59604,0.57988
2404.55655,0.57861
2402.51706,0.57698
2400.47757,0.57492
2398.43809,0.57301
2396.39860,0.57152
2394.35911,0.57013
2392.31962,0.56879
2390.28013,0.56769
2388.24065,0.56673
2386.20116,0.56576
2384.16167,0.56500
2382.12218,0.56463
2380.08269,0.56435
2378.04320,0.56384
2376.00372,0.56309
2373.96423,0.56215
2371.92474,0.56140
2369.88525,0.56135
2367.84576,0.56187
2365.80628,0.56241
2363.76679,0.56264
2361.72730,0.56248
2359.68781,0.56188
2357.64832,0.56039
2355.60884,0.55813
2353.56935,0.55623
2351.52986,0.55581
2349.49037,0.55610
2347.45088,0.55476
2345.41139,0.55153
2343.37191,0.54879
2341.33242,0.54770
2339.29293,0.54693
2337.25344,0.54531
2335.21395,0.54330
2333.17447,0.54180
2331.13498,0.54028
2329.09549,0.53856
2327.05600,0.53746
2325.01651,0.53672
2322.97702,0.53526
2320.93754,0.53317
2318.89805,0.53148
2316.85856,0.53029
2314.81907,0.52917
2312.77958,0.52829
2310.74010,0.52768
2308.70061,0.52688
2306.66112,0.52559
2304.62163,0.52390
2302.58214,0.52219
2300.54265,0.52088
2298.50317,0.51991
2296.46368,0.51896
2294.42419,0.51805
2292.38470,0.51731
2290.34521,0.51666
2288.30573,0.51608
2286.26624,0.51550
2284.22675,0.51471
2282.18726,0.51373
2280.14777,0.51286
2278.10828,0.51228
2276.06880,0.51184
2274.02931,0.51134
2271.98982,0.51098
2269.95033,0.51101
2267.91084,0.51098
2265.87136,0.51057
2263.83187,0.51027
2261.79238,0.51017
2259.75289,0.50986
2257.71340,0.50930
2255.67391,0.50886
2253.63443,0.50867
2251.59494,0.50845
2249.55545,0.50831
2247.51596,0.50835
2245.47647,0.50833
2243.43699,0.50804
2241.39750,0.50756
2239.35801,0.50706
2237.31852,0.50680
2235.27903,0.50685
2233.23954,0.50704
2231.20006,0.50713
2229.16057,0.50721
2227.12108,0.50738
2225.08159,0.50752
2223.04210,0.50746
2221.00262,0.50723
2218.96313,0.50716
2216.92364,0.50718
2214.88415,0.50712
2212.84466,0.50710
2210.80518,0.50720
2208.76569,0.50739
2206.72620,0.50762
2204.68671,0.50792
2202.64722,0.50825
2200.60773,0.50833
2198.56825,0.50826
2196.52876,0.50871
2194.48927,0.50947
2192.44978,0.50968
2190.41029,0.50942
2188.37081,0.50947
2186.33132,0.51006
2184.29183,0.51076
2182.25234,0.51141
2180.21285,0.51203
2178.17336,0.51268
2176.13388,0.51339
2174.09439,0.51370
2172.05490,0.51371
2170.01541,0.51394
2167.97592,0.51426
2165.93644,0.51479
2163.89695,0.51574
2161.85746,0.51651
2159.81797,0.51678
2157.77848,0.51679
2155.73899,0.51659
2153.69951,0.51634
2151.66002,0.51653
2149.62053,0.51726
2147.58104,0.51784
2145.54155,0.51775
2143.50207,0.51737
2141.46258,0.51738
2139.42309,0.51777
2137.38360,0.51813
2135.34411,0.51820
2133.30462,0.51790
2131.26514,0.51752
2129.22565,0.51744
2127.18616,0.51741
2125.14667,0.51727
2123.10718,0.51717
2121.06770,0.51684
2119.02821,0.51627
2116.98872,0.51595
2114.94923,0.51590
2112.90974,0.51565
2110.87025,0.51523
2108.83077,0.51492
2106.79128,0.51485
2104.75179,0.51498
2102.71230,0.51504
2100.67281,0.51471
2098.63333,0.51408
2096.59384,0.51375
2094.55435,0.51355
2092.51486,0.51319
2090.47537,0.51288
2088.43588,0.51273
2086.39640,0.51252
2084.35691,0.51216
2082.31742,0.51173
2080.27793,0.51140
2078.23844,0.51130
2076.19896,0.51126
2074.15947,0.51117
2072.11998,0.51125
2070.08049,0.51144
2068.04100,0.51140
2066.00152,0.51110
2063.96203,0.51076
2061.92254,0.51054
2059.88305,0.51041
2057.84356,0.51032
2055.80407,0.51039
2053.76459,0.51046
2051.72510,0.51036
2049.68561,0.51036
2047.64612,0.51025
2045.60663,0.50970
2043.56715,0.50922
2041.52766,0.50910
2039.48817,0.50894
2037.44868,0.50873
2035.40919,0.50856
2033.36970,0.50826
2031.33022,0.50778
2029.29073,0.50733
2027.25124,0.50694
2025.21175,0.50646
2023.17226,0.50583
2021.13278,0.50519
2019.09329,0.50465
2017.05380,0.50397
2015.01431,0.50306
2012.97482,0.50226
2010.93533,0.50188
2008.89585,0.50184
2006.85636,0.50183
2004.81687,0.50144
2002.77738,0.50076
2000.73789,0.50051
1998.69841,0.50061
1996.65892,0.50059
1994.61943,0.50087
1992.57994,0.50132
1990.54045,0.50101
1988.50096,0.50017
1986.46148,0.49954
1984.42199,0.49939
1982.38250,0.49956
1980.34301,0.49957
1978.30352,0.49931
1976.26404,0.49923
1974.22455,0.49953
1972.18506,0.49977
1970.14557,0.49985
1968.10608,0.50001
1966.06659,0.49998
1964.02711,0.49962
1961.98762,0.49937
1959.94813,0.49927
1957.90864,0.49903
1955.86915,0.49885
1953.82967,0.49896
1951.79018,0.49910
1949.75069,0.49911
1947.71120,0.49925
1945.67171,0.49978
1943.63222,0.50030
1941.59274,0.50012
1939.55325,0.49969
1937.51376,0.49976
1935.47427,0.50008
1933.43478,0.50029
1931.39530,0.50033
1929.35581,0.50033
1927.31632,0.50080
1925.27683,0.50196
1923.23734,0.50306
1921.19786,0.50362
1919.15837,0.50428
1917.11888,0.50495
1915.07939,0.50528
1913.03990,0.50588
1911.00041,0.50703
1908.96093,0.50808
1906.92144,0.50864
1904.88195,0.50921
1902.84246,0.50998
1900.80297,0.51075
1898.76349,0.51169
1896.72400,0.51288
1894.68451,0.51388
1892.64502,0.51483
1890.60553,0.51610
1888.56604,0.51705
1886.52656,0.51740
1884.48707,0.51766
1882.44758,0.51807
1880.40809,0.51873
1878.36860,0.51960
1876.32912,0.52055
1874.28963,0.52169
1872.25014,0.52368
1870.21065,0.52653
1868.17116,0.52832
1866.13167,0.52792
1864.09219,0.52726
1862.05270,0.52786
1860.01321,0.52911
1857.97372,0.53001
1855.93423,0.53074
1853.89475,0.53191
1851.85526,0.53345
1849.81577,0.53530
1847.77628,0.53799
1845.73679,0.54132
1843.69730,0.54352
1841.65782,0.54423
1839.61833,0.54543
1837.57884,0.54785
1835.53935,0.55083
1833.49986,0.55447
1831.46038,0.55920
1829.42089,0.56385
1827.38140,0.56730
1825.34191,0.57046
1823.30242,0.57372
1821.26293,0.57697
1819.22345,0.58103
1817.18396,0.58621
1815.14447,0.59217
1813.10498,0.59908
1811.06549,0.60685
1809.02601,0.61451
1806.98652,0.62210
1804.94703,0.63088
1802.90754,0.64156
1800.86805,0.65347
1798.82856,0.66537
1796.78908,0.67755
1794.74959,0.69151
1792.71010,0.70735
1790.67061,0.72221
1788.63112,0.73460
1786.59164,0.74693
1784.55215,0.76037
1782.51266,0.77358
1780.47317,0.78617
1778.43368,0.79932
1776.39420,0.81484
1774.35471,0.83482
1772.31522,0.85929
1770.27573,0.88488
1768.23624,0.91032
1766.19675,0.93762
1764.15727,0.96905
1762.11778,1.00685
1760.07829,1.04743
1758.03880,1.08598
1755.99931,1.12235
1753.95983,1.15704
1751.92034,1.19464
1749.88085,1.23567
1747.84136,1.27067
1745.80187,1.29638
1743.76238,1.31880
1741.72290,1.34064
1739.68341,1.35818
1737.64392,1.36897
1735.60443,1.37645
1733.56494,1.38149
1731.52546,1.38165
1729.48597,1.37601
1727.44648,1.36559
1725.40699,1.35540
1723.36750,1.34810
1721.32801,1.34326
1719.28853,1.34020
1717.24904,1.33584
1715.20955,1.32785
1713.17006,1.31948
1711.13057,1.31403
1709.09109,1.31409
1707.05160,1.32130
1705.01211,1.33360
1702.97262,1.34959
1700.93313,1.37379
1698.89364,1.40432
1696.85416,1.43076
1694.81467,1.45358
1692.77518,1.47615
1690.73569,1.50073
1688.69620,1.52818
1686.65672,1.55791
1684.61723,1.58921
1682.57774,1.61311
1680.53825,1.62453
1678.49876,1.63273
1676.45927,1.64651
1674.41979,1.66556
1672.38030,1.68114
1670.34081,1.68981
1668.30132,1.69600
1666.26183,1.70268
1664.22235,1.70935
1662.18286,1.71473
1660.14337,1.72011
1658.10388,1.72642
1656.06439,1.73420
1654.02490,1.73931
1651.98542,1.73334
1649.94593,1.72358
1647.90644,1.71685
1645.86695,1.71554
1643.82746,1.71949
1641.78798,1.72369
1639.74849,1.72438
1637.70900,1.71973
1635.66951,1.71214
1633.63002,1.70782
1631.59054,1.70720
1629.55105,1.70752
1627.51156,1.70775
1625.47207,1.70452
1623.43258,1.69355
1621.39309,1.67917
1619.35361,1.66903
1617.31412,1.66175
1615.27463,1.65505
1613.23514,1.64981
1611.19565,1.64372
1609.15617,1.63537
1607.11668,1.62747
1605.07719,1.62283
1603.03770,1.62042
1600.99821,1.61566
1598.95872,1.60523
1596.91924,1.59292
1594.87975,1.58319
1592.84026,1.57571
1590.80077,1.57078
1588.76128,1.56819
1586.72180,1.56341
1584.68231,1.55418
1582.64282,1.54562
1580.60333,1.54251
1578.56384,1.54004
1576.52435,1.52946
1574.48487,1.51509
1572.44538,1.50872
1570.40589,1.50904
1568.36640,1.50937
1566.32691,1.50871
1564.28743,1.50732
1562.24794,1.50618
1560.20845,1.51026
1558.16896,1.51740
1556.12947,1.51564
1554.08998,1.50687
1552.05050,1.49866
1550.01101,1.49504
1547.97152,1.49587
1545.93203,1.49657
1543.89254,1.49208
1541.85306,1.48382
1539.81357,1.47750
1537.77408,1.47312
1535.73459,1.46626
1533.69510,1.45476
1531.65561,1.44321
1529.61613,1.43753
1527.57664,1.43352
1525.53715,1.42443
1523.49766,1.41383
1521.45817,1.40952
1519.41869,1.40971
1517.37920,1.40595
1515.33971,1.39731
1513.30022,1.38709
1511.26073,1.37684
1509.22124,1.36745
1507.18176,1.35639
1505.14227,1.34210
1503.10278,1.32954
1501.06329,1.32010
1499.02380,1.31212
1496.98432,1.30458
1494.94483,1.29774
1492.90534,1.29234
1490.86585,1.28905
1488.82636,1.28860
1486.78688,1.29069
1484.74739,1.29503
1482.70790,1.30218
1480.66841,1.31241
1478.62892,1.32666
1476.58943,1.34679
1474.54995,1.37341
1472.51046,1.40403
1470.47097,1.43170
1468.43148,1.45262
1466.39199,1.46891
1464.35251,1.48114
1462.31302,1.48868
1460.27353,1.49331
1458.23404,1.49782
1456.19455,1.50488
1454.15506,1.51549
1452.11558,1.52842
1450.07609,1.53902
1448.03660,1.54363
1445.99711,1.54717
1443.95762,1.55350
1441.91814,1.55952
1439.87865,1.56403
1437.83916,1.56713
1435.79967,1.56789
1433.76018,1.56845
1431.72069,1.56968
1429.68121,1.57095
1427.64172,1.57492
1425.60223,1.58224
1423.56274,1.58777
1421.52325,1.58721
1419.48377,1.58287
1417.44428,1.57852
1415.40479,1.57345
1413.36530,1.56758
1411.32581,1.56408
1409.28632,1.56459
1407.24684,1.56701
1405.20735,1.56868
1403.16786,1.56843
1401.12837,1.56588
1399.08888,1.56363
1397.04940,1.56653
1395.00991,1.57207
1392.97042,1.57229
1390.93093,1.56701
1388.89144,1.55984
1386.85195,1.55338
1384.81247,1.55015
1382.77298,1.54903
1380.73349,1.54822
1378.69400,1.54805
1376.65451,1.54792
1374.61503,1.54653
1372.57554,1.54426
1370.53605,1.53971
1368.49656,1.53116
1366.45707,1.52232
1364.41758,1.51562
1362.37810,1.51011
1360.33861,1.50744
1358.29912,1.50581
1356.25963,1.49912
1354.22014,1.48879
1352.18066,1.48227
1350.14117,1.48121
1348.10168,1.48182
1346.06219,1.48166
1344.02270,1.48101
1341.98322,1.47995
1339.94373,1.47795
1337.90424,1.47596
1335.86475,1.47463
1333.82526,1.47287
1331.78577,1.47059
1329.74629,1.46869
1327.70680,1.46700
1325.66731,1.46546
1323.62782,1.46507
1321.58833,1.46530
1319.54885,1.46316
1317.50936,1.45997
1315.46987,1.45892
1313.43038,1.45742
1311.39089,1.45433
1309.35140,1.45124
1307.31192,1.44693
1305.27243,1.44259
1303.23294,1.43978
1301.19345,1.43525
1299.15396,1.42973
1297.11448,1.42775
1295.07499,1.42792
1293.03550,1.42764
1290.99601,1.42964
1288.95652,1.43410
1286.91703,1.43704
1284.87755,1.43797
1282.83806,1.43969
1280.79857,1.44237
1278.75908,1.44404
1276.71959,1.44739
1274.68011,1.45326
1272.64062,1.45613
1270.60113,1.45792
1268.56164,1.46352
1266.52215,1.46698
1264.48266,1.46649
1262.44318,1.47015
1260.40369,1.47688
1258.36420,1.47905
1256.32471,1.47641
1254.28522,1.47292
1252.24574,1.46911
1250.20625,1.46391
1248.16676,1.46066
1246.12727,1.46306
1244.08778,1.46797
1242.04829,1.46843
1240.00881,1.46143
1237.96932,1.44996
1235.92983,1.43959
1233.89034,1.43315
1231.85085,1.42905
1229.81137,1.42451
1227.77188,1.41575
1225.73239,1.40290
1223.69290,1.39098
1221.65341,1.37963
1219.61392,1.36711
1217.57444,1.35594
1215.53495,1.34756
1213.49546,1.34299
1211.45597,1.34197
1209.41648,1.34110
1207.37700,1.33869
1205.33751,1.33535
1203.29802,1.33203
1201.25853,1.33064
1199.21904,1.33067
1197.17956,1.32901
1195.14007,1.32518
1193.10058,1.32278
1191.06109,1.32373
1189.02160,1.32837
1186.98211,1.33813
1184.94263,1.34984
1182.90314,1.35793
1180.86365,1.36615
1178.82416,1.38059
1176.78467,1.39943
1174.74519,1.41957
1172.70570,1.43939
1170.66621,1.45706
1168.62672,1.47339
1166.58723,1.49006
1164.54774,1.50609
1162.50826,1.51853
1160.46877,1.52564
1158.42928,1.52805
1156.38979,1.52710
1154.35030,1.52240
1152.31082,1.51535
1150.27133,1.51015
1148.23184,1.50812
1146.19235,1.50619
1144.15286,1.50171
1142.11337,1.49666
1140.07389,1.49182
1138.03440,1.48916
1135.99491,1.49293
1133.95542,1.50049
1131.91593,1.50844
1129.87645,1.51930
1127.83696,1.53070
1125.79747,1.53831
1123.75798,1.54551
1121.71849,1.55433
1119.67900,1.56631
1117.63952,1.58153
1115.60003,1.59299
1113.56054,1.59633
1111.52105,1.59218
1109.48156,1.58774
1107.44208,1.59049
1105.40259,1.59399
1103.36310,1.59314
1101.32361,1.59441
1099.28412,1.59848
1097.24463,1.60012
1095.20515,1.59753
1093.16566,1.59385
1091.12617,1.59339
1089.08668,1.59803
1087.04719,1.60665
1085.00771,1.61498
1082.96822,1.61909
1080.92873,1.61720
1078.88924,1.61330
1076.84975,1.60984
1074.81027,1.60841
1072.77078,1.61126
1070.73129,1.61392
1068.69180,1.61667
1066.65231,1.61563
1064.61282,1.60768
1062.57334,1.60137
1060.53385,1.59698
1058.49436,1.59153
1056.45487,1.58838
1054.41538,1.58674
1052.37590,1.58155
1050.33641,1.57367
1048.29692,1.56662
1046.25743,1.56287
1044.21794,1.56064
1042.17845,1.55862
1040.13897,1.55539
1038.09948,1.54471
1036.05999,1.53118
1034.02050,1.52574
1031.98101,1.52447
1029.94153,1.51526
1027.90204,1.50280
1025.86255,1.49551
1023.82306,1.48773
1021.78357,1.47835
1019.74408,1.47186
1017.70460,1.46569
1015.66511,1.45474
1013.62562,1.43941
1011.58613,1.42502
1009.54664,1.41476
1007.50716,1.40606
1005.46767,1.39432
1003.42818,1.38065
1001.38869,1.36745
999.34920,1.35249
997.30971,1.33651
995.27023,1.32395
993.23074,1.31543
991.19125,1.30516
989.15176,1.28950
987.11227,1.27231
985.07279,1.25584
983.03330,1.23849
980.99381,1.22129
978.95432,1.20716
976.91483,1.19646
974.87534,1.18825
972.83586,1.18214
970.79637,1.17868
968.75688,1.17706
966.71739,1.17429
964.67790,1.16955
962.63842,1.16310
960.59893,1.15404
958.55944,1.14425
956.51995,1.13475
954.48046,1.12280
952.44097,1.11062
950.40149,1.10079
948.36200,1.09128
946.32251,1.08316
944.28302,1.07802
942.24353,1.07484
940.20405,1.07364
938.16456,1.07309
936.12507,1.07215
934.08558,1.07443
932.04609,1.07981
930.00661,1.08494
927.96712,1.09088
925.92763,1.09619
923.88814,1.09810
921.84865,1.09944
919.80916,1.10201
917.76968,1.10296
915.73019,1.10258
913.69070,1.10438
911.65121,1.10814
909.61172,1.11099
907.57224,1.11343
905.53275,1.11672
903.49326,1.12016
901.45377,1.12482
899.41428,1.12984
897.37479,1.13261
895.33531,1.13313
893.29582,1.13166
891.25633,1.12758
889.21684,1.12068
887.17735,1.11301
885.13787,1.10708
883.09838,1.10332
881.05889,1.10228
879.01940,1.10448
876.97991,1.10884
874.94042,1.11255
872.90094,1.11277
870.86145,1.11057
868.82196,1.11052
866.78247,1.11524
864.74298,1.12237
862.70350,1.12737
860.66401,1.12940
858.62452,1.13178
856.58503,1.13647
854.54554,1.14150
852.50605,1.14583
850.46657,1.14995
848.42708,1.15456
846.38759,1.16065
844.34810,1.16986
842.30861,1.18370
840.26913,1.19533
838.22964,1.20050
836.19015,1.20596
834.15066,1.21363
832.11117,1.22008
830.07168,1.22224
828.03220,1.22002
825.99271,1.21787
823.95322,1.21801
821.91373,1.21993
819.87424,1.22252
817.83476,1.22467
815.79527,1.22804
813.75578,1.23301
811.71629,1.23559
809.67680,1.23467
807.63731,1.23445
805.59783,1.23822
803.55834,1.24406
801.51885,1.24933
799.47936,1.25420
797.43987,1.25943
795.40039,1.26397
793.36090,1.26664
791.32141,1.27291
789.28192,1.28620
787.24243,1.29764
785.20295,1.30160
783.16346,1.30615
781.12397,1.31622
779.08448,1.32477
777.04499,1.32681
775.00550,1.32712
772.96602,1.32960
770.92653,1.33336
768.88704,1.33823
766.84755,1.34130
764.80806,1.33985
762.76858,1.33622
760.72909,1.33413
758.68960,1.33631
756.65011,1.34351
754.61062,1.35179
752.57113,1.35593
750.53165,1.35605
748.49216,1.35764
746.45267,1.36310
744.41318,1.36602
742.37369,1.36816
740.33421,1.37503
738.29472,1.37712
736.25523,1.37332
734.21574,1.37600
732.17625,1.38796
730.13676,1.39860
728.09728,1.40309
726.05779,1.40846
724.01830,1.41428
721.97881,1.41727
719.93932,1.42005
717.89984,1.42326
715.86035,1.42564
713.82086,1.43231
711.78137,1.44514
709.74188,1.45602
707.70239,1.46086
705.66291,1.46206
703.62342,1.45800
701.58393,1.44895
699.54444,1.44152
697.50495,1.43846
695.46547,1.43697
693.42598,1.43628
691.38649,1.43882
689.34700,1.44313
687.30751,1.44850
685.26802,1.45831
683.22854,1.46796
681.18905,1.47024
679.14956,1.46820
677.11007,1.46599
675.07058,1.46197
673.03110,1.45905
670.99161,1.46092
668.95212,1.46458
666.91263,1.46941
664.87314,1.47633
662.83365,1.48201
660.79417,1.48650
658.75468,1.49150
656.71519,1.49506
654.67570,1.49341
652.63621,1.48656
650.59673,1.47980
648.55724,1.47693
646.51775,1.47804
644.47826,1.48151
642.43877,1.48492
640.39929,1.49120
638.35980,1.49877
636.32031,1.49978
634.28082,1.49666
632.24133,1.49169
630.20184,1.48051
628.16236,1.47131
626.12287,1.47327
624.08338,1.47514
622.04389,1.48564
620.00440,1.50443
617.96492,1.50298
615.92543,1.48895
613.88594,1.49270
611.84645,1.50398
609.80696,1.48284
607.76747,1.45719
605.72799,1.46102
603.68850,1.46561
601.64901,1.46723
599.60952,1.49005
597.57003,1.50467
595.53055,1.49210
593.49106,1.48550
591.45157,1.48542
589.41208,1.48820
587.37259,1.51849
585.33310,1.56756
583.29362,1.57856
581.25413,1.54413
579.21464,1.51619
577.17515,1.51046
575.13566,1.51558
573.09618,1.51253
571.05669,1.47782
569.01720,1.43297
566.97771,1.42828
564.93822,1.44990
562.89873,1.45580
560.85925,1.46477
558.81976,1.49212
556.78027,1.50674
554.74078,1.48364
552.70129,1.47193
550.66181,1.50960
548.62232,1.54124
546.58283,1.51811
544.54334,1.49681
542.50385,1.45722
540.46436,1.37964
538.42488,1.34007
536.38539,1.37317
534.34590,1.47048
532.30641,1.52888
530.26692,1.47959
528.22744,1.42031
526.18795,1.39256
524.14846,1.37193
522.10897,1.38512
520.06948,1.42277
518.02999,1.45056
515.99051,1.45956
513.95102,1.50056
511.91153,1.60180
509.87204,1.62168
507.83255,1.30714
505.79307,1.14150
503.75358,1.12192
501.71409,1.19601
499.67460,1.11021
