3997.39681,0.24457
3995.35732,0.24449
3993.31783,0.24456
3991.27835,0.24470
3989.23886,0.24455
3987.19937,0.24407
3985.15988,0.24382
3983.12039,0.24368
3981.08091,0.24293
3979.04142,0.24182
3977.00193,0.24129
3974.96244,0.24143
3972.92295,0.24158
3970.88346,0.24130
3968.84398,0.24084
3966.80449,0.24059
3964.76500,0.24024
3962.72551,0.23939
3960.68602,0.23833
3958.64654,0.23767
3956.60705,0.23734
3954.56756,0.23700
3952.52807,0.23657
3950.48858,0.23605
3948.44909,0.23546
3946.40961,0.23497
3944.37012,0.23446
3942.33063,0.23345
3940.29114,0.23214
3938.25165,0.23136
3936.21217,0.23153
3934.17268,0.23206
3932.13319,0.23176
3930.09370,0.23050
3928.05421,0.22954
3926.01473,0.22936
3923.97524,0.22903
3921.93575,0.22800
3919.89626,0.22651
3917.85677,0.22493
3915.81728,0.22373
3913.77780,0.22302
3911.73831,0.22246
3909.69882,0.22204
3907.65933,0.22189
3905.61984,0.22147
3903.58036,0.22017
3901.54087,0.21833
3899.50138,0.21673
3897.46189,0.21595
3895.42240,0.21607
3893.38291,0.21602
3891.34343,0.21497
3889.30394,0.21385
3887.26445,0.21344
3885.22496,0.21315
3883.18547,0.21260
3881.14599,0.21158
3879.10650,0.21050
3877.06701,0.21047
3875.02752,0.21118
3872.98803,0.21146
3870.94854,0.21074
3868.90906,0.20940
3866.86957,0.20843
3864.83008,0.20782
3862.79059,0.20708
3860.75110,0.20653
3858.71162,0.20667
3856.67213,0.20673
3854.63264,0.20499
3852.59315,0.20200
3850.55366,0.20092
3848.51417,0.20189
3846.47469,0.20347
3844.43520,0.20486
3842.39571,0.20552
3840.35622,0.20528
3838.31673,0.20429
3836.27725,0.20330
3834.23776,0.20311
3832.19827,0.20364
3830.15878,0.20420
3828.11929,0.20450
3826.07980,0.20497
3824.04032,0.20545
3822.00083,0.20477
3819.96134,0.20350
3817.92185,0.20299
3815.88236,0.20284
3813.84288,0.20309
3811.80339,0.20390
3809.76390,0.20446
3807.72441,0.20437
3805.68492,0.20431
3803.64543,0.20468
3801.60595,0.20500
3799.56646,0.20549
3797.52697,0.20600
3795.48748,0.20619
3793.44799,0.20664
3791.40851,0.20757
3789.36902,0.20862
3787.32953,0.20940
3785.29004,0.21000
3783.25055,0.21085
3781.21107,0.21166
3779.17158,0.21215
3777.13209,0.21301
3775.09260,0.21452
3773.05311,0.21595
3771.01362,0.21673
3768.97414,0.21721
3766.93465,0.21818
3764.89516,0.21963
3762.85567,0.22102
3760.81618,0.22192
3758.77670,0.22244
3756.73721,0.22335
3754.69772,0.22492
3752.65823,0.22645
3750.61874,0.22765
3748.57925,0.22934
3746.53977,0.23103
3744.50028,0.23182
3742.46079,0.23306
3740.42130,0.23557
3738.38181,0.23822
3736.34233,0.23999
3734.30284,0.24105
3732.26335,0.24280
3730.22386,0.24576
3728.18437,0.24893
3726.14488,0.25149
3724.10540,0.25387
3722.06591,0.25668
3720.02642,0.25958
3717.98693,0.26250
3715.94744,0.26618
3713.90796,0.27056
3711.86847,0.27467
3709.82898,0.27883
3707.78949,0.28401
3705.75000,0.28964
3703.71051,0.29489
3701.67103,0.30040
3699.63154,0.30725
3697.59205,0.31496
3695.55256,0.32223
3693.51307,0.32860
3691.47359,0.33487
3689.43410,0.34174
3687.39461,0.34909
3685.35512,0.35701
3683.31563,0.36601
3681.27614,0.37621
3679.23666,0.38742
3677.19717,0.39991
3675.15768,0.41370
3673.11819,0.42738
3671.07870,0.44081
3669.03922,0.45508
3666.99973,0.46973
3664.96024,0.48455
3662.92075,0.49978
3660.88126,0.51489
3658.84177,0.53009
3656.80229,0.54660
3654.76280,0.56400
3652.72331,0.58091
3650.68382,0.59795
3648.64433,0.61528
3646.60485,0.63153
3644.56536,0.64701
3642.52587,0.66253
3640.48638,0.67748
3638.44689,0.69177
3636.40741,0.70639
3634.36792,0.72167
3632.32843,0.73753
3630.28894,0.75426
3628.24945,0.77114
3626.20996,0.78580
3624.17048,0.79823
3622.13099,0.81047
3620.09150,0.82397
3618.05201,0.83840
3616.01252,0.85204
3613.97304,0.86418
3611.93355,0.87571
3609.89406,0.88751
3607.85457,0.89975
3605.81508,0.91246
3603.77559,0.92529
3601.73611,0.93706
3599.69662,0.94802
3597.65713,0.96049
3595.61764,0.97389
3593.57815,0.98642
3591.53867,0.99917
3589.49918,1.01274
3587.45969,1.02536
3585.42020,1.03522
3583.38071,1.04297
3581.34122,1.05042
3579.30174,1.05873
3577.26225,1.06866
3575.22276,1.08033
3573.18327,1.09316
3571.14378,1.10673
3569.10430,1.11950
3567.06481,1.12867
3565.02532,1.13529
3562.98583,1.14381
3560.94634,1.15448
3558.90685,1.16443
3556.86737,1.17342
3554.82788,1.18280
3552.78839,1.19178
3550.74890,1.20072
3548.70941,1.21158
3546.66993,1.22189
3544.63044,1.22908
3542.59095,1.23476
3540.55146,1.24205
3538.51197,1.25217
3536.47248,1.26143
3534.43300,1.26702
3532.39351,1.27118
3530.35402,1.27594
3528.31453,1.28249
3526.27504,1.29272
3524.23556,1.30488
3522.19607,1.31391
3520.15658,1.31814
3518.11709,1.32129
3516.07760,1.32676
3514.03811,1.33577
3511.99863,1.34820
3509.95914,1.35809
3507.91965,1.36033
3505.88016,1.36152
3503.84067,1.36759
3501.80119,1.37381
3499.76170,1.37920
3497.72221,1.38692
3495.68272,1.39298
3493.64323,1.39489
3491.60375,1.39768
3489.56426,1.40558
3487.52477,1.41735
3485.48528,1.42797
3483.44579,1.43231
3481.40630,1.43032
3479.36682,1.42746
3477.32733,1.42905
3475.28784,1.43478
3473.24835,1.44404
3471.20886,1.45691
3469.16938,1.46727
3467.12989,1.47096
3465.09040,1.46880
3463.05091,1.46482
3461.01142,1.46883
3458.97193,1.48093
3456.93245,1.49056
3454.89296,1.49370
3452.85347,1.49310
3450.81398,1.49310
3448.77449,1.49349
3446.73501,1.48874
3444.69552,1.48350
3442.65603,1.48792
3440.61654,1.49699
3438.57705,1.50054
3436.53756,1.50165
3434.49808,1.50812
3432.45859,1.51721
3430.41910,1.52444
3428.37961,1.52944
3426.34012,1.52952
3424.30064,1.52714
3422.26115,1.52538
3420.22166,1.52206
3418.18217,1.52091
3416.14268,1.52441
3414.10319,1.52725
3412.06371,1.52844
3410.02422,1.52964
3407.98473,1.53250
3405.94524,1.54079
3403.90575,1.54915
3401.86627,1.54760
3399.82678,1.54162
3397.78729,1.53854
3395.74780,1.53724
3393.70831,1.53810
3391.66882,1.53943
3389.62934,1.53875
3387.58985,1.53821
3385.55036,1.54041
3383.51087,1.54339
3381.47138,1.54587
3379.43190,1.55006
3377.39241,1.55440
3375.35292,1.55475
3373.31343,1.54865
3371.27394,1.54139
3369.23446,1.54257
3367.19497,1.55255
3365.15548,1.56090
3363.11599,1.56146
3361.07650,1.55882
3359.03701,1.55527
3356.99753,1.54763
3354.95804,1.54081
3352.91855,1.54608
3350.87906,1.55898
3348.83957,1.56244
3346.80009,1.55505
3344.76060,1.54652
3342.72111,1.54071
3340.68162,1.54205
3338.64213,1.54955
3336.60264,1.55452
3334.56316,1.55715
3332.52367,1.55661
3330.48418,1.54968
3328.44469,1.54429
3326.40520,1.54536
3324.36572,1.54644
3322.32623,1.54464
3320.28674,1.54243
3318.24725,1.53990
3316.20776,1.53646
3314.16827,1.53334
3312.12879,1.53754
3310.08930,1.54662
3308.04981,1.54707
3306.01032,1.53856
3303.97083,1.52991
3301.93135,1.52432
3299.89186,1.52367
3297.85237,1.52779
3295.81288,1.53019
3293.77339,1.52692
3291.73390,1.52074
3289.69442,1.51671
3287.65493,1.51572
3285.61544,1.51414
3283.57595,1.51200
3281.53646,1.51028
3279.49698,1.50720
3277.45749,1.50483
3275.41800,1.50561
3273.37851,1.50578
3271.33902,1.50296
3269.29953,1.49893
3267.26005,1.49369
3265.22056,1.48675
3263.18107,1.47849
3261.14158,1.46910
3259.10209,1.46247
3257.06261,1.46102
3255.02312,1.45900
3252.98363,1.45381
3250.94414,1.45017
3248.90465,1.45045
3246.86516,1.44929
3244.82568,1.44312
3242.78619,1.43727
3240.74670,1.43456
3238.70721,1.43226
3236.66772,1.42890
3234.62824,1.42432
3232.58875,1.41907
3230.54926,1.41526
3228.50977,1.41321
3226.47028,1.40983
3224.43080,1.40435
3222.39131,1.39988
3220.35182,1.39819
3218.31233,1.39699
3216.27284,1.39549
3214.23335,1.39562
3212.19387,1.39454
3210.15438,1.38962
3208.11489,1.38362
3206.07540,1.37864
3204.03591,1.37567
3201.99643,1.37457
3199.95694,1.37313
3197.91745,1.36983
3195.87796,1.36477
3193.83847,1.35852
3191.79898,1.35308
3189.75950,1.35010
3187.72001,1.34794
3185.68052,1.34590
3183.64103,1.34288
3181.60154,1.33700
3179.56206,1.33127
3177.52257,1.32747
3175.48308,1.32282
3173.44359,1.31759
3171.40410,1.31415
3169.36461,1.31188
3167.32513,1.30948
3165.28564,1.30697
3163.24615,1.30393
3161.20666,1.30099
3159.16717,1.30036
3157.12769,1.30034
3155.08820,1.29629
3153.04871,1.28848
3151.00922,1.28247
3148.96973,1.28101
3146.93024,1.27944
3144.89076,1.27432
3142.85127,1.26892
3140.81178,1.26517
3138.77229,1.26207
3136.73280,1.26045
3134.69332,1.25908
3132.65383,1.25480
3130.61434,1.25037
3128.57485,1.24886
3126.53536,1.24816
3124.49587,1.24646
3122.45639,1.24379
3120.41690,1.24032
3118.37741,1.23589
3116.33792,1.23126
3114.29843,1.22802
3112.25895,1.22509
3110.21946,1.22064
3108.17997,1.21709
3106.14048,1.21654
3104.10099,1.21647
3102.06150,1.21552
3100.02202,1.21443
3097.98253,1.21155
3095.94304,1.20639
3093.90355,1.20180
3091.86406,1.19939
3089.82458,1.19799
3087.78509,1.19604
3085.74560,1.19449
3083.70611,1.19399
3081.66662,1.19261
3079.62714,1.19015
3077.58765,1.18883
3075.54816,1.18881
3073.50867,1.18727
3071.46918,1.18254
3069.42969,1.17666
3067.39021,1.17230
3065.35072,1.16968
3063.31123,1.16709
3061.27174,1.16377
3059.23225,1.16065
3057.19277,1.15809
3055.15328,1.15495
3053.11379,1.15137
3051.07430,1.14887
3049.03481,1.14612
3046.99532,1.14201
3044.95584,1.13811
3042.91635,1.13473
3040.87686,1.13132
3038.83737,1.12859
3036.79788,1.12725
3034.75840,1.12637
3032.71891,1.12481
3030.67942,1.12166
3028.63993,1.11720
3026.60044,1.11338
3024.56095,1.11041
3022.52147,1.10745
3020.48198,1.10456
3018.44249,1.10273
3016.40300,1.10228
3014.36351,1.10073
3012.32403,1.09747
3010.28454,1.09570
3008.24505,1.09570
3006.20556,1.09519
3004.16607,1.09478
3002.12658,1.09514
3000.08710,1.09532
2998.04761,1.09559
2996.00812,1.09680
2993.96863,1.10006
2991.92914,1.10519
2989.88966,1.11056
2987.85017,1.11561
2985.81068,1.12079
2983.77119,1.12738
2981.73170,1.13453
2979.69221,1.14165
2977.65273,1.15039
2975.61324,1.15928
2973.57375,1.16707
2971.53426,1.17686
2969.49477,1.19062
2967.45529,1.20408
2965.41580,1.21223
2963.37631,1.21669
2961.33682,1.22000
2959.29733,1.22283
2957.25784,1.22721
2955.21836,1.23198
2953.17887,1.23310
2951.13938,1.23193
2949.09989,1.23322
2947.06040,1.23813
2945.02092,1.24519
2942.98143,1.25256
2940.94194,1.26036
2938.90245,1.27110
2936.86296,1.28267
2934.82348,1.28995
2932.78399,1.29286
2930.74450,1.29485
2928.70501,1.29600
2926.66552,1.29504
2924.62603,1.29389
2922.58655,1.29249
2920.54706,1.28856
2918.50757,1.28136
2916.46808,1.27152
2914.42859,1.25935
2912.38911,1.24452
2910.34962,1.22836
2908.31013,1.21546
2906.27064,1.20946
2904.23115,1.20666
2902.19166,1.20140
2900.15218,1.19411
2898.11269,1.18684
2896.07320,1.17971
2894.03371,1.17301
2891.99422,1.16650
2889.95474,1.16063
2887.91525,1.15699
2885.87576,1.15421
2883.83627,1.15077
2881.79678,1.14878
2879.75729,1.14832
2877.71781,1.14612
2875.67832,1.14137
2873.63883,1.13615
2871.59934,1.13176
2869.55985,1.12813
2867.52037,1.12371
2865.48088,1.11899
2863.44139,1.11773
2861.40190,1.11958
2859.36241,1.12219
2857.32292,1.12512
2855.28344,1.12654
2853.24395,1.12657
2851.20446,1.12417
2849.16497,1.11332
2847.12548,1.09274
2845.08600,1.06882
2843.04651,1.04774
2841.00702,1.03115
2838.96753,1.01729
2836.92804,1.00514
2834.88855,0.99574
2832.84907,0.98873
2830.80958,0.98250
2828.77009,0.97700
2826.73060,0.97177
2824.69111,0.96600
2822.65163,0.96062
2820.61214,0.95527
2818.57265,0.94953
2816.53316,0.94497
2814.49367,0.94165
2812.45418,0.93819
2810.41470,0.93365
2808.37521,0.92859
2806.33572,0.92462
2804.29623,0.92202
2802.25674,0.91979
2800.21726,0.91694
2798.17777,0.91282
2796.13828,0.90867
2794.09879,0.90578
2792.05930,0.90290
2790.01982,0.89943
2787.98033,0.89669
2785.94084,0.89559
2783.90135,0.89488
2781.86186,0.89292
2779.82237,0.89018
2777.78289,0.88804
2775.74340,0.88678
2773.70391,0.88519
2771.66442,0.88332
2769.62493,0.88167
2767.58545,0.87910
2765.54596,0.87661
2763.50647,0.87583
2761.46698,0.87477
2759.42749,0.87240
2757.38800,0.87019
2755.34852,0.86887
2753.30903,0.86834
2751.26954,0.86750
2749.23005,0.86544
2747.19056,0.86327
2745.15108,0.86216
2743.11159,0.86150
2741.07210,0.86071
2739.03261,0.85967
2736.99312,0.85803
2734.95363,0.85675
2732.91415,0.85634
2730.87466,0.85545
2728.83517,0.85338
2726.79568,0.85108
2724.75619,0.84925
2722.71671,0.84777
2720.67722,0.84608
2718.63773,0.84416
2716.59824,0.84286
2714.55875,0.84161
2712.51926,0.83927
2710.47978,0.83635
2708.44029,0.83393
2706.40080,0.83219
2704.36131,0.83044
2702.32182,0.82810
2700.28234,0.82514
2698.24285,0.82226
2696.20336,0.82014
2694.16387,0.81819
2692.12438,0.81602
2690.08489,0.81442
2688.04541,0.81339
2686.00592,0.81163
2683.96643,0.80877
2681.92694,0.80608
2679.88745,0.80384
2677.84797,0.80158
2675.80848,0.79975
2673.76899,0.79805
2671.72950,0.79590
2669.69001,0.79380
2667.65052,0.79218
2665.61104,0.79017
2663.57155,0.78729
2661.53206,0.78474
2659.49257,0.78282
2657.45308,0.78113
2655.41360,0.77942
2653.37411,0.77715
2651.33462,0.77449
2649.29513,0.77251
2647.25564,0.77125
2645.21616,0.76960
2643.17667,0.76756
2641.13718,0.76545
2639.09769,0.76294
2637.05820,0.76033
2635.01871,0.75821
2632.97923,0.75607
2630.93974,0.75351
2628.90025,0.75133
2626.86076,0.74912
2624.82127,0.74625
2622.78179,0.74382
2620.74230,0.74212
2618.70281,0.73998
2616.66332,0.73738
2614.62383,0.73537
2612.58434,0.73387
2610.54486,0.73212
2608.50537,0.72992
2606.46588,0.72794
2604.42639,0.72670
2602.38690,0.72526
2600.34742,0.72277
2598.30793,0.71982
2596.26844,0.71739
2594.22895,0.71542
2592.18946,0.71361
2590.14997,0.71229
2588.11049,0.71117
2586.07100,0.70899
2584.03151,0.70578
2581.99202,0.70312
2579.95253,0.70166
2577.91305,0.70044
2575.87356,0.69913
2573.83407,0.69786
2571.79458,0.69627
2569.75509,0.69452
2567.71560,0.69272
2565.67612,0.69074
2563.63663,0.68862
2561.59714,0.68644
2559.55765,0.68471
2557.51816,0.68341
2555.47868,0.68177
2553.43919,0.67966
2551.39970,0.67769
2549.36021,0.67614
2547.32072,0.67446
2545.28123,0.67232
2543.24175,0.67028
2541.20226,0.66878
2539.16277,0.66761
2537.12328,0.66628
2535.08379,0.66409
2533.04431,0.66130
2531.00482,0.65926
2528.96533,0.65822
2526.92584,0.65729
2524.88635,0.65577
2522.84686,0.65357
2520.80738,0.65114
2518.76789,0.64919
2516.72840,0.64766
2514.68891,0.64599
2512.64942,0.64411
2510.60994,0.64237
2508.57045,0.64066
2506.53096,0.63863
2504.49147,0.63652
2502.45198,0.63453
2500.41250,0.63265
2498.37301,0.63094
2496.33352,0.62902
2494.29403,0.62708
2492.25454,0.62557
2490.21505,0.62397
2488.17557,0.62227
2486.13608,0.62023
2484.09659,0.61725
2482.05710,0.61437
2480.01761,0.61258
2477.97813,0.61098
2475.93864,0.60893
2473.89915,0.60707
2471.85966,0.60565
2469.82017,0.60396
2467.78068,0.60144
2465.74120,0.59861
2463.70171,0.59624
2461.66222,0.59432
2459.62273,0.59262
2457.58324,0.59079
2455.54376,0.58870
2453.50427,0.58648
2451.46478,0.58433
2449.42529,0.58244
2447.38580,0.58082
2445.34631,0.57904
2443.30683,0.57679
2441.26734,0.57446
2439.22785,0.57251
2437.18836,0.57086
2435.14887,0.56894
2433.10939,0.56657
2431.06990,0.56417
2429.03041,0.56204
2426.99092,0.56013
2424.95143,0.55843
2422.91194,0.55681
2420.87246,0.55493
2418.83297,0.55300
2416.79348,0.55125
2414.75399,0.54952
2412.71450,0.54773
2410.67502,0.54577
2408.63553,0.54372
2406.59604,0.54172
2404.55655,0.53978
2402.51706,0.53808
2400.47757,0.53665
2398.43809,0.53525
2396.39860,0.53379
2394.35911,0.53217
2392.31962,0.53060
2390.28013,0.52952
2388.24065,0.52878
2386.20116,0.52805
2384.16167,0.52747
2382.12218,0.52720
2380.08269,0.52733
2378.04320,0.52775
2376.00372,0.52779
2373.96423,0.52697
2371.92474,0.52583
2369.88525,0.52500
2367.84576,0.52413
2365.80628,0.52302
2363.76679,0.52198
2361.72730,0.52083
2359.68781,0.51945
2357.64832,0.51823
2355.60884,0.51702
2353.56935,0.51512
2351.52986,0.51280
2349.49037,0.51159
2347.45088,0.51192
2345.41139,0.51217
2343.37191,0.51088
2341.33242,0.50867
2339.29293,0.50680
2337.25344,0.50529
2335.21395,0.50347
2333.17447,0.50159
2331.13498,0.50045
2329.09549,0.49958
2327.05600,0.49810
2325.01651,0.49633
2322.97702,0.49508
2320.93754,0.49417
2318.89805,0.49301
2316.85856,0.49142
2314.81907,0.48974
2312.77958,0.48854
2310.74010,0.48771
2308.70061,0.48654
2306.66112,0.48500
2304.62163,0.48379
2302.58214,0.48300
2300.54265,0.48213
2298.50317,0.48104
2296.46368,0.48010
2294.42419,0.47944
2292.38470,0.47890
2290.34521,0.47819
2288.30573,0.47717
2286.26624,0.47595
2284.22675,0.47482
2282.18726,0.47390
2280.14777,0.47314
2278.10828,0.47259
2276.06880,0.47226
2274.02931,0.47206
2271.98982,0.47190
2269.95033,0.47167
2267.91084,0.47131
2265.87136,0.47100
2263.83187,0.47089
2261.79238,0.47076
2259.75289,0.47050
2257.71340,0.47014
2255.67391,0.46976
2253.63443,0.46950
2251.59494,0.46928
2249.55545,0.46890
2247.51596,0.46847
2245.47647,0.46821
2243.43699,0.46832
2241.39750,0.46846
2239.35801,0.46850
2237.31852,0.46864
2235.27903,0.46871
2233.23954,0.46854
2231.20006,0.46836
2229.16057,0.46835
2227.12108,0.46809
2225.08159,0.46761
2223.04210,0.46741
2221.00262,0.46742
2218.96313,0.46751
2216.92364,0.46776
2214.88415,0.46800
2212.84466,0.46814
2210.80518,0.46817
2208.76569,0.46805
2206.72620,0.46804
2204.68671,0.46821
2202.64722,0.46817
2200.60773,0.46791
2198.56825,0.46795
2196.52876,0.46843
2194.48927,0.46906
2192.44978,0.46957
2190.41029,0.46986
2188.37081,0.47016
2186.33132,0.47064
2184.29183,0.47098
2182.25234,0.47121
2180.21285,0.47175
2178.17336,0.47244
2176.13388,0.47300
2174.09439,0.47346
2172.05490,0.47397
2170.01541,0.47468
2167.97592,0.47537
2165.93644,0.47576
2163.89695,0.47600
2161.85746,0.47619
2159.81797,0.47626
2157.77848,0.47625
2155.73899,0.47612
2153.69951,0.47587
2151.66002,0.47585
2149.62053,0.47624
2147.58104,0.47671
2145.54155,0.47695
2143.50207,0.47711
2141.46258,0.47725
2139.42309,0.47724
2137.38360,0.47713
2135.34411,0.47692
2133.30462,0.47653
2131.26514,0.47622
2129.22565,0.47637
2127.18616,0.47671
2125.14667,0.47669
2123.10718,0.47631
2121.06770,0.47601
2119.02821,0.47587
2116.98872,0.47562
2114.94923,0.47518
2112.90974,0.47484
2110.87025,0.47478
2108.83077,0.47462
2106.79128,0.47398
2104.75179,0.47328
2102.71230,0.47291
2100.67281,0.47259
2098.63333,0.47229
2096.59384,0.47200
2094.55435,0.47149
2092.51486,0.47099
2090.47537,0.47065
2088.43588,0.47012
2086.39640,0.46959
2084.35691,0.46932
2082.31742,0.46910
2080.27793,0.46889
2078.23844,0.46872
2076.19896,0.46855
2074.15947,0.46851
2072.11998,0.46853
2070.08049,0.46830
2068.04100,0.46784
2066.00152,0.46741
2063.96203,0.46707
2061.92254,0.46690
2059.88305,0.46693
2057.84356,0.46693
2055.80407,0.46659
2053.76459,0.46607
2051.72510,0.46576
2049.68561,0.46566
2047.64612,0.46549
2045.60663,0.46515
2043.56715,0.46469
2041.52766,0.46415
2039.48817,0.46380
2037.44868,0.46356
2035.40919,0.46288
2033.36970,0.46192
2031.33022,0.46116
2029.29073,0.46031
2027.25124,0.45922
2025.21175,0.45834
2023.17226,0.45776
2021.13278,0.45721
2019.09329,0.45660
2017.05380,0.45590
2015.01431,0.45509
2012.97482,0.45431
2010.93533,0.45355
2008.89585,0.45270
2006.85636,0.45193
2004.81687,0.45149
2002.77738,0.45132
2000.73789,0.45137
1998.69841,0.45144
1996.65892,0.45119
1994.61943,0.45096
1992.57994,0.45100
1990.54045,0.45087
1988.50096,0.45051
1986.46148,0.45019
1984.42199,0.45011
1982.38250,0.45034
1980.34301,0.45043
1978.30352,0.44994
1976.26404,0.44927
1974.22455,0.44912
1972.18506,0.44959
1970.14557,0.45031
1968.10608,0.45068
1966.06659,0.45026
1964.02711,0.44972
1961.98762,0.44973
1959.94813,0.44988
1957.90864,0.45010
1955.86915,0.45047
1953.82967,0.45050
1951.79018,0.45007
1949.75069,0.44966
1947.71120,0.44970
1945.67171,0.45031
1943.63222,0.45085
1941.59274,0.45068
1939.55325,0.45016
1937.51376,0.44986
1935.47427,0.44985
1933.43478,0.45008
1931.39530,0.45034
1929.35581,0.45041
1927.31632,0.45055
1925.27683,0.45119
1923.23734,0.45203
1921.19786,0.45271
1919.15837,0.45343
1917.11888,0.45375
1915.07939,0.45355
1913.03990,0.45380
1911.00041,0.45472
1908.96093,0.45570
1906.92144,0.45621
1904.88195,0.45652
1902.84246,0.45723
1900.80297,0.45825
1898.76349,0.45933
1896.72400,0.46046
1894.68451,0.46134
1892.64502,0.46212
1890.60553,0.46324
1888.56604,0.46427
1886.52656,0.46482
1884.48707,0.46525
1882.44758,0.46585
1880.40809,0.46667
1878.36860,0.46764
1876.32912,0.46859
1874.28963,0.46965
1872.25014,0.47154
1870.21065,0.47420
1868.17116,0.47611
1866.13167,0.47639
1864.09219,0.47620
1862.05270,0.47677
1860.01321,0.47827
1857.97372,0.47992
1855.93423,0.48114
1853.89475,0.48232
1851.85526,0.48397
1849.81577,0.48614
1847.77628,0.48891
1845.73679,0.49193
1843.69730,0.49394
1841.65782,0.49483
1839.61833,0.49613
1837.57884,0.49831
1835.53935,0.50083
1833.49986,0.50406
1831.46038,0.50829
1829.42089,0.51230
1827.38140,0.51518
1825.34191,0.51792
1823.30242,0.52145
1821.26293,0.52551
1819.22345,0.52975
1817.18396,0.53409
1815.14447,0.53872
1813.10498,0.54421
1811.06549,0.55074
1809.02601,0.55755
1806.98652,0.56426
1804.94703,0.57131
1802.90754,0.57909
1800.86805,0.58759
1798.82856,0.59626
1796.78908,0.60512
1794.74959,0.61537
1792.71010,0.62769
1790.67061,0.64027
1788.63112,0.65179
1786.59164,0.66378
1784.55215,0.67740
1782.51266,0.69229
1780.47317,0.70801
1778.43368,0.72370
1776.39420,0.73961
1774.35471,0.75926
1772.31522,0.78506
1770.27573,0.81327
1768.23624,0.84086
1766.19675,0.86988
1764.15727,0.90232
1762.11778,0.93971
1760.07829,0.97954
1758.03880,1.01963
1755.99931,1.06100
1753.95983,1.09967
1751.92034,1.13520
1749.88085,1.17233
1747.84136,1.20922
1745.80187,1.24027
1743.76238,1.26533
1741.72290,1.28731
1739.68341,1.30624
1737.64392,1.31859
1735.60443,1.32441
1733.56494,1.32458
1731.52546,1.31761
1729.48597,1.30638
1727.44648,1.29540
1725.40699,1.28668
1723.36750,1.28026
1721.32801,1.27545
1719.28853,1.26884
1717.24904,1.25726
1715.20955,1.24505
1713.17006,1.23809
1711.13057,1.23474
1709.09109,1.23335
1707.05160,1.23613
1705.01211,1.24411
1702.97262,1.25626
1700.93313,1.27496
1698.89364,1.29968
1696.85416,1.32335
1694.81467,1.34521
1692.77518,1.36653
1690.73569,1.38953
1688.69620,1.41434
1686.65672,1.43930
1684.61723,1.46840
1682.57774,1.50004
1680.53825,1.52492
1678.49876,1.54331
1676.45927,1.56031
1674.41979,1.57722
1672.38030,1.59035
1670.34081,1.60177
1668.30132,1.61715
1666.26183,1.63277
1664.22235,1.64660
1662.18286,1.66044
1660.14337,1.66997
1658.10388,1.66925
1656.06439,1.65855
1654.02490,1.64668
1651.98542,1.64432
1649.94593,1.64908
1647.90644,1.65570
1645.86695,1.66188
1643.82746,1.66471
1641.78798,1.66450
1639.74849,1.66337
1637.70900,1.66452
1635.66951,1.66534
1633.63002,1.66028
1631.59054,1.65342
1629.55105,1.64758
1627.51156,1.64373
1625.47207,1.64333
1623.43258,1.64328
1621.39309,1.63892
1619.35361,1.63217
1617.31412,1.62786
1615.27463,1.62696
1613.23514,1.62665
1611.19565,1.62475
1609.15617,1.61993
1607.11668,1.61170
1605.07719,1.60109
1603.03770,1.59087
1600.99821,1.58470
1598.95872,1.58110
1596.91924,1.57435
1594.87975,1.56280
1592.84026,1.55032
1590.80077,1.54076
1588.76128,1.53273
1586.72180,1.52117
1584.68231,1.50637
1582.64282,1.49486
1580.60333,1.48896
1578.56384,1.48348
1576.52435,1.47439
1574.48487,1.46523
1572.44538,1.45862
1570.40589,1.45132
1568.36640,1.44300
1566.32691,1.43810
1564.28743,1.43839
1562.24794,1.44157
1560.20845,1.44326
1558.16896,1.43901
1556.12947,1.43293
1554.08998,1.43186
1552.05050,1.43356
1550.01101,1.43433
1547.97152,1.43432
1545.93203,1.43456
1543.89254,1.43469
1541.85306,1.43138
1539.81357,1.42233
1537.77408,1.41328
1535.73459,1.40750
1533.69510,1.40264
1531.65561,1.39795
1529.61613,1.39467
1527.57664,1.39096
1525.53715,1.38445
1523.49766,1.37737
1521.45817,1.37253
1519.41869,1.37102
1517.37920,1.37137
1515.33971,1.36809
1513.30022,1.35894
1511.26073,1.34741
1509.22124,1.33549
1507.18176,1.31988
1505.14227,1.30136
1503.10278,1.28752
1501.06329,1.27744
1499.02380,1.26653
1496.98432,1.25397
1494.94483,1.24310
1492.90534,1.23520
1490.86585,1.22848
1488.82636,1.22499
1486.78688,1.22823
1484.74739,1.23566
1482.70790,1.24536
1480.66841,1.25888
1478.62892,1.27592
1476.58943,1.29510
1474.54995,1.31841
1472.51046,1.34869
1470.47097,1.38076
1468.43148,1.40648
1466.39199,1.42548
1464.35251,1.44040
1462.31302,1.45147
1460.27353,1.45965
1458.23404,1.46956
1456.19455,1.48345
1454.15506,1.49636
1452.11558,1.50560
1450.07609,1.51203
1448.03660,1.51593
1445.99711,1.51872
1443.95762,1.52274
1441.91814,1.52758
1439.87865,1.53095
1437.83916,1.53168
1435.79967,1.53051
1433.76018,1.52991
1431.72069,1.53141
1429.68121,1.53316
1427.64172,1.53283
1425.60223,1.53052
1423.56274,1.52804
1421.52325,1.52854
1419.48377,1.53329
1417.44428,1.53951
1415.40479,1.54221
1413.36530,1.53993
1411.32581,1.53599
1409.28632,1.53361
1407.24684,1.53287
1405.20735,1.53129
1403.16786,1.52778
1401.12837,1.52676
1399.08888,1.53066
1397.04940,1.53397
1395.00991,1.53294
1392.97042,1.53098
1390.93093,1.52910
1388.89144,1.52640
1386.85195,1.52548
1384.81247,1.52811
1382.77298,1.53163
1380.73349,1.53197
1378.69400,1.52871
1376.65451,1.52506
1374.61503,1.52227
1372.57554,1.51928
1370.53605,1.51616
1368.49656,1.51329
1366.45707,1.50957
1364.41758,1.50325
1362.37810,1.49407
1360.33861,1.48488
1358.29912,1.47802
1356.25963,1.47301
1354.22014,1.46932
1352.18066,1.46645
1350.14117,1.46335
1348.10168,1.46099
1346.06219,1.46182
1344.02270,1.46501
1341.98322,1.46823
1339.94373,1.47125
1337.90424,1.47220
1335.86475,1.46962
1333.82526,1.46726
1331.78577,1.46789
1329.74629,1.46945
1327.70680,1.46879
1325.66731,1.46613
1323.62782,1.46469
1321.58833,1.46549
1319.54885,1.46652
1317.50936,1.46604
1315.46987,1.46379
1313.43038,1.45962
1311.39089,1.45396
1309.35140,1.44915
1307.31192,1.44718
1305.27243,1.44701
1303.23294,1.44664
1301.19345,1.44659
1299.15396,1.44598
1297.11448,1.44195
1295.07499,1.43809
1293.03550,1.44007
1290.99601,1.44469
1288.95652,1.44762
1286.91703,1.45109
1284.87755,1.45584
1282.83806,1.46053
1280.79857,1.46426
1278.75908,1.46673
1276.71959,1.46982
1274.68011,1.47247
1272.64062,1.47319
1270.60113,1.47391
1268.56164,1.47621
1266.52215,1.48029
1264.48266,1.48421
1262.44318,1.48768
1260.40369,1.49346
1258.36420,1.50102
1256.32471,1.50653
1254.28522,1.50688
1252.24574,1.50334
1250.20625,1.50039
1248.16676,1.49958
1246.12727,1.50053
1244.08778,1.50016
1242.04829,1.49449
1240.00881,1.48769
1237.96932,1.48391
1235.92983,1.48027
1233.89034,1.47525
1231.85085,1.46802
1229.81137,1.45692
1227.77188,1.44484
1225.73239,1.43483
1223.69290,1.42590
1221.65341,1.41714
1219.61392,1.40908
1217.57444,1.40291
1215.53495,1.39752
1213.49546,1.39053
1211.45597,1.38393
1209.41648,1.38159
1207.37700,1.38384
1205.33751,1.38566
1203.29802,1.38386
1201.25853,1.38014
1199.21904,1.37418
1197.17956,1.36782
1195.14007,1.36504
1193.10058,1.36487
1191.06109,1.36718
1189.02160,1.37375
1186.98211,1.38162
1184.94263,1.38891
1182.90314,1.39993
1180.86365,1.41473
1178.82416,1.42917
1176.78467,1.44377
1174.74519,1.46081
1172.70570,1.47733
1170.66621,1.49059
1168.62672,1.50293
1166.58723,1.51750
1164.54774,1.53334
1162.50826,1.54362
1160.46877,1.54485
1158.42928,1.53912
1156.38979,1.53385
1154.35030,1.53515
1152.31082,1.53815
1150.27133,1.53928
1148.23184,1.54012
1146.19235,1.54272
1144.15286,1.54498
1142.11337,1.54218
1140.07389,1.53976
1138.03440,1.54480
1135.99491,1.55266
1133.95542,1.55855
1131.91593,1.56581
1129.87645,1.57446
1127.83696,1.58435
1125.79747,1.59709
1123.75798,1.61017
1121.71849,1.62319
1119.67900,1.63040
1117.63952,1.62655
1115.60003,1.61834
1113.56054,1.61724
1111.52105,1.62760
1109.48156,1.63864
1107.44208,1.63986
1105.40259,1.63215
1103.36310,1.62382
1101.32361,1.62359
1099.28412,1.62963
1097.24463,1.63281
1095.20515,1.62840
1093.16566,1.62399
1091.12617,1.62814
1089.08668,1.63321
1087.04719,1.63272
1085.00771,1.63436
1082.96822,1.64056
1080.92873,1.64374
1078.88924,1.64604
1076.84975,1.65162
1074.81027,1.65138
1072.77078,1.64178
1070.73129,1.62759
1068.69180,1.61577
1066.65231,1.61369
1064.61282,1.61485
1062.57334,1.60841
1060.53385,1.60125
1058.49436,1.60053
1056.45487,1.59498
1054.41538,1.58202
1052.37590,1.57549
1050.33641,1.57350
1048.29692,1.56220
1046.25743,1.54580
1044.21794,1.53748
1042.17845,1.53757
1040.13897,1.53922
1038.09948,1.53815
1036.05999,1.53472
1034.02050,1.52814
1031.98101,1.51699
1029.94153,1.50402
1027.90204,1.48997
1025.86255,1.47784
1023.82306,1.47083
1021.78357,1.46326
1019.74408,1.45268
1017.70460,1.44568
1015.66511,1.44103
1013.62562,1.43010
1011.58613,1.41294
1009.54664,1.39569
1007.50716,1.38178
1005.46767,1.36844
1003.42818,1.35154
1001.38869,1.33540
999.34920,1.32426
997.30971,1.31314
995.27023,1.30022
993.23074,1.29069
991.19125,1.28397
989.15176,1.27542
987.11227,1.26358
985.07279,1.25042
983.03330,1.23850
980.99381,1.22676
978.95432,1.21497
976.91483,1.20468
974.87534,1.19532
972.83586,1.18634
970.79637,1.17897
968.75688,1.17361
966.71739,1.16821
964.67790,1.16086
962.63842,1.15149
960.59893,1.14020
958.55944,1.12807
956.51995,1.11752
954.48046,1.10632
952.44097,1.09182
950.40149,1.07799
948.36200,1.06619
946.32251,1.05508
944.28302,1.04709
942.24353,1.04342
940.20405,1.04297
938.16456,1.04492
936.12507,1.04740
934.08558,1.04932
932.04609,1.05155
930.00661,1.05430
927.96712,1.05734
925.92763,1.06183
923.88814,1.06749
921.84865,1.07161
919.80916,1.07341
917.76968,1.07475
915.73019,1.07716
913.69070,1.08052
911.65121,1.08173
909.61172,1.07963
907.57224,1.08058
905.53275,1.08744
903.49326,1.09471
901.45377,1.09992
899.41428,1.10359
897.37479,1.10542
895.33531,1.10643
893.29582,1.10664
891.25633,1.10646
889.21684,1.10751
887.17735,1.10672
885.13787,1.10235
883.09838,1.09996
881.05889,1.10021
879.01940,1.09983
876.97991,1.10108
874.94042,1.10239
872.90094,1.10025
870.86145,1.09911
868.82196,1.10137
866.78247,1.10392
864.74298,1.10501
862.70350,1.10542
860.66401,1.10783
858.62452,1.11220
856.58503,1.11501
854.54554,1.11676
852.50605,1.12086
850.46657,1.12831
848.42708,1.13735
846.38759,1.14688
844.34810,1.15847
842.30861,1.17088
840.26913,1.18148
838.22964,1.19063
836.19015,1.19628
834.15066,1.19908
832.11117,1.20428
830.07168,1.21124
828.03220,1.21642
825.99271,1.21885
823.95322,1.21792
821.91373,1.21551
819.87424,1.21654
817.83476,1.21953
815.79527,1.21795
813.75578,1.21403
811.71629,1.21588
809.67680,1.22380
807.63731,1.23001
805.59783,1.23122
803.55834,1.23193
801.51885,1.23722
799.47936,1.24470
797.43987,1.24707
795.40039,1.24858
793.36090,1.25577
791.32141,1.26199
789.28192,1.26573
787.24243,1.27262
785.20295,1.27985
783.16346,1.28620
781.12397,1.29303
779.08448,1.29577
777.04499,1.29608
775.00550,1.30304
772.96602,1.31552
770.92653,1.32102
768.88704,1.32040
766.84755,1.31905
764.80806,1.31462
762.76858,1.31492
760.72909,1.32141
758.68960,1.32180
756.65011,1.31474
754.61062,1.30806
752.57113,1.30684
750.53165,1.31521
748.49216,1.32902
746.45267,1.33461
744.41318,1.33250
742.37369,1.33414
740.33421,1.34021
738.29472,1.34725
736.25523,1.35468
734.21574,1.35932
732.17625,1.36328
730.13676,1.37380
728.09728,1.38450
726.05779,1.38812
724.01830,1.39155
721.97881,1.39450
719.93932,1.39364
717.89984,1.39492
715.86035,1.40170
713.82086,1.40764
711.78137,1.41084
709.74188,1.41286
707.70239,1.41286
705.66291,1.41503
703.62342,1.42249
701.58393,1.43005
699.54444,1.43451
697.50495,1.43649
695.46547,1.43541
693.42598,1.43149
691.38649,1.42673
689.34700,1.42598
687.30751,1.43217
685.26802,1.44095
683.22854,1.44822
681.18905,1.45316
679.14956,1.45605
677.11007,1.45479
675.07058,1.44959
673.03110,1.45099
670.99161,1.46127
668.95212,1.46689
666.91263,1.46511
664.87314,1.46629
662.83365,1.46724
660.79417,1.46024
658.75468,1.45050
656.71519,1.45415
654.67570,1.47365
652.63621,1.48575
650.59673,1.47609
648.55724,1.46003
646.51775,1.45563
644.47826,1.46605
642.43877,1.47810
640.39929,1.47823
638.35980,1.47023
636.32031,1.46614
634.28082,1.47391
632.24133,1.49026
630.20184,1.50126
628.16236,1.49532
626.12287,1.47632
624.08338,1.47646
622.04389,1.50430
620.00440,1.51533
617.96492,1.50013
615.92543,1.49003
613.88594,1.48144
611.84645,1.46675
609.80696,1.44454
607.76747,1.42834
605.72799,1.43147
603.68850,1.42391
601.64901,1.40281
599.60952,1.40286
597.57003,1.41944
595.53055,1.43151
593.49106,1.44437
591.45157,1.45833
589.41208,1.46556
587.37259,1.47229
585.33310,1.47734
583.29362,1.46620
581.25413,1.45681
579.21464,1.47102
577.17515,1.46798
575.13566,1.44479
573.09618,1.44363
571.05669,1.45499
569.01720,1.45796
566.97771,1.45214
564.93822,1.44382
562.89873,1.45977
560.85925,1.48533
558.81976,1.47784
556.78027,1.44338
554.74078,1.40803
552.70129,1.39510
550.66181,1.37641
548.62232,1.39384
546.58283,1.48363
544.54334,1.53358
542.50385,1.51231
540.46436,1.50611
538.42488,1.51341
536.38539,1.53358
534.34590,1.55785
532.30641,1.54314
530.26692,1.52063
528.22744,1.48104
526.18795,1.37164
524.14846,1.29277
522.10897,1.32253
520.06948,1.38721
518.02999,1.41121
515.99051,1.33214
513.95102,1.22091
511.91153,1.20231
509.87204,1.32985
507.83255,1.57204
505.79307,1.72725
503.75358,1.42032
501.71409,1.16205
499.67460,1.03383
