3997.39681,0.41961
3995.35732,0.41976
3993.31783,0.41941
3991.27835,0.41876
3989.23886,0.41798
3987.19937,0.41764
3985.15988,0.41762
3983.12039,0.41713
3981.08091,0.41649
3979.04142,0.41637
3977.00193,0.41661
3974.96244,0.41641
3972.92295,0.41568
3970.88346,0.41515
3968.84398,0.41451
3966.80449,0.41317
3964.76500,0.41183
3962.72551,0.41120
3960.68602,0.41101
3958.64654,0.41077
3956.60705,0.41004
3954.56756,0.40872
3952.52807,0.40752
3950.48858,0.40694
3948.44909,0.40666
3946.40961,0.40662
3944.37012,0.40678
3942.33063,0.40642
3940.29114,0.40554
3938.25165,0.40478
3936.21217,0.40423
3934.17268,0.40371
3932.13319,0.40320
3930.09370,0.40270
3928.05421,0.40209
3926.01473,0.40095
3923.97524,0.39935
3921.93575,0.39813
3919.89626,0.39748
3917.85677,0.39697
3915.81728,0.39618
3913.77780,0.39520
3911.73831,0.39445
3909.69882,0.39394
3907.65933,0.39356
3905.61984,0.39319
3903.58036,0.39290
3901.54087,0.39281
3899.50138,0.39212
3897.46189,0.39042
3895.42240,0.38904
3893.38291,0.38839
3891.34343,0.38718
3889.30394,0.38594
3887.26445,0.38626
3885.22496,0.38719
3883.18547,0.38688
3881.14599,0.38506
3879.10650,0.38284
3877.06701,0.38161
3875.02752,0.38131
3872.98803,0.38138
3870.94854,0.38137
3868.90906,0.38095
3866.86957,0.38081
3864.83008,0.38105
3862.79059,0.38092
3860.75110,0.38042
3858.71162,0.38002
3856.67213,0.37975
3854.63264,0.37941
3852.59315,0.37909
3850.55366,0.37877
3848.51417,0.37803
3846.47469,0.37715
3844.43520,0.37684
3842.39571,0.37696
3840.35622,0.37701
3838.31673,0.37727
3836.27725,0.37792
3834.23776,0.37819
3832.19827,0.37776
3830.15878,0.37737
3828.11929,0.37762
3826.07980,0.37798
3824.04032,0.37808
3822.00083,0.37799
3819.96134,0.37774
3817.92185,0.37802
3815.88236,0.37923
3813.84288,0.38042
3811.80339,0.38044
3809.76390,0.37936
3807.72441,0.37821
3805.68492,0.37760
3803.64543,0.37759
3801.60595,0.37826
3799.56646,0.37978
3797.52697,0.38122
3795.48748,0.38155
3793.44799,0.38142
3791.40851,0.38166
3789.36902,0.38245
3787.32953,0.38359
3785.29004,0.38468
3783.25055,0.38548
3781.21107,0.38605
3779.17158,0.38655
3777.13209,0.38715
3775.09260,0.38773
3773.05311,0.38824
3771.01362,0.38907
3768.97414,0.39028
3766.93465,0.39172
3764.89516,0.39335
3762.85567,0.39494
3760.81618,0.39629
3758.77670,0.39736
3756.73721,0.39819
3754.69772,0.39882
3752.65823,0.39928
3750.61874,0.39985
3748.57925,0.40070
3746.53977,0.40196
3744.50028,0.40388
3742.46079,0.40608
3740.42130,0.40793
3738.38181,0.40989
3736.34233,0.41239
3734.30284,0.41479
3732.26335,0.41691
3730.22386,0.41930
3728.18437,0.42158
3726.14488,0.42344
3724.10540,0.42533
3722.06591,0.42734
3720.02642,0.42949
3717.98693,0.43228
3715.94744,0.43589
3713.90796,0.44034
3711.86847,0.44530
3709.82898,0.45010
3707.78949,0.45477
3705.75000,0.46000
3703.71051,0.46638
3701.67103,0.47396
3699.63154,0.48216
3697.59205,0.48972
3695.55256,0.49573
3693.51307,0.50082
3691.47359,0.50662
3689.43410,0.51305
3687.39461,0.51844
3685.35512,0.52346
3683.31563,0.52986
3681.27614,0.53777
3679.23666,0.54722
3677.19717,0.55949
3675.15768,0.57389
3673.11819,0.58766
3671.07870,0.60186
3669.03922,0.61718
3666.99973,0.63106
3664.96024,0.64385
3662.92075,0.65737
3660.88126,0.67156
3658.84177,0.68678
3656.80229,0.70374
3654.76280,0.71990
3652.72331,0.73348
3650.68382,0.74752
3648.64433,0.76398
3646.60485,0.78030
3644.56536,0.79495
3642.52587,0.80957
3640.48638,0.82438
3638.44689,0.83844
3636.40741,0.85274
3634.36792,0.86833
3632.32843,0.88457
3630.28894,0.90092
3628.24945,0.91620
3626.20996,0.92869
3624.17048,0.94032
3622.13099,0.95366
3620.09150,0.96886
3618.05201,0.98467
3616.01252,0.99974
3613.97304,1.01422
3611.93355,1.02887
3609.89406,1.04301
3607.85457,1.05576
3605.81508,1.06756
3603.77559,1.07818
3601.73611,1.08854
3599.69662,1.10107
3597.65713,1.11537
3595.61764,1.12918
3593.57815,1.14189
3591.53867,1.15366
3589.49918,1.16587
3587.45969,1.18027
3585.42020,1.19474
3583.38071,1.20573
3581.34122,1.21383
3579.30174,1.22376
3577.26225,1.23886
3575.22276,1.25493
3573.18327,1.26615
3571.14378,1.27457
3569.10430,1.28536
3567.06481,1.29859
3565.02532,1.31162
3562.98583,1.32209
3560.94634,1.33107
3558.90685,1.34431
3556.86737,1.36083
3554.82788,1.37321
3552.78839,1.38085
3550.74890,1.38851
3548.70941,1.39906
3546.66993,1.41235
3544.63044,1.42654
3542.59095,1.43961
3540.55146,1.44984
3538.51197,1.45666
3536.47248,1.46201
3534.43300,1.46816
3532.39351,1.47464
3530.35402,1.47873
3528.31453,1.48131
3526.27504,1.48823
3524.23556,1.50146
3522.19607,1.51716
3520.15658,1.52901
3518.11709,1.53355
3516.07760,1.53424
3514.03811,1.53536
3511.99863,1.53686
3509.95914,1.53806
3507.91965,1.54665
3505.88016,1.56748
3503.84067,1.58273
3501.80119,1.57643
3499.76170,1.56396
3497.72221,1.56250
3495.68272,1.57148
3493.64323,1.58846
3491.60375,1.60709
3489.56426,1.61246
3487.52477,1.60494
3485.48528,1.60216
3483.44579,1.61090
3481.40630,1.62096
3479.36682,1.62532
3477.32733,1.63144
3475.28784,1.64317
3473.24835,1.65288
3471.20886,1.65888
3469.16938,1.66530
3467.12989,1.66763
3465.09040,1.66646
3463.05091,1.66923
3461.01142,1.67093
3458.97193,1.66975
3456.93245,1.67155
3454.89296,1.67093
3452.85347,1.66583
3450.81398,1.66794
3448.77449,1.67719
3446.73501,1.68294
3444.69552,1.68443
3442.65603,1.68746
3440.61654,1.69291
3438.57705,1.69909
3436.53756,1.70392
3434.49808,1.71126
3432.45859,1.72565
3430.41910,1.73876
3428.37961,1.74171
3426.34012,1.73434
3424.30064,1.71908
3422.26115,1.70773
3420.22166,1.70973
3418.18217,1.71214
3416.14268,1.70874
3414.10319,1.71160
3412.06371,1.71917
3410.02422,1.72122
3407.98473,1.72436
3405.94524,1.73858
3403.90575,1.74796
3401.86627,1.73970
3399.82678,1.72915
3397.78729,1.72510
3395.74780,1.72424
3393.70831,1.72569
3391.66882,1.72361
3389.62934,1.71944
3387.58985,1.71957
3385.55036,1.71974
3383.51087,1.72434
3381.47138,1.73630
3379.43190,1.74313
3377.39241,1.74550
3375.35292,1.75428
3373.31343,1.76434
3371.27394,1.76816
3369.23446,1.76289
3367.19497,1.74808
3365.15548,1.73624
3363.11599,1.73851
3361.07650,1.74941
3359.03701,1.75252
3356.99753,1.74107
3354.95804,1.72736
3352.91855,1.72162
3350.87906,1.72462
3348.83957,1.73212
3346.80009,1.74012
3344.76060,1.74326
3342.72111,1.73985
3340.68162,1.74023
3338.64213,1.74186
3336.60264,1.73810
3334.56316,1.73931
3332.52367,1.74422
3330.48418,1.73960
3328.44469,1.72928
3326.40520,1.72626
3324.36572,1.73231
3322.32623,1.73877
3320.28674,1.73825
3318.24725,1.73158
3316.20776,1.72631
3314.16827,1.72471
3312.12879,1.71908
3310.08930,1.71009
3308.04981,1.70519
3306.01032,1.70744
3303.97083,1.71620
3301.93135,1.72225
3299.89186,1.72366
3297.85237,1.72412
3295.81288,1.72026
3293.77339,1.71589
3291.73390,1.71261
3289.69442,1.70501
3287.65493,1.69638
3285.61544,1.69339
3283.57595,1.69621
3281.53646,1.69876
3279.49698,1.69408
3277.45749,1.68240
3275.41800,1.67144
3273.37851,1.66914
3271.33902,1.67229
3269.29953,1.66941
3267.26005,1.66008
3265.22056,1.65222
3263.18107,1.65098
3261.14158,1.65301
3259.10209,1.64865
3257.06261,1.63914
3255.02312,1.63335
3252.98363,1.62846
3250.94414,1.62157
3248.90465,1.61935
3246.86516,1.62020
3244.82568,1.61486
3242.78619,1.60303
3240.74670,1.59449
3238.70721,1.59399
3236.66772,1.59322
3234.62824,1.58925
3232.58875,1.58760
3230.54926,1.58789
3228.50977,1.58863
3226.47028,1.58762
3224.43080,1.58310
3222.39131,1.57924
3220.35182,1.57649
3218.31233,1.57095
3216.27284,1.56287
3214.23335,1.55489
3212.19387,1.55055
3210.15438,1.55010
3208.11489,1.54735
3206.07540,1.54135
3204.03591,1.53590
3201.99643,1.53050
3199.95694,1.52632
3197.91745,1.52615
3195.87796,1.52663
3193.83847,1.52256
3191.79898,1.51470
3189.75950,1.50844
3187.72001,1.50730
3185.68052,1.50610
3183.64103,1.49951
3181.60154,1.49152
3179.56206,1.48542
3177.52257,1.48026
3175.48308,1.47637
3173.44359,1.47472
3171.40410,1.47225
3169.36461,1.46698
3167.32513,1.46359
3165.28564,1.46177
3163.24615,1.45884
3161.20666,1.45813
3159.16717,1.45648
3157.12769,1.44963
3155.08820,1.44276
3153.04871,1.43948
3151.00922,1.43706
3148.96973,1.43162
3146.93024,1.42340
3144.89076,1.41647
3142.85127,1.41428
3140.81178,1.41298
3138.77229,1.40571
3136.73280,1.39665
3134.69332,1.39258
3132.65383,1.39209
3130.61434,1.39200
3128.57485,1.38900
3126.53536,1.38308
3124.49587,1.37922
3122.45639,1.37648
3120.41690,1.37087
3118.37741,1.36472
3116.33792,1.36125
3114.29843,1.35998
3112.25895,1.35830
3110.21946,1.35372
3108.17997,1.34703
3106.14048,1.34291
3104.10099,1.34131
3102.06150,1.33677
3100.02202,1.32958
3097.98253,1.32278
3095.94304,1.31720
3093.90355,1.31455
3091.86406,1.31427
3089.82458,1.31287
3087.78509,1.31086
3085.74560,1.30926
3083.70611,1.30619
3081.66662,1.30207
3079.62714,1.29779
3077.58765,1.29423
3075.54816,1.29296
3073.50867,1.29305
3071.46918,1.29135
3069.42969,1.28684
3067.39021,1.28121
3065.35072,1.27541
3063.31123,1.27047
3061.27174,1.26704
3059.23225,1.26405
3057.19277,1.26190
3055.15328,1.26093
3053.11379,1.25865
3051.07430,1.25446
3049.03481,1.25010
3046.99532,1.24606
3044.95584,1.24295
3042.91635,1.24074
3040.87686,1.23831
3038.83737,1.23453
3036.79788,1.22940
3034.75840,1.22519
3032.71891,1.22214
3030.67942,1.21960
3028.63993,1.21807
3026.60044,1.21572
3024.56095,1.21160
3022.52147,1.20733
3020.48198,1.20431
3018.44249,1.20230
3016.40300,1.20108
3014.36351,1.20226
3012.32403,1.20479
3010.28454,1.20505
3008.24505,1.20294
3006.20556,1.20136
3004.16607,1.20155
3002.12658,1.20353
3000.08710,1.20667
2998.04761,1.20861
2996.00812,1.21030
2993.96863,1.21637
2991.92914,1.22486
2989.88966,1.23127
2987.85017,1.23604
2985.81068,1.24297
2983.77119,1.25270
2981.73170,1.26139
2979.69221,1.26833
2977.65273,1.27699
2975.61324,1.28883
2973.57375,1.30252
2971.53426,1.31420
2969.49477,1.32295
2967.45529,1.33312
2965.41580,1.34384
2963.37631,1.35103
2961.33682,1.35662
2959.29733,1.36477
2957.25784,1.37351
2955.21836,1.37789
2953.17887,1.38107
2951.13938,1.38953
2949.09989,1.40079
2947.06040,1.41045
2945.02092,1.41980
2942.98143,1.42984
2940.94194,1.43856
2938.90245,1.44669
2936.86296,1.45655
2934.82348,1.46620
2932.78399,1.47345
2930.74450,1.47868
2928.70501,1.48072
2926.66552,1.47642
2924.62603,1.46802
2922.58655,1.46352
2920.54706,1.46518
2918.50757,1.46459
2916.46808,1.45307
2914.42859,1.43439
2912.38911,1.41610
2910.34962,1.40011
2908.31013,1.38784
2906.27064,1.38057
2904.23115,1.37593
2902.19166,1.37145
2900.15218,1.36797
2898.11269,1.36409
2896.07320,1.35652
2894.03371,1.34773
2891.99422,1.34094
2889.95474,1.33492
2887.91525,1.32866
2885.87576,1.32168
2883.83627,1.31564
2881.79678,1.31283
2879.75729,1.31038
2877.71781,1.30575
2875.67832,1.30065
2873.63883,1.29589
2871.59934,1.28993
2869.55985,1.28275
2867.52037,1.27646
2865.48088,1.27277
2863.44139,1.27178
2861.40190,1.27046
2859.36241,1.26847
2857.32292,1.27073
2855.28344,1.27648
2853.24395,1.27955
2851.20446,1.27601
2849.16497,1.26382
2847.12548,1.24344
2845.08600,1.21814
2843.04651,1.19332
2841.00702,1.17409
2838.96753,1.16075
2836.92804,1.15021
2834.88855,1.14077
2832.84907,1.13175
2830.80958,1.12265
2828.77009,1.11483
2826.73060,1.10872
2824.69111,1.10251
2822.65163,1.09596
2820.61214,1.08993
2818.57265,1.08413
2816.53316,1.07909
2814.49367,1.07586
2812.45418,1.07262
2810.41470,1.06718
2808.37521,1.06077
2806.33572,1.05567
2804.29623,1.05273
2802.25674,1.05082
2800.21726,1.04820
2798.17777,1.04449
2796.13828,1.04092
2794.09879,1.03841
2792.05930,1.03606
2790.01982,1.03360
2787.98033,1.03174
2785.94084,1.02991
2783.90135,1.02696
2781.86186,1.02319
2779.82237,1.02033
2777.78289,1.01856
2775.74340,1.01698
2773.70391,1.01592
2771.66442,1.01492
2769.62493,1.01312
2767.58545,1.01121
2765.54596,1.00975
2763.50647,1.00827
2761.46698,1.00688
2759.42749,1.00610
2757.38800,1.00444
2755.34852,1.00183
2753.30903,1.00071
2751.26954,1.00045
2749.23005,0.99957
2747.19056,0.99914
2745.15108,0.99907
2743.11159,0.99810
2741.07210,0.99622
2739.03261,0.99373
2736.99312,0.99139
2734.95363,0.99039
2732.91415,0.99008
2730.87466,0.98921
2728.83517,0.98783
2726.79568,0.98593
2724.75619,0.98371
2722.71671,0.98234
2720.67722,0.98143
2718.63773,0.97911
2716.59824,0.97594
2714.55875,0.97391
2712.51926,0.97250
2710.47978,0.96979
2708.44029,0.96600
2706.40080,0.96327
2704.36131,0.96233
2702.32182,0.96114
2700.28234,0.95883
2698.24285,0.95730
2696.20336,0.95611
2694.16387,0.95314
2692.12438,0.94958
2690.08489,0.94759
2688.04541,0.94683
2686.00592,0.94563
2683.96643,0.94342
2681.92694,0.94096
2679.88745,0.93834
2677.84797,0.93561
2675.80848,0.93329
2673.76899,0.93128
2671.72950,0.92946
2669.69001,0.92739
2667.65052,0.92465
2665.61104,0.92141
2663.57155,0.91842
2661.53206,0.91639
2659.49257,0.91439
2657.45308,0.91168
2655.41360,0.90904
2653.37411,0.90684
2651.33462,0.90475
2649.29513,0.90229
2647.25564,0.89893
2645.21616,0.89487
2643.17667,0.89132
2641.13718,0.88916
2639.09769,0.88825
2637.05820,0.88746
2635.01871,0.88569
2632.97923,0.88331
2630.93974,0.88076
2628.90025,0.87751
2626.86076,0.87400
2624.82127,0.87117
2622.78179,0.86890
2620.74230,0.86720
2618.70281,0.86587
2616.66332,0.86396
2614.62383,0.86116
2612.58434,0.85815
2610.54486,0.85561
2608.50537,0.85344
2606.46588,0.85126
2604.42639,0.84963
2602.38690,0.84878
2600.34742,0.84755
2598.30793,0.84577
2596.26844,0.84419
2594.22895,0.84280
2592.18946,0.84124
2590.14997,0.83901
2588.11049,0.83610
2586.07100,0.83369
2584.03151,0.83248
2581.99202,0.83171
2579.95253,0.83027
2577.91305,0.82766
2575.87356,0.82469
2573.83407,0.82282
2571.79458,0.82175
2569.75509,0.82002
2567.71560,0.81767
2565.67612,0.81596
2563.63663,0.81442
2561.59714,0.81214
2559.55765,0.81013
2557.51816,0.80867
2555.47868,0.80673
2553.43919,0.80462
2551.39970,0.80330
2549.36021,0.80242
2547.32072,0.80121
2545.28123,0.79953
2543.24175,0.79747
2541.20226,0.79532
2539.16277,0.79338
2537.12328,0.79168
2535.08379,0.78980
2533.04431,0.78764
2531.00482,0.78561
2528.96533,0.78376
2526.92584,0.78176
2524.88635,0.77962
2522.84686,0.77802
2520.80738,0.77686
2518.76789,0.77516
2516.72840,0.77305
2514.68891,0.77109
2512.64942,0.76897
2510.60994,0.76663
2508.57045,0.76502
2506.53096,0.76403
2504.49147,0.76264
2502.45198,0.76096
2500.41250,0.75954
2498.37301,0.75786
2496.33352,0.75550
2494.29403,0.75323
2492.25454,0.75126
2490.21505,0.74909
2488.17557,0.74708
2486.13608,0.74548
2484.09659,0.74361
2482.05710,0.74131
2480.01761,0.73901
2477.97813,0.73686
2475.93864,0.73507
2473.89915,0.73335
2471.85966,0.73095
2469.82017,0.72826
2467.78068,0.72583
2465.74120,0.72324
2463.70171,0.72074
2461.66222,0.71887
2459.62273,0.71726
2457.58324,0.71530
2455.54376,0.71307
2453.50427,0.71101
2451.46478,0.70899
2449.42529,0.70652
2447.38580,0.70377
2445.34631,0.70152
2443.30683,0.69973
2441.26734,0.69761
2439.22785,0.69533
2437.18836,0.69339
2435.14887,0.69142
2433.10939,0.68909
2431.06990,0.68622
2429.03041,0.68297
2426.99092,0.68035
2424.95143,0.67856
2422.91194,0.67691
2420.87246,0.67513
2418.83297,0.67328
2416.79348,0.67151
2414.75399,0.66988
2412.71450,0.66790
2410.67502,0.66556
2408.63553,0.66366
2406.59604,0.66185
2404.55655,0.65963
2402.51706,0.65797
2400.47757,0.65694
2398.43809,0.65556
2396.39860,0.65397
2394.35911,0.65236
2392.31962,0.65077
2390.28013,0.64921
2388.24065,0.64791
2386.20116,0.64732
2384.16167,0.64739
2382.12218,0.64731
2380.08269,0.64650
2378.04320,0.64524
2376.00372,0.64423
2373.96423,0.64370
2371.92474,0.64344
2369.88525,0.64362
2367.84576,0.64443
2365.80628,0.64481
2363.76679,0.64406
2361.72730,0.64325
2359.68781,0.64281
2357.64832,0.64162
2355.60884,0.63986
2353.56935,0.63878
2351.52986,0.63867
2349.49037,0.63816
2347.45088,0.63622
2345.41139,0.63437
2343.37191,0.63415
2341.33242,0.63402
2339.29293,0.63267
2337.25344,0.63103
2335.21395,0.62953
2333.17447,0.62780
2331.13498,0.62571
2329.09549,0.62365
2327.05600,0.62234
2325.01651,0.62161
2322.97702,0.62055
2320.93754,0.61904
2318.89805,0.61773
2316.85856,0.61680
2314.81907,0.61573
2312.77958,0.61429
2310.74010,0.61293
2308.70061,0.61199
2306.66112,0.61121
2304.62163,0.61014
2302.58214,0.60868
2300.54265,0.60720
2298.50317,0.60592
2296.46368,0.60485
2294.42419,0.60401
2292.38470,0.60336
2290.34521,0.60285
2288.30573,0.60236
2286.26624,0.60175
2284.22675,0.60108
2282.18726,0.60051
2280.14777,0.60002
2278.10828,0.59973
2276.06880,0.59979
2274.02931,0.59971
2271.98982,0.59913
2269.95033,0.59853
2267.91084,0.59836
2265.87136,0.59840
2263.83187,0.59830
2261.79238,0.59812
2259.75289,0.59799
2257.71340,0.59796
2255.67391,0.59807
2253.63443,0.59829
2251.59494,0.59848
2249.55545,0.59862
2247.51596,0.59843
2245.47647,0.59819
2243.43699,0.59799
2241.39750,0.59774
2239.35801,0.59754
2237.31852,0.59779
2235.27903,0.59843
2233.23954,0.59863
2231.20006,0.59839
2229.16057,0.59848
2227.12108,0.59879
2225.08159,0.59919
2223.04210,0.59958
2221.00262,0.59955
2218.96313,0.59965
2216.92364,0.60033
2214.88415,0.60084
2212.84466,0.60081
2210.80518,0.60080
2208.76569,0.60095
2206.72620,0.60117
2204.68671,0.60164
2202.64722,0.60251
2200.60773,0.60355
2198.56825,0.60428
2196.52876,0.60462
2194.48927,0.60498
2192.44978,0.60561
2190.41029,0.60643
2188.37081,0.60747
2186.33132,0.60847
2184.29183,0.60905
2182.25234,0.60949
2180.21285,0.61007
2178.17336,0.61076
2176.13388,0.61157
2174.09439,0.61247
2172.05490,0.61344
2170.01541,0.61442
2167.97592,0.61507
2165.93644,0.61542
2163.89695,0.61593
2161.85746,0.61672
2159.81797,0.61732
2157.77848,0.61750
2155.73899,0.61763
2153.69951,0.61796
2151.66002,0.61819
2149.62053,0.61806
2147.58104,0.61793
2145.54155,0.61820
2143.50207,0.61868
2141.46258,0.61885
2139.42309,0.61854
2137.38360,0.61822
2135.34411,0.61849
2133.30462,0.61893
2131.26514,0.61855
2129.22565,0.61768
2127.18616,0.61732
2125.14667,0.61729
2123.10718,0.61709
2121.06770,0.61673
2119.02821,0.61627
2116.98872,0.61575
2114.94923,0.61521
2112.90974,0.61489
2110.87025,0.61491
2108.83077,0.61474
2106.79128,0.61409
2104.75179,0.61352
2102.71230,0.61325
2100.67281,0.61313
2098.63333,0.61318
2096.59384,0.61309
2094.55435,0.61250
2092.51486,0.61195
2090.47537,0.61159
2088.43588,0.61117
2086.39640,0.61086
2084.35691,0.61077
2082.31742,0.61070
2080.27793,0.61054
2078.23844,0.61024
2076.19896,0.60985
2074.15947,0.60957
2072.11998,0.60945
2070.08049,0.60922
2068.04100,0.60885
2066.00152,0.60853
2063.96203,0.60799
2061.92254,0.60758
2059.88305,0.60802
2057.84356,0.60879
2055.80407,0.60908
2053.76459,0.60892
2051.72510,0.60830
2049.68561,0.60750
2047.64612,0.60720
2045.60663,0.60722
2043.56715,0.60689
2041.52766,0.60601
2039.48817,0.60479
2037.44868,0.60366
2035.40919,0.60297
2033.36970,0.60253
2031.33022,0.60186
2029.29073,0.60093
2027.25124,0.59988
2025.21175,0.59872
2023.17226,0.59754
2021.13278,0.59647
2019.09329,0.59554
2017.05380,0.59469
2015.01431,0.59381
2012.97482,0.59296
2010.93533,0.59206
2008.89585,0.59094
2006.85636,0.58989
2004.81687,0.58922
2002.77738,0.58873
2000.73789,0.58833
1998.69841,0.58795
1996.65892,0.58748
1994.61943,0.58734
1992.57994,0.58775
1990.54045,0.58802
1988.50096,0.58757
1986.46148,0.58691
1984.42199,0.58671
1982.38250,0.58674
1980.34301,0.58649
1978.30352,0.58622
1976.26404,0.58623
1974.22455,0.58617
1972.18506,0.58601
1970.14557,0.58639
1968.10608,0.58747
1966.06659,0.58823
1964.02711,0.58821
1961.98762,0.58788
1959.94813,0.58750
1957.90864,0.58713
1955.86915,0.58698
1953.82967,0.58702
1951.79018,0.58690
1949.75069,0.58664
1947.71120,0.58675
1945.67171,0.58745
1943.63222,0.58831
1941.59274,0.58839
1939.55325,0.58779
1937.51376,0.58738
1935.47427,0.58720
1933.43478,0.58697
1931.39530,0.58664
1929.35581,0.58623
1927.31632,0.58616
1925.27683,0.58692
1923.23734,0.58812
1921.19786,0.58901
1919.15837,0.58951
1917.11888,0.58951
1915.07939,0.58926
1913.03990,0.58947
1911.00041,0.59033
1908.96093,0.59141
1906.92144,0.59210
1904.88195,0.59230
1902.84246,0.59257
1900.80297,0.59323
1898.76349,0.59429
1896.72400,0.59549
1894.68451,0.59628
1892.64502,0.59695
1890.60553,0.59819
1888.56604,0.59935
1886.52656,0.59978
1884.48707,0.59999
1882.44758,0.60058
1880.40809,0.60155
1878.36860,0.60248
1876.32912,0.60337
1874.28963,0.60459
1872.25014,0.60654
1870.21065,0.60924
1868.17116,0.61128
1866.13167,0.61138
1864.09219,0.61093
1862.05270,0.61124
1860.01321,0.61180
1857.97372,0.61203
1855.93423,0.61244
1853.89475,0.61365
1851.85526,0.61526
1849.81577,0.61680
1847.77628,0.61892
1845.73679,0.62194
1843.69730,0.62404
1841.65782,0.62428
1839.61833,0.62439
1837.57884,0.62553
1835.53935,0.62756
1833.49986,0.63063
1831.46038,0.63478
1829.42089,0.63894
1827.38140,0.64223
1825.34191,0.64506
1823.30242,0.64753
1821.26293,0.64981
1819.22345,0.65273
1817.18396,0.65654
1815.14447,0.66111
1813.10498,0.66657
1811.06549,0.67261
1809.02601,0.67838
1806.98652,0.68388
1804.94703,0.68998
1802.90754,0.69742
1800.86805,0.70585
1798.82856,0.71397
1796.78908,0.72185
1794.74959,0.73137
1792.71010,0.74320
1790.67061,0.75480
1788.63112,0.76492
1786.59164,0.77584
1784.55215,0.78864
1782.51266,0.80242
1780.47317,0.81691
1778.43368,0.83217
1776.39420,0.84888
1774.35471,0.86981
1772.31522,0.89612
1770.27573,0.92382
1768.23624,0.95076
1766.19675,0.97918
1764.15727,1.01194
1762.11778,1.05147
1760.07829,1.09367
1758.03880,1.13333
1755.99931,1.17043
1753.95983,1.20404
1751.92034,1.23667
1749.88085,1.27144
1747.84136,1.30455
1745.80187,1.33159
1743.76238,1.35288
1741.72290,1.37058
1739.68341,1.38549
1737.64392,1.39633
1735.60443,1.40194
1733.56494,1.40028
1731.52546,1.39190
1729.48597,1.38061
1727.44648,1.36856
1725.40699,1.35708
1723.36750,1.34646
1721.32801,1.33768
1719.28853,1.32988
1717.24904,1.31872
1715.20955,1.30431
1713.17006,1.29225
1711.13057,1.28418
1709.09109,1.27888
1707.05160,1.27620
1705.01211,1.27693
1702.97262,1.28243
1700.93313,1.29408
1698.89364,1.31004
1696.85416,1.32825
1694.81467,1.34765
1692.77518,1.36406
1690.73569,1.37988
1688.69620,1.39929
1686.65672,1.42182
1684.61723,1.44708
1682.57774,1.47157
1680.53825,1.49264
1678.49876,1.51370
1676.45927,1.53658
1674.41979,1.55992
1672.38030,1.58274
1670.34081,1.60804
1668.30132,1.63337
1666.26183,1.65141
1664.22235,1.66844
1662.18286,1.68915
1660.14337,1.70495
1658.10388,1.71156
1656.06439,1.71205
1654.02490,1.70904
1651.98542,1.70631
1649.94593,1.70719
1647.90644,1.71013
1645.86695,1.71492
1643.82746,1.72005
1641.78798,1.72246
1639.74849,1.72283
1637.70900,1.72310
1635.66951,1.72246
1633.63002,1.71954
1631.59054,1.71582
1629.55105,1.71508
1627.51156,1.71715
1625.47207,1.71732
1623.43258,1.71535
1621.39309,1.71460
1619.35361,1.71694
1617.31412,1.72345
1615.27463,1.73339
1613.23514,1.73942
1611.19565,1.73528
1609.15617,1.72536
1607.11668,1.71668
1605.07719,1.70937
1603.03770,1.70265
1600.99821,1.69831
1598.95872,1.69348
1596.91924,1.68467
1594.87975,1.67518
1592.84026,1.66703
1590.80077,1.65716
1588.76128,1.64413
1586.72180,1.62963
1584.68231,1.61643
1582.64282,1.60454
1580.60333,1.59214
1578.56384,1.57991
1576.52435,1.56778
1574.48487,1.55542
1572.44538,1.54419
1570.40589,1.53329
1568.36640,1.52260
1566.32691,1.51424
1564.28743,1.50738
1562.24794,1.50070
1560.20845,1.49611
1558.16896,1.49474
1556.12947,1.49339
1554.08998,1.49061
1552.05050,1.48697
1550.01101,1.48298
1547.97152,1.47903
1545.93203,1.47309
1543.89254,1.46342
1541.85306,1.45399
1539.81357,1.45001
1537.77408,1.44990
1535.73459,1.44933
1533.69510,1.44756
1531.65561,1.44554
1529.61613,1.44328
1527.57664,1.43921
1525.53715,1.43261
1523.49766,1.42736
1521.45817,1.42884
1519.41869,1.43441
1517.37920,1.43550
1515.33971,1.43002
1513.30022,1.42203
1511.26073,1.41394
1509.22124,1.40328
1507.18176,1.38733
1505.14227,1.37146
1503.10278,1.36107
1501.06329,1.35327
1499.02380,1.34616
1496.98432,1.34057
1494.94483,1.33628
1492.90534,1.33316
1490.86585,1.33186
1488.82636,1.33311
1486.78688,1.33829
1484.74739,1.34813
1482.70790,1.36222
1480.66841,1.38004
1478.62892,1.40039
1476.58943,1.42296
1474.54995,1.45050
1472.51046,1.48484
1470.47097,1.51969
1468.43148,1.54790
1466.39199,1.57123
1464.35251,1.59168
1462.31302,1.60591
1460.27353,1.61287
1458.23404,1.61687
1456.19455,1.62397
1454.15506,1.63387
1452.11558,1.64364
1450.07609,1.65449
1448.03660,1.66510
1445.99711,1.67114
1443.95762,1.67327
1441.91814,1.67611
1439.87865,1.68011
1437.83916,1.68392
1435.79967,1.68765
1433.76018,1.68753
1431.72069,1.68347
1429.68121,1.68148
1427.64172,1.68294
1425.60223,1.68565
1423.56274,1.68922
1421.52325,1.69033
1419.48377,1.68775
1417.44428,1.68667
1415.40479,1.68747
1413.36530,1.68581
1411.32581,1.68165
1409.28632,1.67776
1407.24684,1.67443
1405.20735,1.67009
1403.16786,1.66628
1401.12837,1.66601
1399.08888,1.66628
1397.04940,1.66471
1395.00991,1.66557
1392.97042,1.66970
1390.93093,1.67428
1388.89144,1.68001
1386.85195,1.68676
1384.81247,1.69091
1382.77298,1.69242
1380.73349,1.69404
1378.69400,1.69578
1376.65451,1.69478
1374.61503,1.69015
1372.57554,1.68700
1370.53605,1.68903
1368.49656,1.68873
1366.45707,1.67669
1364.41758,1.65986
1362.37810,1.65147
1360.33861,1.64848
1358.29912,1.64178
1356.25963,1.63385
1354.22014,1.62877
1352.18066,1.62595
1350.14117,1.62523
1348.10168,1.62570
1346.06219,1.62597
1344.02270,1.62500
1341.98322,1.62089
1339.94373,1.61673
1337.90424,1.61749
1335.86475,1.62087
1333.82526,1.62405
1331.78577,1.62525
1329.74629,1.62198
1327.70680,1.61690
1325.66731,1.61446
1323.62782,1.61471
1321.58833,1.61614
1319.54885,1.61911
1317.50936,1.62232
1315.46987,1.62262
1313.43038,1.62100
1311.39089,1.62074
1309.35140,1.62007
1307.31192,1.61556
1305.27243,1.60978
1303.23294,1.60650
1301.19345,1.60540
1299.15396,1.60560
1297.11448,1.60695
1295.07499,1.60956
1293.03550,1.61319
1290.99601,1.61580
1288.95652,1.61850
1286.91703,1.62342
1284.87755,1.62708
1282.83806,1.62887
1280.79857,1.63166
1278.75908,1.63445
1276.71959,1.63611
1274.68011,1.63899
1272.64062,1.64457
1270.60113,1.65041
1268.56164,1.65386
1266.52215,1.65475
1264.48266,1.65660
1262.44318,1.66140
1260.40369,1.66598
1258.36420,1.67000
1256.32471,1.67683
1254.28522,1.68533
1252.24574,1.68977
1250.20625,1.68865
1248.16676,1.68364
1246.12727,1.67740
1244.08778,1.67594
1242.04829,1.67848
1240.00881,1.67823
1237.96932,1.67312
1235.92983,1.66449
1233.89034,1.65544
1231.85085,1.64574
1229.81137,1.63477
1227.77188,1.62478
1225.73239,1.61516
1223.69290,1.60426
1221.65341,1.59454
1219.61392,1.58997
1217.57444,1.58759
1215.53495,1.58177
1213.49546,1.57439
1211.45597,1.57079
1209.41648,1.57041
1207.37700,1.56999
1205.33751,1.57159
1203.29802,1.57423
1201.25853,1.57263
1199.21904,1.56634
1197.17956,1.55893
1195.14007,1.55101
1193.10058,1.54393
1191.06109,1.54494
1189.02160,1.55747
1186.98211,1.57354
1184.94263,1.58709
1182.90314,1.60013
1180.86365,1.61631
1178.82416,1.64006
1176.78467,1.67123
1174.74519,1.70254
1172.70570,1.72875
1170.66621,1.75342
1168.62672,1.78200
1166.58723,1.80902
1164.54774,1.82419
1162.50826,1.83065
1160.46877,1.83605
1158.42928,1.83659
1156.38979,1.83475
1154.35030,1.83723
1152.31082,1.83871
1150.27133,1.83336
1148.23184,1.82136
1146.19235,1.81234
1144.15286,1.81312
1142.11337,1.81235
1140.07389,1.80849
1138.03440,1.81671
1135.99491,1.83288
1133.95542,1.83565
1131.91593,1.82446
1129.87645,1.82903
1127.83696,1.85867
1125.79747,1.88030
1123.75798,1.87753
1121.71849,1.88124
1119.67900,1.90044
1117.63952,1.90774
1115.60003,1.89564
1113.56054,1.88328
1111.52105,1.88791
1109.48156,1.90473
1107.44208,1.91202
1105.40259,1.91198
1103.36310,1.91708
1101.32361,1.92016
1099.28412,1.91479
1097.24463,1.90690
1095.20515,1.90468
1093.16566,1.91287
1091.12617,1.92218
1089.08668,1.92332
1087.04719,1.92165
1085.00771,1.92225
1082.96822,1.92819
1080.92873,1.93792
1078.88924,1.93977
1076.84975,1.92814
1074.81027,1.90908
1072.77078,1.88994
1070.73129,1.87959
1068.69180,1.88717
1066.65231,1.90337
1064.61282,1.90947
1062.57334,1.90720
1060.53385,1.90467
1058.49436,1.89737
1056.45487,1.88537
1054.41538,1.88037
1052.37590,1.88325
1050.33641,1.87780
1048.29692,1.85839
1046.25743,1.84510
1044.21794,1.84754
1042.17845,1.84739
1040.13897,1.82867
1038.09948,1.80699
1036.05999,1.79401
1034.02050,1.78464
1031.98101,1.78289
1029.94153,1.78500
1027.90204,1.78083
1025.86255,1.77295
1023.82306,1.75987
1021.78357,1.74006
1019.74408,1.72441
1017.70460,1.71718
1015.66511,1.70845
1013.62562,1.69210
1011.58613,1.67348
1009.54664,1.65520
1007.50716,1.63920
1005.46767,1.62383
1003.42818,1.60505
1001.38869,1.58879
999.34920,1.57638
997.30971,1.55928
995.27023,1.53660
993.23074,1.51705
991.19125,1.50160
989.15176,1.48240
987.11227,1.45842
985.07279,1.43412
983.03330,1.41150
980.99381,1.38859
978.95432,1.36459
976.91483,1.34415
974.87534,1.33093
972.83586,1.32112
970.79637,1.30841
968.75688,1.29361
966.71739,1.28162
964.67790,1.27319
962.63842,1.26517
960.59893,1.25679
958.55944,1.24960
956.51995,1.24183
954.48046,1.23303
952.44097,1.22510
950.40149,1.21772
948.36200,1.21228
946.32251,1.21012
944.28302,1.21053
942.24353,1.21372
940.20405,1.21880
938.16456,1.22455
936.12507,1.22938
934.08558,1.23175
932.04609,1.23271
930.00661,1.23358
927.96712,1.23725
925.92763,1.24374
923.88814,1.24745
921.84865,1.24724
919.80916,1.24616
917.76968,1.24505
915.73019,1.24354
913.69070,1.24228
911.65121,1.24078
909.61172,1.23664
907.57224,1.23161
905.53275,1.23069
903.49326,1.23388
901.45377,1.23857
899.41428,1.24499
897.37479,1.24932
895.33531,1.24900
893.29582,1.24838
891.25633,1.24680
889.21684,1.24141
887.17735,1.23478
885.13787,1.23116
883.09838,1.23074
881.05889,1.23148
879.01940,1.23453
876.97991,1.23918
874.94042,1.24243
872.90094,1.24680
870.86145,1.25572
868.82196,1.26581
866.78247,1.27193
864.74298,1.27500
862.70350,1.27750
860.66401,1.27820
858.62452,1.27861
856.58503,1.28059
854.54554,1.28191
852.50605,1.28397
850.46657,1.28998
848.42708,1.29889
846.38759,1.30760
844.34810,1.31370
842.30861,1.31831
840.26913,1.32324
838.22964,1.32846
836.19015,1.33383
834.15066,1.33690
832.11117,1.33744
830.07168,1.33890
828.03220,1.34276
825.99271,1.34990
823.95322,1.35954
821.91373,1.36675
819.87424,1.36705
817.83476,1.36351
815.79527,1.36259
813.75578,1.36719
811.71629,1.37434
809.67680,1.37893
807.63731,1.38045
805.59783,1.38017
803.55834,1.38050
801.51885,1.38381
799.47936,1.38859
797.43987,1.39410
795.40039,1.39995
793.36090,1.40527
791.32141,1.41136
789.28192,1.42237
787.24243,1.43811
785.20295,1.44680
783.16346,1.44533
781.12397,1.44707
779.08448,1.45700
777.04499,1.46588
775.00550,1.46578
772.96602,1.46387
770.92653,1.46896
768.88704,1.47596
766.84755,1.47820
764.80806,1.47689
762.76858,1.47629
760.72909,1.48015
758.68960,1.48449
756.65011,1.48251
754.61062,1.47719
752.57113,1.47522
750.53165,1.47679
748.49216,1.47997
746.45267,1.48337
744.41318,1.48503
742.37369,1.48878
740.33421,1.49472
738.29472,1.49776
736.25523,1.50229
734.21574,1.51241
732.17625,1.52410
730.13676,1.53341
728.09728,1.53718
726.05779,1.53422
724.01830,1.53138
721.97881,1.53496
719.93932,1.54514
717.89984,1.55731
715.86035,1.56562
713.82086,1.56863
711.78137,1.57328
709.74188,1.58542
707.70239,1.59725
705.66291,1.59904
703.62342,1.59863
701.58393,1.60465
699.54444,1.61125
697.50495,1.61489
695.46547,1.61429
693.42598,1.60291
691.38649,1.58803
689.34700,1.58931
687.30751,1.60645
685.26802,1.62073
683.22854,1.62162
681.18905,1.61335
679.14956,1.60610
677.11007,1.60800
675.07058,1.62197
673.03110,1.63815
670.99161,1.63570
668.95212,1.61382
666.91263,1.60332
664.87314,1.62058
662.83365,1.64880
660.79417,1.67272
658.75468,1.68838
656.71519,1.69553
654.67570,1.68981
652.63621,1.67144
650.59673,1.64958
648.55724,1.63616
646.51775,1.62468
644.47826,1.60866
642.43877,1.59599
640.39929,1.59326
638.35980,1.59819
636.32031,1.60518
634.28082,1.61795
632.24133,1.64072
630.20184,1.65692
628.16236,1.64865
626.12287,1.62296
624.08338,1.61522
622.04389,1.62940
620.00440,1.64285
617.96492,1.64094
615.92543,1.60580
613.88594,1.57369
611.84645,1.60170
609.80696,1.65868
607.76747,1.69099
605.72799,1.68720
603.68850,1.65841
601.64901,1.66183
599.60952,1.72056
597.57003,1.77642
595.53055,1.78346
593.49106,1.71783
591.45157,1.63729
589.41208,1.62631
587.37259,1.64675
585.33310,1.63844
583.29362,1.63487
581.25413,1.65061
579.21464,1.67766
577.17515,1.69722
575.13566,1.67393
573.09618,1.62844
571.05669,1.60785
569.01720,1.61029
566.97771,1.62704
564.93822,1.64672
562.89873,1.63497
560.85925,1.59839
558.81976,1.55815
556.78027,1.52688
554.74078,1.50105
552.70129,1.52635
550.66181,1.61598
548.62232,1.67792
546.58283,1.67719
544.54334,1.68865
542.50385,1.68216
540.46436,1.67898
538.42488,1.71824
536.38539,1.67649
534.34590,1.53327
532.30641,1.44162
530.26692,1.44236
528.22744,1.46294
526.18795,1.49260
524.14846,1.52782
522.10897,1.51294
520.06948,1.49855
518.02999,1.49707
515.99051,1.50804
513.95102,1.55769
511.91153,1.56284
509.87204,1.40103
507.83255,1.27668
505.79307,1.26742
503.75358,1.30035
501.71409,1.30145
499.67460,1.15385
