3997.39681,0.31830
3995.35732,0.31835
3993.31783,0.31816
3991.27835,0.31794
3989.23886,0.31772
3987.19937,0.31744
3985.15988,0.31724
3983.12039,0.31692
3981.08091,0.31634
3979.04142,0.31604
3977.00193,0.31614
3974.96244,0.31563
3972.92295,0.31418
3970.88346,0.31287
3968.84398,0.31214
3966.80449,0.31161
3964.76500,0.31136
3962.72551,0.31110
3960.68602,0.31036
3958.64654,0.30963
3956.60705,0.30922
3954.56756,0.30869
3952.52807,0.30811
3950.48858,0.30774
3948.44909,0.30737
3946.40961,0.30671
3944.37012,0.30591
3942.33063,0.30508
3940.29114,0.30404
3938.25165,0.30279
3936.21217,0.30175
3934.17268,0.30119
3932.13319,0.30050
3930.09370,0.29928
3928.05421,0.29803
3926.01473,0.29720
3923.97524,0.29652
3921.93575,0.29581
3919.89626,0.29541
3917.85677,0.29521
3915.81728,0.29471
3913.77780,0.29369
3911.73831,0.29238
3909.69882,0.29116
3907.65933,0.29057
3905.61984,0.29049
3903.58036,0.29020
3901.54087,0.28948
3899.50138,0.28841
3897.46189,0.28705
3895.42240,0.28600
3893.38291,0.28559
3891.34343,0.28497
3889.30394,0.28382
3887.26445,0.28299
3885.22496,0.28219
3883.18547,0.28148
3881.14599,0.28120
3879.10650,0.27998
3877.06701,0.27851
3875.02752,0.27826
3872.98803,0.27846
3870.94854,0.27829
3868.90906,0.27750
3866.86957,0.27725
3864.83008,0.27769
3862.79059,0.27721
3860.75110,0.27606
3858.71162,0.27504
3856.67213,0.27439
3854.63264,0.27409
3852.59315,0.27307
3850.55366,0.27166
3848.51417,0.27108
3846.47469,0.27121
3844.43520,0.27136
3842.39571,0.27119
3840.35622,0.27139
3838.31673,0.27216
3836.27725,0.27244
3834.23776,0.27199
3832.19827,0.27131
3830.15878,0.27102
3828.11929,0.27143
3826.07980,0.27146
3824.04032,0.27105
3822.00083,0.27125
3819.96134,0.27136
3817.92185,0.27195
3815.88236,0.27284
3813.84288,0.27235
3811.80339,0.27145
3809.76390,0.27133
3807.72441,0.27171
3805.68492,0.27188
3803.64543,0.27259
3801.60595,0.27352
3799.56646,0.27335
3797.52697,0.27354
3795.48748,0.27433
3793.44799,0.27483
3791.40851,0.27530
3789.36902,0.27601
3787.32953,0.27694
3785.29004,0.27775
3783.25055,0.27827
3781.21107,0.27917
3779.17158,0.28016
3777.13209,0.28044
3775.09260,0.28048
3773.05311,0.28085
3771.01362,0.28168
3768.97414,0.28270
3766.93465,0.28365
3764.89516,0.28442
3762.85567,0.28546
3760.81618,0.28720
3758.77670,0.28870
3756.73721,0.28919
3754.69772,0.28956
3752.65823,0.29065
3750.61874,0.29201
3748.57925,0.29312
3746.53977,0.29492
3744.50028,0.29732
3742.46079,0.29914
3740.42130,0.30073
3738.38181,0.30209
3736.34233,0.30331
3734.30284,0.30567
3732.26335,0.30886
3730.22386,0.31106
3728.18437,0.31273
3726.14488,0.31461
3724.10540,0.31643
3722.06591,0.31877
3720.02642,0.32208
3717.98693,0.32551
3715.94744,0.32830
3713.90796,0.33120
3711.86847,0.33515
3709.82898,0.34017
3707.78949,0.34569
3705.75000,0.35084
3703.71051,0.35574
3701.67103,0.36091
3699.63154,0.36651
3697.59205,0.37290
3695.55256,0.37973
3693.51307,0.38618
3691.47359,0.39266
3689.43410,0.39980
3687.39461,0.40720
3685.35512,0.41488
3683.31563,0.42354
3681.27614,0.43337
3679.23666,0.44415
3677.19717,0.45633
3675.15768,0.46972
3673.11819,0.48371
3671.07870,0.49967
3669.03922,0.51626
3666.99973,0.53029
3664.96024,0.54294
3662.92075,0.55638
3660.88126,0.57086
3658.84177,0.58639
3656.80229,0.60278
3654.76280,0.61807
3652.72331,0.63205
3650.68382,0.64748
3648.64433,0.66548
3646.60485,0.68340
3644.56536,0.69851
3642.52587,0.71226
3640.48638,0.72637
3638.44689,0.74108
3636.40741,0.75634
3634.36792,0.77081
3632.32843,0.78356
3630.28894,0.79712
3628.24945,0.81296
3626.20996,0.82805
3624.17048,0.84041
3622.13099,0.85176
3620.09150,0.86480
3618.05201,0.87807
3616.01252,0.88845
3613.97304,0.89774
3611.93355,0.90861
3609.89406,0.92098
3607.85457,0.93417
3605.81508,0.94809
3603.77559,0.96201
3601.73611,0.97382
3599.69662,0.98310
3597.65713,0.99331
3595.61764,1.00671
3593.57815,1.02071
3591.53867,1.03233
3589.49918,1.04301
3587.45969,1.05450
3585.42020,1.06554
3583.38071,1.07548
3581.34122,1.08456
3579.30174,1.09287
3577.26225,1.10162
3575.22276,1.11213
3573.18327,1.12352
3571.14378,1.13314
3569.10430,1.14104
3567.06481,1.15111
3565.02532,1.16423
3562.98583,1.17688
3560.94634,1.18685
3558.90685,1.19401
3556.86737,1.19949
3554.82788,1.20430
3552.78839,1.20981
3550.74890,1.21800
3548.70941,1.22913
3546.66993,1.24011
3544.63044,1.24942
3542.59095,1.25966
3540.55146,1.27055
3538.51197,1.27981
3536.47248,1.28748
3534.43300,1.29347
3532.39351,1.29789
3530.35402,1.30351
3528.31453,1.31101
3526.27504,1.31794
3524.23556,1.32427
3522.19607,1.33143
3520.15658,1.33857
3518.11709,1.34328
3516.07760,1.34550
3514.03811,1.34843
3511.99863,1.35469
3509.95914,1.36185
3507.91965,1.36642
3505.88016,1.37068
3503.84067,1.37754
3501.80119,1.38561
3499.76170,1.39287
3497.72221,1.39905
3495.68272,1.40484
3493.64323,1.40980
3491.60375,1.41344
3489.56426,1.41741
3487.52477,1.42228
3485.48528,1.42716
3483.44579,1.43276
3481.40630,1.43876
3479.36682,1.44483
3477.32733,1.45242
3475.28784,1.45973
3473.24835,1.46308
3471.20886,1.46340
3469.16938,1.46394
3467.12989,1.46362
3465.09040,1.46204
3463.05091,1.46363
3461.01142,1.46890
3458.97193,1.47468
3456.93245,1.47939
3454.89296,1.48302
3452.85347,1.48506
3450.81398,1.48452
3448.77449,1.48517
3446.73501,1.49078
3444.69552,1.49710
3442.65603,1.50035
3440.61654,1.50438
3438.57705,1.51098
3436.53756,1.51455
3434.49808,1.51043
3432.45859,1.50341
3430.41910,1.50110
3428.37961,1.50250
3426.34012,1.50545
3424.30064,1.51065
3422.26115,1.51451
3420.22166,1.51628
3418.18217,1.51699
3416.14268,1.51474
3414.10319,1.51277
3412.06371,1.51452
3410.02422,1.51950
3407.98473,1.52558
3405.94524,1.52778
3403.90575,1.52494
3401.86627,1.52214
3399.82678,1.52244
3397.78729,1.52540
3395.74780,1.52843
3393.70831,1.53150
3391.66882,1.53444
3389.62934,1.53474
3387.58985,1.53205
3385.55036,1.53065
3383.51087,1.53392
3381.47138,1.53849
3379.43190,1.54052
3377.39241,1.54036
3375.35292,1.53963
3373.31343,1.53689
3371.27394,1.53229
3369.23446,1.53287
3367.19497,1.53984
3365.15548,1.54314
3363.11599,1.53802
3361.07650,1.53249
3359.03701,1.53255
3356.99753,1.53648
3354.95804,1.54282
3352.91855,1.55132
3350.87906,1.55807
3348.83957,1.55734
3346.80009,1.55252
3344.76060,1.55191
3342.72111,1.55201
3340.68162,1.55034
3338.64213,1.55058
3336.60264,1.54917
3334.56316,1.54437
3332.52367,1.54180
3330.48418,1.54378
3328.44469,1.54513
3326.40520,1.54290
3324.36572,1.53873
3322.32623,1.53240
3320.28674,1.52742
3318.24725,1.52909
3316.20776,1.53272
3314.16827,1.53267
3312.12879,1.53251
3310.08930,1.53305
3308.04981,1.52945
3306.01032,1.52384
3303.97083,1.52329
3301.93135,1.52749
3299.89186,1.53084
3297.85237,1.53089
3295.81288,1.52696
3293.77339,1.51884
3291.73390,1.51041
3289.69442,1.50659
3287.65493,1.50815
3285.61544,1.51261
3283.57595,1.51593
3281.53646,1.51489
3279.49698,1.50976
3277.45749,1.50318
3275.41800,1.49818
3273.37851,1.49473
3271.33902,1.48954
3269.29953,1.48297
3267.26005,1.47902
3265.22056,1.47672
3263.18107,1.47367
3261.14158,1.47215
3259.10209,1.47138
3257.06261,1.46728
3255.02312,1.46165
3252.98363,1.45738
3250.94414,1.45240
3248.90465,1.44648
3246.86516,1.44194
3244.82568,1.43865
3242.78619,1.43746
3240.74670,1.43818
3238.70721,1.43564
3236.66772,1.43005
3234.62824,1.42647
3232.58875,1.42396
3230.54926,1.42035
3228.50977,1.41797
3226.47028,1.41756
3224.43080,1.41622
3222.39131,1.41282
3220.35182,1.40998
3218.31233,1.40951
3216.27284,1.40751
3214.23335,1.40153
3212.19387,1.39628
3210.15438,1.39479
3208.11489,1.39330
3206.07540,1.38825
3204.03591,1.38178
3201.99643,1.37590
3199.95694,1.37091
3197.91745,1.36835
3195.87796,1.36749
3193.83847,1.36599
3191.79898,1.36365
3189.75950,1.36182
3187.72001,1.36015
3185.68052,1.35620
3183.64103,1.35087
3181.60154,1.34727
3179.56206,1.34412
3177.52257,1.33969
3175.48308,1.33411
3173.44359,1.32804
3171.40410,1.32450
3169.36461,1.32383
3167.32513,1.32186
3165.28564,1.31756
3163.24615,1.31395
3161.20666,1.31221
3159.16717,1.31096
3157.12769,1.30787
3155.08820,1.30219
3153.04871,1.29679
3151.00922,1.29327
3148.96973,1.29014
3146.93024,1.28678
3144.89076,1.28367
3142.85127,1.28113
3140.81178,1.27911
3138.77229,1.27712
3136.73280,1.27433
3134.69332,1.27047
3132.65383,1.26652
3130.61434,1.26308
3128.57485,1.25931
3126.53536,1.25539
3124.49587,1.25280
3122.45639,1.25145
3120.41690,1.24953
3118.37741,1.24584
3116.33792,1.24159
3114.29843,1.23811
3112.25895,1.23426
3110.21946,1.22975
3108.17997,1.22608
3106.14048,1.22416
3104.10099,1.22355
3102.06150,1.22171
3100.02202,1.21774
3097.98253,1.21436
3095.94304,1.21202
3093.90355,1.20899
3091.86406,1.20635
3089.82458,1.20500
3087.78509,1.20402
3085.74560,1.20324
3083.70611,1.20154
3081.66662,1.19781
3079.62714,1.19327
3077.58765,1.18965
3075.54816,1.18691
3073.50867,1.18398
3071.46918,1.18102
3069.42969,1.17873
3067.39021,1.17708
3065.35072,1.17517
3063.31123,1.17319
3061.27174,1.17133
3059.23225,1.16801
3057.19277,1.16372
3055.15328,1.16033
3053.11379,1.15712
3051.07430,1.15308
3049.03481,1.14961
3046.99532,1.14748
3044.95584,1.14552
3042.91635,1.14323
3040.87686,1.14022
3038.83737,1.13586
3036.79788,1.13182
3034.75840,1.12924
3032.71891,1.12637
3030.67942,1.12360
3028.63993,1.12250
3026.60044,1.12202
3024.56095,1.12124
3022.52147,1.12001
3020.48198,1.11878
3018.44249,1.11857
3016.40300,1.11886
3014.36351,1.11820
3012.32403,1.11672
3010.28454,1.11513
3008.24505,1.11413
3006.20556,1.11464
3004.16607,1.11532
3002.12658,1.11523
3000.08710,1.11601
2998.04761,1.11790
2996.00812,1.11992
2993.96863,1.12297
2991.92914,1.12724
2989.88966,1.13169
2987.85017,1.13707
2985.81068,1.14564
2983.77119,1.15579
2981.73170,1.16354
2979.69221,1.17029
2977.65273,1.17951
2975.61324,1.19039
2973.57375,1.20001
2971.53426,1.20741
2969.49477,1.21477
2967.45529,1.22377
2965.41580,1.23255
2963.37631,1.23984
2961.33682,1.24666
2959.29733,1.25324
2957.25784,1.26030
2955.21836,1.26698
2953.17887,1.27062
2951.13938,1.27250
2949.09989,1.27577
2947.06040,1.28015
2945.02092,1.28559
2942.98143,1.29470
2940.94194,1.30550
2938.90245,1.31503
2936.86296,1.32500
2934.82348,1.33278
2932.78399,1.33502
2930.74450,1.33729
2928.70501,1.34158
2926.66552,1.34102
2924.62603,1.33534
2922.58655,1.33171
2920.54706,1.33095
2918.50757,1.32702
2916.46808,1.31695
2914.42859,1.30342
2912.38911,1.29098
2910.34962,1.28123
2908.31013,1.27219
2906.27064,1.26346
2904.23115,1.25665
2902.19166,1.25066
2900.15218,1.24372
2898.11269,1.23706
2896.07320,1.23157
2894.03371,1.22676
2891.99422,1.22133
2889.95474,1.21507
2887.91525,1.20945
2885.87576,1.20490
2883.83627,1.20220
2881.79678,1.20078
2879.75729,1.19774
2877.71781,1.19393
2875.67832,1.19199
2873.63883,1.18936
2871.59934,1.18339
2869.55985,1.17677
2867.52037,1.17190
2865.48088,1.16904
2863.44139,1.16904
2861.40190,1.17064
2859.36241,1.17109
2857.32292,1.17233
2855.28344,1.17675
2853.24395,1.18146
2851.20446,1.18202
2849.16497,1.17359
2847.12548,1.15319
2845.08600,1.12524
2843.04651,1.09865
2841.00702,1.07882
2838.96753,1.06521
2836.92804,1.05469
2834.88855,1.04565
2832.84907,1.03836
2830.80958,1.03144
2828.77009,1.02383
2826.73060,1.01690
2824.69111,1.01027
2822.65163,1.00334
2820.61214,0.99745
2818.57265,0.99245
2816.53316,0.98746
2814.49367,0.98284
2812.45418,0.97891
2810.41470,0.97527
2808.37521,0.97125
2806.33572,0.96683
2804.29623,0.96296
2802.25674,0.95987
2800.21726,0.95715
2798.17777,0.95443
2796.13828,0.95105
2794.09879,0.94729
2792.05930,0.94440
2790.01982,0.94251
2787.98033,0.94028
2785.94084,0.93728
2783.90135,0.93492
2781.86186,0.93364
2779.82237,0.93233
2777.78289,0.93041
2775.74340,0.92815
2773.70391,0.92594
2771.66442,0.92397
2769.62493,0.92178
2767.58545,0.91930
2765.54596,0.91718
2763.50647,0.91585
2761.46698,0.91482
2759.42749,0.91316
2757.38800,0.91130
2755.34852,0.90938
2753.30903,0.90780
2751.26954,0.90798
2749.23005,0.90860
2747.19056,0.90773
2745.15108,0.90636
2743.11159,0.90519
2741.07210,0.90344
2739.03261,0.90127
2736.99312,0.89965
2734.95363,0.89867
2732.91415,0.89823
2730.87466,0.89784
2728.83517,0.89712
2726.79568,0.89627
2724.75619,0.89461
2722.71671,0.89208
2720.67722,0.89016
2718.63773,0.88903
2716.59824,0.88714
2714.55875,0.88424
2712.51926,0.88203
2710.47978,0.88078
2708.44029,0.87888
2706.40080,0.87604
2704.36131,0.87311
2702.32182,0.87022
2700.28234,0.86744
2698.24285,0.86512
2696.20336,0.86303
2694.16387,0.86128
2692.12438,0.86029
2690.08489,0.85932
2688.04541,0.85768
2686.00592,0.85570
2683.96643,0.85376
2681.92694,0.85173
2679.88745,0.84926
2677.84797,0.84683
2675.80848,0.84497
2673.76899,0.84306
2671.72950,0.84073
2669.69001,0.83782
2667.65052,0.83424
2665.61104,0.83113
2663.57155,0.82922
2661.53206,0.82776
2659.49257,0.82557
2657.45308,0.82247
2655.41360,0.81985
2653.37411,0.81854
2651.33462,0.81732
2649.29513,0.81553
2647.25564,0.81371
2645.21616,0.81163
2643.17667,0.80937
2641.13718,0.80747
2639.09769,0.80551
2637.05820,0.80280
2635.01871,0.79968
2632.97923,0.79688
2630.93974,0.79434
2628.90025,0.79193
2626.86076,0.78987
2624.82127,0.78815
2622.78179,0.78641
2620.74230,0.78428
2618.70281,0.78220
2616.66332,0.78065
2614.62383,0.77937
2612.58434,0.77768
2610.54486,0.77502
2608.50537,0.77192
2606.46588,0.76930
2604.42639,0.76705
2602.38690,0.76492
2600.34742,0.76324
2598.30793,0.76184
2596.26844,0.76002
2594.22895,0.75769
2592.18946,0.75579
2590.14997,0.75486
2588.11049,0.75371
2586.07100,0.75155
2584.03151,0.74909
2581.99202,0.74662
2579.95253,0.74448
2577.91305,0.74340
2575.87356,0.74235
2573.83407,0.74040
2571.79458,0.73845
2569.75509,0.73652
2567.71560,0.73425
2565.67612,0.73274
2563.63663,0.73202
2561.59714,0.73108
2559.55765,0.72989
2557.51816,0.72807
2555.47868,0.72550
2553.43919,0.72337
2551.39970,0.72237
2549.36021,0.72164
2547.32072,0.72014
2545.28123,0.71777
2543.24175,0.71512
2541.20226,0.71313
2539.16277,0.71178
2537.12328,0.71033
2535.08379,0.70876
2533.04431,0.70715
2531.00482,0.70559
2528.96533,0.70414
2526.92584,0.70220
2524.88635,0.69991
2522.84686,0.69817
2520.80738,0.69679
2518.76789,0.69518
2516.72840,0.69330
2514.68891,0.69146
2512.64942,0.68988
2510.60994,0.68829
2508.57045,0.68635
2506.53096,0.68395
2504.49147,0.68153
2502.45198,0.67952
2500.41250,0.67781
2498.37301,0.67624
2496.33352,0.67427
2494.29403,0.67168
2492.25454,0.66940
2490.21505,0.66769
2488.17557,0.66591
2486.13608,0.66390
2484.09659,0.66175
2482.05710,0.65943
2480.01761,0.65713
2477.97813,0.65520
2475.93864,0.65336
2473.89915,0.65127
2471.85966,0.64905
2469.82017,0.64692
2467.78068,0.64501
2465.74120,0.64310
2463.70171,0.64079
2461.66222,0.63820
2459.62273,0.63585
2457.58324,0.63390
2455.54376,0.63210
2453.50427,0.62989
2451.46478,0.62721
2449.42529,0.62494
2447.38580,0.62308
2445.34631,0.62099
2443.30683,0.61873
2441.26734,0.61650
2439.22785,0.61435
2437.18836,0.61236
2435.14887,0.61033
2433.10939,0.60833
2431.06990,0.60643
2429.03041,0.60423
2426.99092,0.60198
2424.95143,0.60026
2422.91194,0.59847
2420.87246,0.59610
2418.83297,0.59370
2416.79348,0.59170
2414.75399,0.58989
2412.71450,0.58813
2410.67502,0.58637
2408.63553,0.58427
2406.59604,0.58203
2404.55655,0.58017
2402.51706,0.57882
2400.47757,0.57788
2398.43809,0.57669
2396.39860,0.57512
2394.35911,0.57342
2392.31962,0.57179
2390.28013,0.57027
2388.24065,0.56906
2386.20116,0.56826
2384.16167,0.56783
2382.12218,0.56765
2380.08269,0.56737
2378.04320,0.56701
2376.00372,0.56688
2373.96423,0.56702
2371.92474,0.56706
2369.88525,0.56668
2367.84576,0.56625
2365.80628,0.56619
2363.76679,0.56625
2361.72730,0.56613
2359.68781,0.56514
2357.64832,0.56274
2355.60884,0.56085
2353.56935,0.56077
2351.52986,0.56077
2349.49037,0.55922
2347.45088,0.55641
2345.41139,0.55402
2343.37191,0.55302
2341.33242,0.55240
2339.29293,0.55134
2337.25344,0.55023
2335.21395,0.54925
2333.17447,0.54811
2331.13498,0.54635
2329.09549,0.54424
2327.05600,0.54245
2325.01651,0.54104
2322.97702,0.53975
2320.93754,0.53843
2318.89805,0.53708
2316.85856,0.53551
2314.81907,0.53369
2312.77958,0.53218
2310.74010,0.53101
2308.70061,0.52964
2306.66112,0.52827
2304.62163,0.52751
2302.58214,0.52705
2300.54265,0.52624
2298.50317,0.52504
2296.46368,0.52390
2294.42419,0.52297
2292.38470,0.52213
2290.34521,0.52137
2288.30573,0.52078
2286.26624,0.52029
2284.22675,0.51981
2282.18726,0.51917
2280.14777,0.51831
2278.10828,0.51757
2276.06880,0.51718
2274.02931,0.51693
2271.98982,0.51671
2269.95033,0.51649
2267.91084,0.51625
2265.87136,0.51602
2263.83187,0.51580
2261.79238,0.51569
2259.75289,0.51561
2257.71340,0.51536
2255.67391,0.51527
2253.63443,0.51544
2251.59494,0.51542
2249.55545,0.51508
2247.51596,0.51503
2245.47647,0.51499
2243.43699,0.51502
2241.39750,0.51504
2239.35801,0.51506
2237.31852,0.51519
2235.27903,0.51516
2233.23954,0.51491
2231.20006,0.51486
2229.16057,0.51506
2227.12108,0.51526
2225.08159,0.51538
2223.04210,0.51517
2221.00262,0.51492
2218.96313,0.51511
2216.92364,0.51518
2214.88415,0.51486
2212.84466,0.51479
2210.80518,0.51521
2208.76569,0.51561
2206.72620,0.51567
2204.68671,0.51576
2202.64722,0.51614
2200.60773,0.51666
2198.56825,0.51718
2196.52876,0.51774
2194.48927,0.51834
2192.44978,0.51890
2190.41029,0.51928
2188.37081,0.51956
2186.33132,0.52014
2184.29183,0.52106
2182.25234,0.52190
2180.21285,0.52251
2178.17336,0.52326
2176.13388,0.52418
2174.09439,0.52494
2172.05490,0.52562
2170.01541,0.52637
2167.97592,0.52702
2165.93644,0.52742
2163.89695,0.52783
2161.85746,0.52861
2159.81797,0.52950
2157.77848,0.53005
2155.73899,0.53018
2153.69951,0.53018
2151.66002,0.53029
2149.62053,0.53054
2147.58104,0.53098
2145.54155,0.53149
2143.50207,0.53166
2141.46258,0.53133
2139.42309,0.53116
2137.38360,0.53126
2135.34411,0.53107
2133.30462,0.53089
2131.26514,0.53097
2129.22565,0.53067
2127.18616,0.53022
2125.14667,0.53021
2123.10718,0.53021
2121.06770,0.52975
2119.02821,0.52918
2116.98872,0.52889
2114.94923,0.52859
2112.90974,0.52793
2110.87025,0.52735
2108.83077,0.52707
2106.79128,0.52676
2104.75179,0.52620
2102.71230,0.52552
2100.67281,0.52498
2098.63333,0.52458
2096.59384,0.52420
2094.55435,0.52383
2092.51486,0.52340
2090.47537,0.52286
2088.43588,0.52197
2086.39640,0.52095
2084.35691,0.52034
2082.31742,0.52017
2080.27793,0.52004
2078.23844,0.51977
2076.19896,0.51949
2074.15947,0.51931
2072.11998,0.51916
2070.08049,0.51899
2068.04100,0.51873
2066.00152,0.51840
2063.96203,0.51810
2061.92254,0.51765
2059.88305,0.51719
2057.84356,0.51716
2055.80407,0.51731
2053.76459,0.51696
2051.72510,0.51620
2049.68561,0.51576
2047.64612,0.51569
2045.60663,0.51544
2043.56715,0.51487
2041.52766,0.51401
2039.48817,0.51306
2037.44868,0.51225
2035.40919,0.51167
2033.36970,0.51118
2031.33022,0.51043
2029.29073,0.50946
2027.25124,0.50851
2025.21175,0.50744
2023.17226,0.50612
2021.13278,0.50503
2019.09329,0.50446
2017.05380,0.50378
2015.01431,0.50258
2012.97482,0.50136
2010.93533,0.50035
2008.89585,0.49943
2006.85636,0.49870
2004.81687,0.49806
2002.77738,0.49738
2000.73789,0.49688
1998.69841,0.49652
1996.65892,0.49612
1994.61943,0.49599
1992.57994,0.49607
1990.54045,0.49561
1988.50096,0.49482
1986.46148,0.49428
1984.42199,0.49399
1982.38250,0.49399
1980.34301,0.49414
1978.30352,0.49405
1976.26404,0.49381
1974.22455,0.49383
1972.18506,0.49407
1970.14557,0.49450
1968.10608,0.49503
1966.06659,0.49492
1964.02711,0.49433
1961.98762,0.49418
1959.94813,0.49423
1957.90864,0.49400
1955.86915,0.49381
1953.82967,0.49390
1951.79018,0.49398
1949.75069,0.49382
1947.71120,0.49365
1945.67171,0.49400
1943.63222,0.49478
1941.59274,0.49480
1939.55325,0.49401
1937.51376,0.49346
1935.47427,0.49319
1933.43478,0.49294
1931.39530,0.49256
1929.35581,0.49214
1927.31632,0.49204
1925.27683,0.49259
1923.23734,0.49357
1921.19786,0.49433
1919.15837,0.49507
1917.11888,0.49535
1915.07939,0.49481
1913.03990,0.49457
1911.00041,0.49520
1908.96093,0.49613
1906.92144,0.49662
1904.88195,0.49683
1902.84246,0.49717
1900.80297,0.49774
1898.76349,0.49870
1896.72400,0.49991
1894.68451,0.50071
1892.64502,0.50141
1890.60553,0.50283
1888.56604,0.50393
1886.52656,0.50409
1884.48707,0.50427
1882.44758,0.50478
1880.40809,0.50563
1878.36860,0.50671
1876.32912,0.50750
1874.28963,0.50805
1872.25014,0.50960
1870.21065,0.51265
1868.17116,0.51481
1866.13167,0.51452
1864.09219,0.51390
1862.05270,0.51439
1860.01321,0.51560
1857.97372,0.51688
1855.93423,0.51812
1853.89475,0.51953
1851.85526,0.52123
1849.81577,0.52322
1847.77628,0.52579
1845.73679,0.52928
1843.69730,0.53183
1841.65782,0.53225
1839.61833,0.53303
1837.57884,0.53536
1835.53935,0.53800
1833.49986,0.54107
1831.46038,0.54550
1829.42089,0.54990
1827.38140,0.55312
1825.34191,0.55629
1823.30242,0.55934
1821.26293,0.56220
1819.22345,0.56579
1817.18396,0.57011
1815.14447,0.57496
1813.10498,0.58065
1811.06549,0.58688
1809.02601,0.59269
1806.98652,0.59820
1804.94703,0.60447
1802.90754,0.61217
1800.86805,0.62061
1798.82856,0.62835
1796.78908,0.63607
1794.74959,0.64607
1792.71010,0.65838
1790.67061,0.66964
1788.63112,0.67920
1786.59164,0.69024
1784.55215,0.70343
1782.51266,0.71762
1780.47317,0.73273
1778.43368,0.74851
1776.39420,0.76588
1774.35471,0.78848
1772.31522,0.81753
1770.27573,0.84832
1768.23624,0.87861
1766.19675,0.91102
1764.15727,0.94781
1762.11778,0.98975
1760.07829,1.03228
1758.03880,1.07193
1755.99931,1.10921
1753.95983,1.14355
1751.92034,1.17826
1749.88085,1.21458
1747.84136,1.24699
1745.80187,1.27281
1743.76238,1.29393
1741.72290,1.31163
1739.68341,1.32462
1737.64392,1.33248
1735.60443,1.33750
1733.56494,1.33594
1731.52546,1.32549
1729.48597,1.31305
1727.44648,1.30200
1725.40699,1.29204
1723.36750,1.28211
1721.32801,1.27282
1719.28853,1.26460
1717.24904,1.25387
1715.20955,1.23981
1713.17006,1.22711
1711.13057,1.21762
1709.09109,1.21123
1707.05160,1.20872
1705.01211,1.20955
1702.97262,1.21365
1700.93313,1.22380
1698.89364,1.23867
1696.85416,1.25507
1694.81467,1.27238
1692.77518,1.28937
1690.73569,1.30794
1688.69620,1.32825
1686.65672,1.35014
1684.61723,1.37616
1682.57774,1.40235
1680.53825,1.42380
1678.49876,1.44268
1676.45927,1.46169
1674.41979,1.48148
1672.38030,1.50214
1670.34081,1.52556
1668.30132,1.54817
1666.26183,1.56255
1664.22235,1.57088
1662.18286,1.57808
1660.14337,1.58451
1658.10388,1.58917
1656.06439,1.59377
1654.02490,1.59722
1651.98542,1.59306
1649.94593,1.58770
1647.90644,1.58963
1645.86695,1.59283
1643.82746,1.59031
1641.78798,1.58592
1639.74849,1.58345
1637.70900,1.58457
1635.66951,1.58821
1633.63002,1.58903
1631.59054,1.58673
1629.55105,1.58390
1627.51156,1.57980
1625.47207,1.57495
1623.43258,1.57272
1621.39309,1.57395
1619.35361,1.57951
1617.31412,1.58749
1615.27463,1.59056
1613.23514,1.58965
1611.19565,1.58959
1609.15617,1.58769
1607.11668,1.58320
1605.07719,1.57999
1603.03770,1.57649
1600.99821,1.56927
1598.95872,1.56015
1596.91924,1.55185
1594.87975,1.54494
1592.84026,1.53882
1590.80077,1.53092
1588.76128,1.51944
1586.72180,1.50566
1584.68231,1.49221
1582.64282,1.48066
1580.60333,1.47056
1578.56384,1.46133
1576.52435,1.45077
1574.48487,1.43891
1572.44538,1.43154
1570.40589,1.42755
1568.36640,1.42037
1566.32691,1.41087
1564.28743,1.40278
1562.24794,1.39719
1560.20845,1.39547
1558.16896,1.39653
1556.12947,1.39743
1554.08998,1.39708
1552.05050,1.39503
1550.01101,1.39104
1547.97152,1.38477
1545.93203,1.37799
1543.89254,1.37267
1541.85306,1.36826
1539.81357,1.36426
1537.77408,1.36166
1535.73459,1.36051
1533.69510,1.35828
1531.65561,1.35315
1529.61613,1.34833
1527.57664,1.34629
1525.53715,1.34584
1523.49766,1.34631
1521.45817,1.34887
1519.41869,1.35432
1517.37920,1.36053
1515.33971,1.36131
1513.30022,1.35333
1511.26073,1.34060
1509.22124,1.32870
1507.18176,1.31776
1505.14227,1.30460
1503.10278,1.29144
1501.06329,1.28013
1499.02380,1.27010
1496.98432,1.26025
1494.94483,1.25037
1492.90534,1.24294
1490.86585,1.23956
1488.82636,1.23922
1486.78688,1.24107
1484.74739,1.24598
1482.70790,1.25539
1480.66841,1.26929
1478.62892,1.28749
1476.58943,1.31128
1474.54995,1.34102
1472.51046,1.37261
1470.47097,1.39844
1468.43148,1.41790
1466.39199,1.43510
1464.35251,1.44874
1462.31302,1.45733
1460.27353,1.46572
1458.23404,1.47851
1456.19455,1.49123
1454.15506,1.49705
1452.11558,1.49929
1450.07609,1.50280
1448.03660,1.50824
1445.99711,1.51329
1443.95762,1.51681
1441.91814,1.51963
1439.87865,1.52203
1437.83916,1.52505
1435.79967,1.52787
1433.76018,1.52939
1431.72069,1.53243
1429.68121,1.53576
1427.64172,1.53619
1425.60223,1.53633
1423.56274,1.53775
1421.52325,1.53894
1419.48377,1.53985
1417.44428,1.54028
1415.40479,1.53963
1413.36530,1.53655
1411.32581,1.53112
1409.28632,1.52609
1407.24684,1.52313
1405.20735,1.52161
1403.16786,1.51964
1401.12837,1.51793
1399.08888,1.51989
1397.04940,1.52480
1395.00991,1.52912
1392.97042,1.53245
1390.93093,1.53422
1388.89144,1.53333
1386.85195,1.53265
1384.81247,1.53452
1382.77298,1.53651
1380.73349,1.53791
1378.69400,1.54135
1376.65451,1.54568
1374.61503,1.54412
1372.57554,1.53405
1370.53605,1.52176
1368.49656,1.51248
1366.45707,1.50819
1364.41758,1.50653
1362.37810,1.50029
1360.33861,1.49116
1358.29912,1.48609
1356.25963,1.48266
1354.22014,1.47724
1352.18066,1.47122
1350.14117,1.46546
1348.10168,1.46010
1346.06219,1.45765
1344.02270,1.45843
1341.98322,1.45969
1339.94373,1.46156
1337.90424,1.46430
1335.86475,1.46526
1333.82526,1.46470
1331.78577,1.46563
1329.74629,1.46861
1327.70680,1.47164
1325.66731,1.47437
1323.62782,1.47728
1321.58833,1.47899
1319.54885,1.47813
1317.50936,1.47589
1315.46987,1.47554
1313.43038,1.47833
1311.39089,1.48072
1309.35140,1.47911
1307.31192,1.47458
1305.27243,1.47112
1303.23294,1.47261
1301.19345,1.47873
1299.15396,1.48423
1297.11448,1.48687
1295.07499,1.48934
1293.03550,1.49175
1290.99601,1.49303
1288.95652,1.49464
1286.91703,1.49686
1284.87755,1.49866
1282.83806,1.50079
1280.79857,1.50302
1278.75908,1.50242
1276.71959,1.50014
1274.68011,1.50332
1272.64062,1.51421
1270.60113,1.52292
1268.56164,1.52385
1266.52215,1.52528
1264.48266,1.53283
1262.44318,1.54180
1260.40369,1.54436
1258.36420,1.54209
1256.32471,1.54112
1254.28522,1.53899
1252.24574,1.53614
1250.20625,1.53753
1248.16676,1.54026
1246.12727,1.53962
1244.08778,1.53543
1242.04829,1.52876
1240.00881,1.52089
1237.96932,1.51384
1235.92983,1.51005
1233.89034,1.50736
1231.85085,1.50115
1229.81137,1.48982
1227.77188,1.47545
1225.73239,1.46424
1223.69290,1.45963
1221.65341,1.45656
1219.61392,1.44989
1217.57444,1.44085
1215.53495,1.43115
1213.49546,1.42563
1211.45597,1.42727
1209.41648,1.42845
1207.37700,1.42634
1205.33751,1.42506
1203.29802,1.42353
1201.25853,1.42262
1199.21904,1.42547
1197.17956,1.42859
1195.14007,1.43009
1193.10058,1.43398
1191.06109,1.43936
1189.02160,1.44364
1186.98211,1.45065
1184.94263,1.46258
1182.90314,1.47508
1180.86365,1.48694
1178.82416,1.50235
1176.78467,1.51992
1174.74519,1.53331
1172.70570,1.54588
1170.66621,1.56293
1168.62672,1.58012
1166.58723,1.59302
1164.54774,1.60068
1162.50826,1.60236
1160.46877,1.59946
1158.42928,1.59617
1156.38979,1.59491
1154.35030,1.59410
1152.31082,1.59148
1150.27133,1.58849
1148.23184,1.59030
1146.19235,1.59779
1144.15286,1.60620
1142.11337,1.61173
1140.07389,1.61523
1138.03440,1.61978
1135.99491,1.62722
1133.95542,1.63363
1131.91593,1.63773
1129.87645,1.64574
1127.83696,1.65497
1125.79747,1.66056
1123.75798,1.66465
1121.71849,1.66792
1119.67900,1.67397
1117.63952,1.68360
1115.60003,1.68976
1113.56054,1.69138
1111.52105,1.69133
1109.48156,1.68610
1107.44208,1.68100
1105.40259,1.68709
1103.36310,1.69311
1101.32361,1.68580
1099.28412,1.67689
1097.24463,1.67351
1095.20515,1.67272
1093.16566,1.67515
1091.12617,1.67493
1089.08668,1.67066
1087.04719,1.67107
1085.00771,1.67534
1082.96822,1.67903
1080.92873,1.68005
1078.88924,1.67482
1076.84975,1.66702
1074.81027,1.66450
1072.77078,1.66558
1070.73129,1.66312
1068.69180,1.65864
1066.65231,1.65562
1064.61282,1.65138
1062.57334,1.64592
1060.53385,1.63812
1058.49436,1.62559
1056.45487,1.61357
1054.41538,1.60544
1052.37590,1.59661
1050.33641,1.58455
1048.29692,1.57412
1046.25743,1.56823
1044.21794,1.56466
1042.17845,1.56304
1040.13897,1.55899
1038.09948,1.54610
1036.05999,1.53006
1034.02050,1.51979
1031.98101,1.51635
1029.94153,1.51267
1027.90204,1.50232
1025.86255,1.49156
1023.82306,1.48392
1021.78357,1.47595
1019.74408,1.46744
1017.70460,1.45858
1015.66511,1.44951
1013.62562,1.44037
1011.58613,1.43205
1009.54664,1.42383
1007.50716,1.41399
1005.46767,1.40252
1003.42818,1.38879
1001.38869,1.37502
999.34920,1.36536
997.30971,1.35877
995.27023,1.35047
993.23074,1.33963
991.19125,1.32896
989.15176,1.31888
987.11227,1.30585
985.07279,1.28902
983.03330,1.27162
980.99381,1.25585
978.95432,1.24265
976.91483,1.23031
974.87534,1.21788
972.83586,1.20766
970.79637,1.19933
968.75688,1.18929
966.71739,1.17882
964.67790,1.17121
962.63842,1.16301
960.59893,1.15086
958.55944,1.13764
956.51995,1.12647
954.48046,1.11615
952.44097,1.10513
950.40149,1.09492
948.36200,1.08744
946.32251,1.08340
944.28302,1.08072
942.24353,1.07666
940.20405,1.07203
938.16456,1.06994
936.12507,1.07203
934.08558,1.07704
932.04609,1.08293
930.00661,1.08766
927.96712,1.09040
925.92763,1.09349
923.88814,1.09796
921.84865,1.10247
919.80916,1.10657
917.76968,1.10953
915.73019,1.11042
913.69070,1.11058
911.65121,1.11172
909.61172,1.11367
907.57224,1.11609
905.53275,1.11884
903.49326,1.12212
901.45377,1.12612
899.41428,1.13054
897.37479,1.13377
895.33531,1.13290
893.29582,1.12791
891.25633,1.12234
889.21684,1.11882
887.17735,1.11679
885.13787,1.11554
883.09838,1.11543
881.05889,1.11569
879.01940,1.11564
876.97991,1.11557
874.94042,1.11489
872.90094,1.11420
870.86145,1.11489
868.82196,1.11652
866.78247,1.11899
864.74298,1.12267
862.70350,1.12632
860.66401,1.12890
858.62452,1.13163
856.58503,1.13574
854.54554,1.14081
852.50605,1.14681
850.46657,1.15403
848.42708,1.15953
846.38759,1.16255
844.34810,1.16826
842.30861,1.17714
840.26913,1.18594
838.22964,1.19496
836.19015,1.20249
834.15066,1.20490
832.11117,1.20476
830.07168,1.20659
828.03220,1.20971
825.99271,1.21217
823.95322,1.21483
821.91373,1.21956
819.87424,1.22478
817.83476,1.22740
815.79527,1.22828
813.75578,1.22782
811.71629,1.22668
809.67680,1.22737
807.63731,1.22815
805.59783,1.22822
803.55834,1.23093
801.51885,1.23450
799.47936,1.23540
797.43987,1.23831
795.40039,1.24394
793.36090,1.24416
791.32141,1.24227
789.28192,1.24801
787.24243,1.25803
785.20295,1.26507
783.16346,1.27105
781.12397,1.27769
779.08448,1.28228
777.04499,1.28770
775.00550,1.29399
772.96602,1.29344
770.92653,1.29130
768.88704,1.29597
766.84755,1.29980
764.80806,1.29854
762.76858,1.29616
760.72909,1.29491
758.68960,1.29640
756.65011,1.29951
754.61062,1.30374
752.57113,1.30948
750.53165,1.31717
748.49216,1.32677
746.45267,1.33271
744.41318,1.33234
742.37369,1.33068
740.33421,1.33224
738.29472,1.33686
736.25523,1.34324
734.21574,1.35256
732.17625,1.36141
730.13676,1.36346
728.09728,1.36386
726.05779,1.37046
724.01830,1.37751
721.97881,1.38329
719.93932,1.38824
717.89984,1.38747
715.86035,1.38236
713.82086,1.38363
711.78137,1.39281
709.74188,1.40336
707.70239,1.41271
705.66291,1.41953
703.62342,1.42257
701.58393,1.42325
699.54444,1.42179
697.50495,1.41877
695.46547,1.41597
693.42598,1.41245
691.38649,1.41289
689.34700,1.42595
687.30751,1.44468
685.26802,1.45457
683.22854,1.45634
681.18905,1.45599
679.14956,1.45299
677.11007,1.44905
675.07058,1.44863
673.03110,1.45146
670.99161,1.45421
668.95212,1.45255
666.91263,1.44654
664.87314,1.44640
662.83365,1.45574
660.79417,1.46533
658.75468,1.46656
656.71519,1.46631
654.67570,1.47089
652.63621,1.46842
650.59673,1.45258
648.55724,1.43735
646.51775,1.43189
644.47826,1.43165
642.43877,1.43576
640.39929,1.44646
638.35980,1.45626
636.32031,1.45783
634.28082,1.45957
632.24133,1.46416
630.20184,1.46178
628.16236,1.45155
626.12287,1.45079
624.08338,1.47775
622.04389,1.49885
620.00440,1.46923
617.96492,1.43470
615.92543,1.44411
613.88594,1.47496
611.84645,1.49649
609.80696,1.50624
607.76747,1.50170
605.72799,1.47773
603.68850,1.44810
601.64901,1.42761
599.60952,1.41280
597.57003,1.41640
595.53055,1.43408
593.49106,1.43524
591.45157,1.42037
589.41208,1.41369
587.37259,1.42304
585.33310,1.44332
583.29362,1.45042
581.25413,1.42254
579.21464,1.38127
577.17515,1.36656
575.13566,1.38898
573.09618,1.40326
571.05669,1.37775
569.01720,1.34991
566.97771,1.35974
564.93822,1.39128
562.89873,1.42300
560.85925,1.44553
558.81976,1.43726
556.78027,1.41309
554.74078,1.38057
552.70129,1.36450
550.66181,1.38922
548.62232,1.45261
546.58283,1.53702
544.54334,1.56765
542.50385,1.52458
540.46436,1.48613
538.42488,1.47382
536.38539,1.46097
534.34590,1.45888
532.30641,1.44311
530.26692,1.40283
528.22744,1.39253
526.18795,1.40263
524.14846,1.41683
522.10897,1.39571
520.06948,1.34126
518.02999,1.29479
515.99051,1.32170
513.95102,1.39687
511.91153,1.41457
509.87204,1.33288
507.83255,1.17745
505.79307,1.16161
503.75358,1.19096
501.71409,1.09964
499.67460,0.97446
