3997.39681,0.36553
3995.35732,0.36593
3993.31783,0.36591
3991.27835,0.36532
3989.23886,0.36444
3987.19937,0.36417
3985.15988,0.36429
3983.12039,0.36414
3981.08091,0.36382
3979.04142,0.36351
3977.00193,0.36327
3974.96244,0.36356
3972.92295,0.36467
3970.88346,0.36544
3968.84398,0.36443
3966.80449,0.36227
3964.76500,0.36048
3962.72551,0.35965
3960.68602,0.35956
3958.64654,0.35953
3956.60705,0.35875
3954.56756,0.35768
3952.52807,0.35744
3950.48858,0.35790
3948.44909,0.35825
3946.40961,0.35822
3944.37012,0.35738
3942.33063,0.35548
3940.29114,0.35365
3938.25165,0.35284
3936.21217,0.35251
3934.17268,0.35183
3932.13319,0.35101
3930.09370,0.35096
3928.05421,0.35160
3926.01473,0.35150
3923.97524,0.35025
3921.93575,0.34899
3919.89626,0.34793
3917.85677,0.34664
3915.81728,0.34535
3913.77780,0.34435
3911.73831,0.34369
3909.69882,0.34350
3907.65933,0.34375
3905.61984,0.34370
3903.58036,0.34272
3901.54087,0.34112
3899.50138,0.33923
3897.46189,0.33773
3895.42240,0.33736
3893.38291,0.33712
3891.34343,0.33590
3889.30394,0.33496
3887.26445,0.33509
3885.22496,0.33480
3883.18547,0.33372
3881.14599,0.33254
3879.10650,0.33188
3877.06701,0.33250
3875.02752,0.33331
3872.98803,0.33278
3870.94854,0.33086
3868.90906,0.32891
3866.86957,0.32832
3864.83008,0.32832
3862.79059,0.32803
3860.75110,0.32811
3858.71162,0.32904
3856.67213,0.32988
3854.63264,0.32857
3852.59315,0.32530
3850.55366,0.32391
3848.51417,0.32496
3846.47469,0.32642
3844.43520,0.32757
3842.39571,0.32869
3840.35622,0.32909
3838.31673,0.32788
3836.27725,0.32630
3834.23776,0.32562
3832.19827,0.32542
3830.15878,0.32552
3828.11929,0.32597
3826.07980,0.32674
3824.04032,0.32790
3822.00083,0.32831
3819.96134,0.32758
3817.92185,0.32709
3815.88236,0.32667
3813.84288,0.32657
3811.80339,0.32757
3809.76390,0.32867
3807.72441,0.32865
3805.68492,0.32825
3803.64543,0.32837
3801.60595,0.32811
3799.56646,0.32812
3797.52697,0.32899
3795.48748,0.32966
3793.44799,0.33037
3791.40851,0.33158
3789.36902,0.33283
3787.32953,0.33368
3785.29004,0.33421
3783.25055,0.33492
3781.21107,0.33544
3779.17158,0.33511
3777.13209,0.33516
3775.09260,0.33692
3773.05311,0.33938
3771.01362,0.34071
3768.97414,0.34087
3766.93465,0.34147
3764.89516,0.34296
3762.85567,0.34477
3760.81618,0.34610
3758.77670,0.34682
3756.73721,0.34839
3754.69772,0.35094
3752.65823,0.35226
3750.61874,0.35172
3748.57925,0.35216
3746.53977,0.35387
3744.50028,0.35465
3742.46079,0.35621
3740.42130,0.36041
3738.38181,0.36478
3736.34233,0.36661
3734.30284,0.36657
3732.26335,0.36778
3730.22386,0.37119
3728.18437,0.37493
3726.14488,0.37738
3724.10540,0.37904
3722.06591,0.38122
3720.02642,0.38404
3717.98693,0.38737
3715.94744,0.39155
3713.90796,0.39601
3711.86847,0.39958
3709.82898,0.40326
3707.78949,0.40895
3705.75000,0.41619
3703.71051,0.42350
3701.67103,0.43019
3699.63154,0.43699
3697.59205,0.44455
3695.55256,0.45240
3693.51307,0.45980
3691.47359,0.46617
3689.43410,0.47134
3687.39461,0.47727
3685.35512,0.48582
3683.31563,0.49618
3681.27614,0.50709
3679.23666,0.51849
3677.19717,0.53048
3675.15768,0.54278
3673.11819,0.55604
3671.07870,0.57043
3669.03922,0.58463
3666.99973,0.59820
3664.96024,0.61242
3662.92075,0.62838
3660.88126,0.64549
3658.84177,0.66179
3656.80229,0.67666
3654.76280,0.69188
3652.72331,0.70870
3650.68382,0.72581
3648.64433,0.74087
3646.60485,0.75412
3644.56536,0.76790
3642.52587,0.78298
3640.48638,0.79808
3638.44689,0.81208
3636.40741,0.82541
3634.36792,0.83935
3632.32843,0.85394
3630.28894,0.86653
3628.24945,0.87588
3626.20996,0.88646
3624.17048,0.90095
3622.13099,0.91658
3620.09150,0.93012
3618.05201,0.94088
3616.01252,0.95087
3613.97304,0.96143
3611.93355,0.97205
3609.89406,0.98177
3607.85457,0.99082
3605.81508,1.00115
3603.77559,1.01289
3601.73611,1.02397
3599.69662,1.03375
3597.65713,1.04364
3595.61764,1.05423
3593.57815,1.06452
3591.53867,1.07485
3589.49918,1.08646
3587.45969,1.09730
3585.42020,1.10538
3583.38071,1.11280
3581.34122,1.12148
3579.30174,1.13126
3577.26225,1.14109
3575.22276,1.14946
3573.18327,1.15674
3571.14378,1.16573
3569.10430,1.17543
3567.06481,1.18171
3565.02532,1.18749
3562.98583,1.19868
3560.94634,1.21288
3558.90685,1.22495
3556.86737,1.23412
3554.82788,1.24192
3552.78839,1.24881
3550.74890,1.25560
3548.70941,1.26413
3546.66993,1.27346
3544.63044,1.28149
3542.59095,1.28701
3540.55146,1.29002
3538.51197,1.29257
3536.47248,1.29673
3534.43300,1.30489
3532.39351,1.31674
3530.35402,1.32812
3528.31453,1.33514
3526.27504,1.33797
3524.23556,1.34134
3522.19607,1.34794
3520.15658,1.35520
3518.11709,1.36080
3516.07760,1.36624
3514.03811,1.37254
3511.99863,1.37868
3509.95914,1.38451
3507.91965,1.39064
3505.88016,1.39745
3503.84067,1.40381
3501.80119,1.40665
3499.76170,1.40699
3497.72221,1.41040
3495.68272,1.41674
3493.64323,1.42162
3491.60375,1.42482
3489.56426,1.42889
3487.52477,1.43612
3485.48528,1.44576
3483.44579,1.45547
3481.40630,1.46261
3479.36682,1.46411
3477.32733,1.46305
3475.28784,1.46607
3473.24835,1.47269
3471.20886,1.47769
3469.16938,1.48172
3467.12989,1.48624
3465.09040,1.48874
3463.05091,1.48763
3461.01142,1.48400
3458.97193,1.48323
3456.93245,1.48571
3454.89296,1.48844
3452.85347,1.49627
3450.81398,1.50885
3448.77449,1.51562
3446.73501,1.51321
3444.69552,1.50844
3442.65603,1.50972
3440.61654,1.51735
3438.57705,1.52275
3436.53756,1.52517
3434.49808,1.52777
3432.45859,1.53085
3430.41910,1.53280
3428.37961,1.52851
3426.34012,1.52470
3424.30064,1.52937
3422.26115,1.53585
3420.22166,1.54012
3418.18217,1.54615
3416.14268,1.55136
3414.10319,1.55122
3412.06371,1.55075
3410.02422,1.55424
3407.98473,1.55701
3405.94524,1.55843
3403.90575,1.56265
3401.86627,1.56544
3399.82678,1.56357
3397.78729,1.56332
3395.74780,1.56856
3393.70831,1.57729
3391.66882,1.58193
3389.62934,1.57481
3387.58985,1.56221
3385.55036,1.55729
3383.51087,1.56100
3381.47138,1.56449
3379.43190,1.56492
3377.39241,1.56302
3375.35292,1.55776
3373.31343,1.55339
3371.27394,1.55685
3369.23446,1.56274
3367.19497,1.55993
3365.15548,1.55496
3363.11599,1.55976
3361.07650,1.56977
3359.03701,1.57474
3356.99753,1.57353
3354.95804,1.57482
3352.91855,1.57956
3350.87906,1.57543
3348.83957,1.56447
3346.80009,1.55924
3344.76060,1.56037
3342.72111,1.56522
3340.68162,1.57276
3338.64213,1.57782
3336.60264,1.57874
3334.56316,1.57965
3332.52367,1.58008
3330.48418,1.57572
3328.44469,1.56814
3326.40520,1.56260
3324.36572,1.56012
3322.32623,1.55889
3320.28674,1.55764
3318.24725,1.55583
3316.20776,1.55478
3314.16827,1.55601
3312.12879,1.55849
3310.08930,1.56318
3308.04981,1.57019
3306.01032,1.57007
3303.97083,1.56105
3301.93135,1.55769
3299.89186,1.56211
3297.85237,1.56261
3295.81288,1.55544
3293.77339,1.54416
3291.73390,1.53599
3289.69442,1.53379
3287.65493,1.53363
3285.61544,1.53289
3283.57595,1.53252
3281.53646,1.53453
3279.49698,1.53478
3277.45749,1.52775
3275.41800,1.51645
3273.37851,1.50932
3271.33902,1.50738
3269.29953,1.50388
3267.26005,1.49847
3265.22056,1.49566
3263.18107,1.49607
3261.14158,1.49650
3259.10209,1.49308
3257.06261,1.48604
3255.02312,1.47904
3252.98363,1.47408
3250.94414,1.47051
3248.90465,1.46523
3246.86516,1.45954
3244.82568,1.45915
3242.78619,1.46307
3240.74670,1.46422
3238.70721,1.46040
3236.66772,1.45732
3234.62824,1.45614
3232.58875,1.45151
3230.54926,1.44564
3228.50977,1.44271
3226.47028,1.43862
3224.43080,1.43302
3222.39131,1.43066
3220.35182,1.42899
3218.31233,1.42432
3216.27284,1.42081
3214.23335,1.42087
3212.19387,1.41944
3210.15438,1.41486
3208.11489,1.41021
3206.07540,1.40607
3204.03591,1.40343
3201.99643,1.40366
3199.95694,1.40459
3197.91745,1.40222
3195.87796,1.39551
3193.83847,1.38702
3191.79898,1.37805
3189.75950,1.37029
3187.72001,1.36646
3185.68052,1.36564
3183.64103,1.36588
3181.60154,1.36560
3179.56206,1.36232
3177.52257,1.35643
3175.48308,1.35219
3173.44359,1.35209
3171.40410,1.35179
3169.36461,1.34779
3167.32513,1.34365
3165.28564,1.34193
3163.24615,1.33928
3161.20666,1.33259
3159.16717,1.32510
3157.12769,1.32027
3155.08820,1.31731
3153.04871,1.31542
3151.00922,1.31338
3148.96973,1.30912
3146.93024,1.30422
3144.89076,1.30136
3142.85127,1.29931
3140.81178,1.29618
3138.77229,1.29137
3136.73280,1.28571
3134.69332,1.28182
3132.65383,1.28119
3130.61434,1.28131
3128.57485,1.27854
3126.53536,1.27405
3124.49587,1.27155
3122.45639,1.26963
3120.41690,1.26490
3118.37741,1.25979
3116.33792,1.25671
3114.29843,1.25348
3112.25895,1.24916
3110.21946,1.24544
3108.17997,1.24286
3106.14048,1.24122
3104.10099,1.24086
3102.06150,1.23941
3100.02202,1.23534
3097.98253,1.23132
3095.94304,1.22883
3093.90355,1.22743
3091.86406,1.22708
3089.82458,1.22703
3087.78509,1.22597
3085.74560,1.22379
3083.70611,1.22073
3081.66662,1.21745
3079.62714,1.21494
3077.58765,1.21294
3075.54816,1.21093
3073.50867,1.20849
3071.46918,1.20582
3069.42969,1.20382
3067.39021,1.20141
3065.35072,1.19685
3063.31123,1.19129
3061.27174,1.18768
3059.23225,1.18710
3057.19277,1.18664
3055.15328,1.18397
3053.11379,1.18062
3051.07430,1.17733
3049.03481,1.17371
3046.99532,1.17137
3044.95584,1.16997
3042.91635,1.16710
3040.87686,1.16321
3038.83737,1.15969
3036.79788,1.15684
3034.75840,1.15451
3032.71891,1.15194
3030.67942,1.14970
3028.63993,1.14868
3026.60044,1.14775
3024.56095,1.14583
3022.52147,1.14344
3020.48198,1.14200
3018.44249,1.14139
3016.40300,1.14029
3014.36351,1.13925
3012.32403,1.13970
3010.28454,1.14101
3008.24505,1.14151
3006.20556,1.14068
3004.16607,1.13954
3002.12658,1.13944
3000.08710,1.14073
2998.04761,1.14334
2996.00812,1.14629
2993.96863,1.14829
2991.92914,1.15124
2989.88966,1.15647
2987.85017,1.16279
2985.81068,1.16956
2983.77119,1.17633
2981.73170,1.18320
2979.69221,1.19185
2977.65273,1.20261
2975.61324,1.21301
2973.57375,1.22181
2971.53426,1.23084
2969.49477,1.24023
2967.45529,1.24853
2965.41580,1.25746
2963.37631,1.26675
2961.33682,1.27317
2959.29733,1.27688
2957.25784,1.28042
2955.21836,1.28541
2953.17887,1.28966
2951.13938,1.29209
2949.09989,1.29551
2947.06040,1.30011
2945.02092,1.30480
2942.98143,1.31065
2940.94194,1.31953
2938.90245,1.33043
2936.86296,1.33991
2934.82348,1.34595
2932.78399,1.34876
2930.74450,1.35108
2928.70501,1.35394
2926.66552,1.35681
2924.62603,1.35917
2922.58655,1.35762
2920.54706,1.35256
2918.50757,1.34602
2916.46808,1.33512
2914.42859,1.32022
2912.38911,1.30676
2910.34962,1.29659
2908.31013,1.28795
2906.27064,1.27948
2904.23115,1.27072
2902.19166,1.26379
2900.15218,1.25899
2898.11269,1.25429
2896.07320,1.24989
2894.03371,1.24604
2891.99422,1.24219
2889.95474,1.23726
2887.91525,1.23058
2885.87576,1.22387
2883.83627,1.21855
2881.79678,1.21427
2879.75729,1.21156
2877.71781,1.21070
2875.67832,1.20979
2873.63883,1.20805
2871.59934,1.20533
2869.55985,1.20056
2867.52037,1.19490
2865.48088,1.19048
2863.44139,1.18768
2861.40190,1.18712
2859.36241,1.18869
2857.32292,1.19091
2855.28344,1.19388
2853.24395,1.19733
2851.20446,1.19691
2849.16497,1.18680
2847.12548,1.16645
2845.08600,1.14218
2843.04651,1.11973
2841.00702,1.10112
2838.96753,1.08770
2836.92804,1.07805
2834.88855,1.06865
2832.84907,1.05994
2830.80958,1.05332
2828.77009,1.04662
2826.73060,1.03798
2824.69111,1.02935
2822.65163,1.02322
2820.61214,1.01923
2818.57265,1.01536
2816.53316,1.01061
2814.49367,1.00565
2812.45418,1.00135
2810.41470,0.99764
2808.37521,0.99380
2806.33572,0.98920
2804.29623,0.98459
2802.25674,0.98192
2800.21726,0.98040
2798.17777,0.97741
2796.13828,0.97407
2794.09879,0.97148
2792.05930,0.96866
2790.01982,0.96562
2787.98033,0.96286
2785.94084,0.96057
2783.90135,0.95828
2781.86186,0.95595
2779.82237,0.95426
2777.78289,0.95284
2775.74340,0.95120
2773.70391,0.94950
2771.66442,0.94761
2769.62493,0.94576
2767.58545,0.94454
2765.54596,0.94334
2763.50647,0.94174
2761.46698,0.94018
2759.42749,0.93899
2757.38800,0.93820
2755.34852,0.93735
2753.30903,0.93618
2751.26954,0.93504
2749.23005,0.93427
2747.19056,0.93331
2745.15108,0.93179
2743.11159,0.93037
2741.07210,0.92951
2739.03261,0.92919
2736.99312,0.92867
2734.95363,0.92676
2732.91415,0.92374
2730.87466,0.92137
2728.83517,0.92046
2726.79568,0.92021
2724.75619,0.91964
2722.71671,0.91829
2720.67722,0.91593
2718.63773,0.91322
2716.59824,0.91108
2714.55875,0.90935
2712.51926,0.90743
2710.47978,0.90504
2708.44029,0.90286
2706.40080,0.90167
2704.36131,0.90090
2702.32182,0.89909
2700.28234,0.89602
2698.24285,0.89345
2696.20336,0.89168
2694.16387,0.88951
2692.12438,0.88733
2690.08489,0.88554
2688.04541,0.88378
2686.00592,0.88206
2683.96643,0.88032
2681.92694,0.87851
2679.88745,0.87685
2677.84797,0.87527
2675.80848,0.87325
2673.76899,0.87075
2671.72950,0.86831
2669.69001,0.86620
2667.65052,0.86450
2665.61104,0.86251
2663.57155,0.86005
2661.53206,0.85803
2659.49257,0.85663
2657.45308,0.85517
2655.41360,0.85332
2653.37411,0.85145
2651.33462,0.84959
2649.29513,0.84716
2647.25564,0.84449
2645.21616,0.84259
2643.17667,0.84121
2641.13718,0.83915
2639.09769,0.83653
2637.05820,0.83476
2635.01871,0.83367
2632.97923,0.83185
2630.93974,0.82968
2628.90025,0.82785
2626.86076,0.82602
2624.82127,0.82423
2622.78179,0.82242
2620.74230,0.82053
2618.70281,0.81874
2616.66332,0.81664
2614.62383,0.81402
2612.58434,0.81119
2610.54486,0.80878
2608.50537,0.80732
2606.46588,0.80621
2604.42639,0.80463
2602.38690,0.80254
2600.34742,0.80053
2598.30793,0.79926
2596.26844,0.79845
2594.22895,0.79703
2592.18946,0.79475
2590.14997,0.79245
2588.11049,0.79072
2586.07100,0.78925
2584.03151,0.78762
2581.99202,0.78593
2579.95253,0.78443
2577.91305,0.78304
2575.87356,0.78167
2573.83407,0.78053
2571.79458,0.77969
2569.75509,0.77850
2567.71560,0.77675
2565.67612,0.77525
2563.63663,0.77413
2561.59714,0.77285
2559.55765,0.77130
2557.51816,0.76960
2555.47868,0.76777
2553.43919,0.76595
2551.39970,0.76432
2549.36021,0.76287
2547.32072,0.76162
2545.28123,0.76061
2543.24175,0.75960
2541.20226,0.75834
2539.16277,0.75671
2537.12328,0.75492
2535.08379,0.75344
2533.04431,0.75229
2531.00482,0.75082
2528.96533,0.74899
2526.92584,0.74740
2524.88635,0.74583
2522.84686,0.74408
2520.80738,0.74219
2518.76789,0.73990
2516.72840,0.73807
2514.68891,0.73736
2512.64942,0.73642
2510.60994,0.73502
2508.57045,0.73377
2506.53096,0.73202
2504.49147,0.72954
2502.45198,0.72734
2500.41250,0.72580
2498.37301,0.72404
2496.33352,0.72185
2494.29403,0.71995
2492.25454,0.71821
2490.21505,0.71621
2488.17557,0.71450
2486.13608,0.71335
2484.09659,0.71184
2482.05710,0.70955
2480.01761,0.70750
2477.97813,0.70610
2475.93864,0.70452
2473.89915,0.70262
2471.85966,0.70069
2469.82017,0.69851
2467.78068,0.69658
2465.74120,0.69528
2463.70171,0.69380
2461.66222,0.69176
2459.62273,0.68972
2457.58324,0.68787
2455.54376,0.68598
2453.50427,0.68405
2451.46478,0.68224
2449.42529,0.68064
2447.38580,0.67893
2445.34631,0.67695
2443.30683,0.67498
2441.26734,0.67320
2439.22785,0.67169
2437.18836,0.67025
2435.14887,0.66854
2433.10939,0.66661
2431.06990,0.66475
2429.03041,0.66313
2426.99092,0.66141
2424.95143,0.65944
2422.91194,0.65757
2420.87246,0.65593
2418.83297,0.65419
2416.79348,0.65229
2414.75399,0.65057
2412.71450,0.64898
2410.67502,0.64736
2408.63553,0.64585
2406.59604,0.64440
2404.55655,0.64292
2402.51706,0.64132
2400.47757,0.63957
2398.43809,0.63827
2396.39860,0.63746
2394.35911,0.63665
2392.31962,0.63557
2390.28013,0.63447
2388.24065,0.63351
2386.20116,0.63276
2384.16167,0.63245
2382.12218,0.63278
2380.08269,0.63334
2378.04320,0.63353
2376.00372,0.63336
2373.96423,0.63323
2371.92474,0.63304
2369.88525,0.63259
2367.84576,0.63260
2365.80628,0.63347
2363.76679,0.63368
2361.72730,0.63187
2359.68781,0.62920
2357.64832,0.62713
2355.60884,0.62540
2353.56935,0.62304
2351.52986,0.62060
2349.49037,0.62021
2347.45088,0.62240
2345.41139,0.62456
2343.37191,0.62405
2341.33242,0.62136
2339.29293,0.61874
2337.25344,0.61744
2335.21395,0.61707
2333.17447,0.61656
2331.13498,0.61547
2329.09549,0.61400
2327.05600,0.61259
2325.01651,0.61170
2322.97702,0.61104
2320.93754,0.60966
2318.89805,0.60753
2316.85856,0.60590
2314.81907,0.60503
2312.77958,0.60410
2310.74010,0.60299
2308.70061,0.60208
2306.66112,0.60131
2304.62163,0.60051
2302.58214,0.59965
2300.54265,0.59874
2298.50317,0.59790
2296.46368,0.59707
2294.42419,0.59629
2292.38470,0.59575
2290.34521,0.59524
2288.30573,0.59461
2286.26624,0.59412
2284.22675,0.59381
2282.18726,0.59340
2280.14777,0.59277
2278.10828,0.59221
2276.06880,0.59191
2274.02931,0.59171
2271.98982,0.59148
2269.95033,0.59118
2267.91084,0.59074
2265.87136,0.59033
2263.83187,0.59019
2261.79238,0.59025
2259.75289,0.59026
2257.71340,0.59002
2255.67391,0.58968
2253.63443,0.58954
2251.59494,0.58942
2249.55545,0.58927
2247.51596,0.58943
2245.47647,0.58950
2243.43699,0.58929
2241.39750,0.58927
2239.35801,0.58940
2237.31852,0.58946
2235.27903,0.58961
2233.23954,0.58968
2231.20006,0.58959
2229.16057,0.58967
2227.12108,0.58989
2225.08159,0.59017
2223.04210,0.59046
2221.00262,0.59048
2218.96313,0.59052
2216.92364,0.59096
2214.88415,0.59132
2212.84466,0.59129
2210.80518,0.59118
2208.76569,0.59129
2206.72620,0.59154
2204.68671,0.59163
2202.64722,0.59154
2200.60773,0.59161
2198.56825,0.59198
2196.52876,0.59255
2194.48927,0.59326
2192.44978,0.59390
2190.41029,0.59447
2188.37081,0.59508
2186.33132,0.59554
2184.29183,0.59595
2182.25234,0.59673
2180.21285,0.59763
2178.17336,0.59818
2176.13388,0.59852
2174.09439,0.59903
2172.05490,0.59971
2170.01541,0.60039
2167.97592,0.60095
2165.93644,0.60153
2163.89695,0.60201
2161.85746,0.60204
2159.81797,0.60208
2157.77848,0.60262
2155.73899,0.60316
2153.69951,0.60327
2151.66002,0.60351
2149.62053,0.60426
2147.58104,0.60474
2145.54155,0.60463
2143.50207,0.60444
2141.46258,0.60429
2139.42309,0.60399
2137.38360,0.60362
2135.34411,0.60348
2133.30462,0.60355
2131.26514,0.60364
2129.22565,0.60355
2127.18616,0.60323
2125.14667,0.60291
2123.10718,0.60278
2121.06770,0.60263
2119.02821,0.60214
2116.98872,0.60133
2114.94923,0.60048
2112.90974,0.59969
2110.87025,0.59894
2108.83077,0.59853
2106.79128,0.59837
2104.75179,0.59796
2102.71230,0.59742
2100.67281,0.59699
2098.63333,0.59657
2096.59384,0.59596
2094.55435,0.59510
2092.51486,0.59442
2090.47537,0.59444
2088.43588,0.59467
2086.39640,0.59428
2084.35691,0.59358
2082.31742,0.59312
2080.27793,0.59282
2078.23844,0.59255
2076.19896,0.59224
2074.15947,0.59182
2072.11998,0.59146
2070.08049,0.59157
2068.04100,0.59211
2066.00152,0.59227
2063.96203,0.59173
2061.92254,0.59125
2059.88305,0.59110
2057.84356,0.59093
2055.80407,0.59071
2053.76459,0.59041
2051.72510,0.58978
2049.68561,0.58901
2047.64612,0.58825
2045.60663,0.58764
2043.56715,0.58743
2041.52766,0.58732
2039.48817,0.58688
2037.44868,0.58634
2035.40919,0.58613
2033.36970,0.58588
2031.33022,0.58504
2029.29073,0.58376
2027.25124,0.58249
2025.21175,0.58143
2023.17226,0.58066
2021.13278,0.58020
2019.09329,0.57963
2017.05380,0.57852
2015.01431,0.57716
2012.97482,0.57605
2010.93533,0.57522
2008.89585,0.57457
2006.85636,0.57399
2004.81687,0.57332
2002.77738,0.57282
2000.73789,0.57259
1998.69841,0.57220
1996.65892,0.57156
1994.61943,0.57133
1992.57994,0.57150
1990.54045,0.57123
1988.50096,0.57048
1986.46148,0.56988
1984.42199,0.56965
1982.38250,0.56956
1980.34301,0.56932
1978.30352,0.56912
1976.26404,0.56915
1974.22455,0.56921
1972.18506,0.56926
1970.14557,0.56954
1968.10608,0.56981
1966.06659,0.56970
1964.02711,0.56938
1961.98762,0.56905
1959.94813,0.56882
1957.90864,0.56891
1955.86915,0.56907
1953.82967,0.56898
1951.79018,0.56877
1949.75069,0.56866
1947.71120,0.56877
1945.67171,0.56924
1943.63222,0.56976
1941.59274,0.56957
1939.55325,0.56898
1937.51376,0.56865
1935.47427,0.56841
1933.43478,0.56831
1931.39530,0.56866
1929.35581,0.56919
1927.31632,0.56968
1925.27683,0.57023
1923.23734,0.57060
1921.19786,0.57105
1919.15837,0.57182
1917.11888,0.57211
1915.07939,0.57232
1913.03990,0.57331
1911.00041,0.57425
1908.96093,0.57444
1906.92144,0.57441
1904.88195,0.57473
1902.84246,0.57546
1900.80297,0.57647
1898.76349,0.57753
1896.72400,0.57848
1894.68451,0.57936
1892.64502,0.58059
1890.60553,0.58191
1888.56604,0.58233
1886.52656,0.58219
1884.48707,0.58247
1882.44758,0.58336
1880.40809,0.58451
1878.36860,0.58548
1876.32912,0.58652
1874.28963,0.58823
1872.25014,0.59076
1870.21065,0.59315
1868.17116,0.59380
1866.13167,0.59322
1864.09219,0.59336
1862.05270,0.59435
1860.01321,0.59544
1857.97372,0.59657
1855.93423,0.59785
1853.89475,0.59914
1851.85526,0.60051
1849.81577,0.60254
1847.77628,0.60576
1845.73679,0.60929
1843.69730,0.61116
1841.65782,0.61168
1839.61833,0.61302
1837.57884,0.61556
1835.53935,0.61856
1833.49986,0.62212
1831.46038,0.62625
1829.42089,0.62995
1827.38140,0.63308
1825.34191,0.63635
1823.30242,0.63973
1821.26293,0.64324
1819.22345,0.64710
1817.18396,0.65146
1815.14447,0.65670
1813.10498,0.66295
1811.06549,0.66952
1809.02601,0.67572
1806.98652,0.68195
1804.94703,0.68908
1802.90754,0.69721
1800.86805,0.70544
1798.82856,0.71347
1796.78908,0.72266
1794.74959,0.73377
1792.71010,0.74533
1790.67061,0.75544
1788.63112,0.76486
1786.59164,0.77565
1784.55215,0.78806
1782.51266,0.80143
1780.47317,0.81566
1778.43368,0.83087
1776.39420,0.84755
1774.35471,0.86732
1772.31522,0.89124
1770.27573,0.91714
1768.23624,0.94323
1766.19675,0.97074
1764.15727,1.00151
1762.11778,1.03685
1760.07829,1.07372
1758.03880,1.10889
1755.99931,1.14339
1753.95983,1.17684
1751.92034,1.20927
1749.88085,1.24143
1747.84136,1.27158
1745.80187,1.29828
1743.76238,1.32124
1741.72290,1.33961
1739.68341,1.35351
1737.64392,1.36380
1735.60443,1.36942
1733.56494,1.36786
1731.52546,1.36136
1729.48597,1.35325
1727.44648,1.34325
1725.40699,1.33223
1723.36750,1.32259
1721.32801,1.31681
1719.28853,1.31317
1717.24904,1.30523
1715.20955,1.29141
1713.17006,1.27895
1711.13057,1.27271
1709.09109,1.27274
1707.05160,1.27695
1705.01211,1.28304
1702.97262,1.29165
1700.93313,1.30552
1698.89364,1.32439
1696.85416,1.34434
1694.81467,1.36319
1692.77518,1.38192
1690.73569,1.40255
1688.69620,1.42458
1686.65672,1.44785
1684.61723,1.47258
1682.57774,1.49390
1680.53825,1.51063
1678.49876,1.52759
1676.45927,1.54648
1674.41979,1.56525
1672.38030,1.58171
1670.34081,1.59424
1668.30132,1.60214
1666.26183,1.60865
1664.22235,1.61609
1662.18286,1.62314
1660.14337,1.62898
1658.10388,1.63404
1656.06439,1.63906
1654.02490,1.64313
1651.98542,1.64374
1649.94593,1.64388
1647.90644,1.64359
1645.86695,1.63940
1643.82746,1.63420
1641.78798,1.63202
1639.74849,1.63189
1637.70900,1.62890
1635.66951,1.62000
1633.63002,1.61353
1631.59054,1.61505
1629.55105,1.61822
1627.51156,1.61897
1625.47207,1.61777
1623.43258,1.61424
1621.39309,1.61006
1619.35361,1.60794
1617.31412,1.60839
1615.27463,1.61057
1613.23514,1.61073
1611.19565,1.60811
1609.15617,1.60744
1607.11668,1.60913
1605.07719,1.60808
1603.03770,1.60268
1600.99821,1.59473
1598.95872,1.58661
1596.91924,1.58003
1594.87975,1.57314
1592.84026,1.56492
1590.80077,1.55681
1588.76128,1.54762
1586.72180,1.53717
1584.68231,1.52885
1582.64282,1.52193
1580.60333,1.51214
1578.56384,1.49924
1576.52435,1.48591
1574.48487,1.47690
1572.44538,1.47297
1570.40589,1.46798
1568.36640,1.46027
1566.32691,1.45435
1564.28743,1.45130
1562.24794,1.44798
1560.20845,1.44104
1558.16896,1.43468
1556.12947,1.43665
1554.08998,1.44208
1552.05050,1.44521
1550.01101,1.44411
1547.97152,1.43998
1545.93203,1.43576
1543.89254,1.43213
1541.85306,1.42758
1539.81357,1.42238
1537.77408,1.42041
1535.73459,1.42032
1533.69510,1.41780
1531.65561,1.41404
1529.61613,1.41242
1527.57664,1.41263
1525.53715,1.41321
1523.49766,1.41210
1521.45817,1.40852
1519.41869,1.40615
1517.37920,1.40638
1515.33971,1.40632
1513.30022,1.40484
1511.26073,1.40169
1509.22124,1.39304
1507.18176,1.37546
1505.14227,1.35727
1503.10278,1.34785
1501.06329,1.34269
1499.02380,1.33470
1496.98432,1.32236
1494.94483,1.31101
1492.90534,1.30445
1490.86585,1.30088
1488.82636,1.29846
1486.78688,1.29768
1484.74739,1.30009
1482.70790,1.30652
1480.66841,1.31694
1478.62892,1.33088
1476.58943,1.34800
1474.54995,1.36930
1472.51046,1.39489
1470.47097,1.41907
1468.43148,1.43647
1466.39199,1.44868
1464.35251,1.45996
1462.31302,1.47197
1460.27353,1.48206
1458.23404,1.48749
1456.19455,1.49044
1454.15506,1.49511
1452.11558,1.50040
1450.07609,1.50516
1448.03660,1.50983
1445.99711,1.51354
1443.95762,1.51548
1441.91814,1.51773
1439.87865,1.52233
1437.83916,1.52648
1435.79967,1.52712
1433.76018,1.52701
1431.72069,1.52891
1429.68121,1.53238
1427.64172,1.53641
1425.60223,1.53993
1423.56274,1.54063
1421.52325,1.53766
1419.48377,1.53409
1417.44428,1.53311
1415.40479,1.53391
1413.36530,1.53359
1411.32581,1.53101
1409.28632,1.52881
1407.24684,1.52974
1405.20735,1.53162
1403.16786,1.53120
1401.12837,1.52891
1399.08888,1.52719
1397.04940,1.52778
1395.00991,1.52911
1392.97042,1.52948
1390.93093,1.53238
1388.89144,1.53880
1386.85195,1.54342
1384.81247,1.54420
1382.77298,1.54438
1380.73349,1.54570
1378.69400,1.54766
1376.65451,1.54867
1374.61503,1.54908
1372.57554,1.55076
1370.53605,1.55034
1368.49656,1.54265
1366.45707,1.53012
1364.41758,1.51782
1362.37810,1.50729
1360.33861,1.49892
1358.29912,1.49277
1356.25963,1.48927
1354.22014,1.48768
1352.18066,1.48605
1350.14117,1.48425
1348.10168,1.48279
1346.06219,1.48197
1344.02270,1.48292
1341.98322,1.48605
1339.94373,1.49064
1337.90424,1.49500
1335.86475,1.49713
1333.82526,1.49797
1331.78577,1.49917
1329.74629,1.50021
1327.70680,1.50048
1325.66731,1.50115
1323.62782,1.50268
1321.58833,1.50332
1319.54885,1.50260
1317.50936,1.50237
1315.46987,1.50209
1313.43038,1.49831
1311.39089,1.49070
1309.35140,1.48350
1307.31192,1.47918
1305.27243,1.47635
1303.23294,1.47386
1301.19345,1.47197
1299.15396,1.47182
1297.11448,1.47389
1295.07499,1.47629
1293.03550,1.47862
1290.99601,1.48353
1288.95652,1.49133
1286.91703,1.49797
1284.87755,1.50019
1282.83806,1.50015
1280.79857,1.50343
1278.75908,1.50981
1276.71959,1.51475
1274.68011,1.51913
1272.64062,1.52627
1270.60113,1.53596
1268.56164,1.54270
1266.52215,1.54279
1264.48266,1.53963
1262.44318,1.53751
1260.40369,1.53773
1258.36420,1.53978
1256.32471,1.54223
1254.28522,1.54380
1252.24574,1.54598
1250.20625,1.54826
1248.16676,1.54717
1246.12727,1.54577
1244.08778,1.54684
1242.04829,1.54579
1240.00881,1.54103
1237.96932,1.53487
1235.92983,1.52964
1233.89034,1.52737
1231.85085,1.52457
1229.81137,1.51675
1227.77188,1.50626
1225.73239,1.49708
1223.69290,1.48979
1221.65341,1.48295
1219.61392,1.47494
1217.57444,1.46741
1215.53495,1.46228
1213.49546,1.45620
1211.45597,1.44906
1209.41648,1.44620
1207.37700,1.44738
1205.33751,1.44751
1203.29802,1.44600
1201.25853,1.44391
1199.21904,1.44053
1197.17956,1.43679
1195.14007,1.43450
1193.10058,1.43608
1191.06109,1.44019
1189.02160,1.44470
1186.98211,1.45250
1184.94263,1.46331
1182.90314,1.47469
1180.86365,1.48913
1178.82416,1.50758
1176.78467,1.52682
1174.74519,1.54567
1172.70570,1.56321
1170.66621,1.57796
1168.62672,1.59148
1166.58723,1.60422
1164.54774,1.61279
1162.50826,1.61682
1160.46877,1.61836
1158.42928,1.61682
1156.38979,1.61225
1154.35030,1.60982
1152.31082,1.61230
1150.27133,1.61339
1148.23184,1.61042
1146.19235,1.60968
1144.15286,1.61656
1142.11337,1.62633
1140.07389,1.62743
1138.03440,1.61952
1135.99491,1.61577
1133.95542,1.62665
1131.91593,1.64314
1129.87645,1.65349
1127.83696,1.66058
1125.79747,1.66492
1123.75798,1.66841
1121.71849,1.67593
1119.67900,1.68234
1117.63952,1.68529
1115.60003,1.69230
1113.56054,1.70272
1111.52105,1.70734
1109.48156,1.70595
1107.44208,1.70114
1105.40259,1.69635
1103.36310,1.69370
1101.32361,1.69251
1099.28412,1.69273
1097.24463,1.69250
1095.20515,1.69048
1093.16566,1.69045
1091.12617,1.69147
1089.08668,1.68947
1087.04719,1.68829
1085.00771,1.69562
1082.96822,1.70773
1080.92873,1.71072
1078.88924,1.70460
1076.84975,1.69827
1074.81027,1.69421
1072.77078,1.68728
1070.73129,1.67362
1068.69180,1.66348
1066.65231,1.66335
1064.61282,1.66548
1062.57334,1.66363
1060.53385,1.65911
1058.49436,1.65230
1056.45487,1.64010
1054.41538,1.62847
1052.37590,1.62584
1050.33641,1.62761
1048.29692,1.62472
1046.25743,1.61804
1044.21794,1.61306
1042.17845,1.61011
1040.13897,1.60496
1038.09948,1.59412
1036.05999,1.58321
1034.02050,1.57480
1031.98101,1.56400
1029.94153,1.55116
1027.90204,1.54026
1025.86255,1.53119
1023.82306,1.52307
1021.78357,1.51591
1019.74408,1.50507
1017.70460,1.48861
1015.66511,1.47441
1013.62562,1.46582
1011.58613,1.45673
1009.54664,1.44465
1007.50716,1.43294
1005.46767,1.42360
1003.42818,1.41651
1001.38869,1.40927
999.34920,1.39978
997.30971,1.38916
995.27023,1.37745
993.23074,1.36451
991.19125,1.35291
989.15176,1.34144
987.11227,1.32725
985.07279,1.31262
983.03330,1.29853
980.99381,1.28508
978.95432,1.27357
976.91483,1.26333
974.87534,1.25536
972.83586,1.24953
970.79637,1.24364
968.75688,1.23823
966.71739,1.23215
964.67790,1.22346
962.63842,1.21353
960.59893,1.20521
958.55944,1.19993
956.51995,1.19564
954.48046,1.18946
952.44097,1.18068
950.40149,1.17133
948.36200,1.16384
946.32251,1.15722
944.28302,1.14943
942.24353,1.14263
940.20405,1.13853
938.16456,1.13426
936.12507,1.13062
934.08558,1.13052
932.04609,1.13278
930.00661,1.13596
927.96712,1.13919
925.92763,1.14152
923.88814,1.14440
921.84865,1.14903
919.80916,1.15239
917.76968,1.15370
915.73019,1.15585
913.69070,1.15791
911.65121,1.15768
909.61172,1.15703
907.57224,1.15934
905.53275,1.16523
903.49326,1.17282
901.45377,1.18030
899.41428,1.18755
897.37479,1.19289
895.33531,1.19366
893.29582,1.19108
891.25633,1.18711
889.21684,1.18264
887.17735,1.17854
885.13787,1.17528
883.09838,1.17421
881.05889,1.17576
879.01940,1.17692
876.97991,1.17581
874.94042,1.17459
872.90094,1.17415
870.86145,1.17374
868.82196,1.17399
866.78247,1.17413
864.74298,1.17213
862.70350,1.16975
860.66401,1.17003
858.62452,1.17306
856.58503,1.17780
854.54554,1.18224
852.50605,1.18382
850.46657,1.18408
848.42708,1.18778
846.38759,1.19604
844.34810,1.20701
842.30861,1.21932
840.26913,1.23133
838.22964,1.24143
836.19015,1.24910
834.15066,1.25472
832.11117,1.25682
830.07168,1.25609
828.03220,1.25608
825.99271,1.25733
823.95322,1.26096
821.91373,1.26704
819.87424,1.27262
817.83476,1.27739
815.79527,1.28151
813.75578,1.28310
811.71629,1.28237
809.67680,1.28165
807.63731,1.28241
805.59783,1.28444
803.55834,1.28609
801.51885,1.28766
799.47936,1.29172
797.43987,1.29855
795.40039,1.30346
793.36090,1.30497
791.32141,1.30875
789.28192,1.31595
787.24243,1.32363
785.20295,1.33084
783.16346,1.33752
781.12397,1.34281
779.08448,1.34299
777.04499,1.33998
775.00550,1.34077
772.96602,1.34375
770.92653,1.34647
768.88704,1.35505
766.84755,1.36816
764.80806,1.37351
762.76858,1.36835
760.72909,1.36165
758.68960,1.35912
756.65011,1.36062
754.61062,1.36429
752.57113,1.36725
750.53165,1.36920
748.49216,1.37366
746.45267,1.37973
744.41318,1.38079
742.37369,1.37737
740.33421,1.37783
738.29472,1.38557
736.25523,1.39400
734.21574,1.40180
732.17625,1.41624
730.13676,1.42873
728.09728,1.43050
726.05779,1.43124
724.01830,1.43601
721.97881,1.43942
719.93932,1.44103
717.89984,1.44539
715.86035,1.44952
713.82086,1.45071
711.78137,1.45361
709.74188,1.45882
707.70239,1.46132
705.66291,1.46065
703.62342,1.46047
701.58393,1.46395
699.54444,1.47353
697.50495,1.48502
695.46547,1.48947
693.42598,1.48460
691.38649,1.47633
689.34700,1.47325
687.30751,1.47977
685.26802,1.49021
683.22854,1.49754
681.18905,1.50475
679.14956,1.51823
677.11007,1.53436
675.07058,1.54204
673.03110,1.53942
670.99161,1.53516
668.95212,1.53079
666.91263,1.52128
664.87314,1.51332
662.83365,1.51452
660.79417,1.51790
658.75468,1.51577
656.71519,1.50900
654.67570,1.49961
652.63621,1.48963
650.59673,1.48568
648.55724,1.49307
646.51775,1.50606
644.47826,1.51500
642.43877,1.51666
640.39929,1.51697
638.35980,1.52769
636.32031,1.54291
634.28082,1.54348
632.24133,1.53333
630.20184,1.52538
628.16236,1.51674
626.12287,1.50678
624.08338,1.50336
622.04389,1.49393
620.00440,1.49432
617.96492,1.50995
615.92543,1.51147
613.88594,1.51553
611.84645,1.53125
609.80696,1.52438
607.76747,1.50792
605.72799,1.51398
603.68850,1.53699
601.64901,1.56024
599.60952,1.55577
597.57003,1.51503
595.53055,1.47882
593.49106,1.48039
591.45157,1.51209
589.41208,1.53165
587.37259,1.51293
585.33310,1.48685
583.29362,1.48327
581.25413,1.48872
579.21464,1.50579
577.17515,1.50844
575.13566,1.48060
573.09618,1.49101
571.05669,1.54618
569.01720,1.57564
566.97771,1.55203
564.93822,1.52158
562.89873,1.52434
560.85925,1.54352
558.81976,1.54572
556.78027,1.51668
554.74078,1.48347
552.70129,1.44855
550.66181,1.43427
548.62232,1.46690
546.58283,1.51675
544.54334,1.54086
542.50385,1.53636
540.46436,1.52781
538.42488,1.53931
536.38539,1.58060
534.34590,1.59366
532.30641,1.54094
530.26692,1.47789
528.22744,1.47113
526.18795,1.52371
524.14846,1.53899
522.10897,1.58062
520.06948,1.71901
518.02999,1.65622
515.99051,1.35015
513.95102,1.24849
511.91153,1.39830
509.87204,1.61027
507.83255,1.43534
505.79307,1.29836
503.75358,1.26360
501.71409,1.17946
499.67460,0.92708
