3997.39681,0.32822
3995.35732,0.32822
3993.31783,0.32781
3991.27835,0.32723
3989.23886,0.32700
3987.19937,0.32718
3985.15988,0.32730
3983.12039,0.32662
3981.08091,0.32534
3979.04142,0.32492
3977.00193,0.32554
3974.96244,0.32547
3972.92295,0.32418
3970.88346,0.32267
3968.84398,0.32166
3966.80449,0.32134
3964.76500,0.32118
3962.72551,0.32053
3960.68602,0.31974
3958.64654,0.31903
3956.60705,0.31813
3954.56756,0.31739
3952.52807,0.31739
3950.48858,0.31774
3948.44909,0.31752
3946.40961,0.31665
3944.37012,0.31576
3942.33063,0.31506
3940.29114,0.31421
3938.25165,0.31312
3936.21217,0.31238
3934.17268,0.31222
3932.13319,0.31185
3930.09370,0.31108
3928.05421,0.31039
3926.01473,0.30946
3923.97524,0.30802
3921.93575,0.30699
3919.89626,0.30674
3917.85677,0.30632
3915.81728,0.30499
3913.77780,0.30317
3911.73831,0.30174
3909.69882,0.30137
3907.65933,0.30206
3905.61984,0.30240
3903.58036,0.30099
3901.54087,0.29824
3899.50138,0.29567
3897.46189,0.29456
3895.42240,0.29511
3893.38291,0.29579
3891.34343,0.29537
3889.30394,0.29512
3887.26445,0.29574
3885.22496,0.29562
3883.18547,0.29468
3881.14599,0.29386
3879.10650,0.29300
3877.06701,0.29235
3875.02752,0.29189
3872.98803,0.29109
3870.94854,0.28986
3868.90906,0.28880
3866.86957,0.28854
3864.83008,0.28822
3862.79059,0.28751
3860.75110,0.28761
3858.71162,0.28885
3856.67213,0.29008
3854.63264,0.28900
3852.59315,0.28494
3850.55366,0.28207
3848.51417,0.28251
3846.47469,0.28450
3844.43520,0.28613
3842.39571,0.28663
3840.35622,0.28607
3838.31673,0.28482
3836.27725,0.28373
3834.23776,0.28322
3832.19827,0.28304
3830.15878,0.28332
3828.11929,0.28412
3826.07980,0.28509
3824.04032,0.28570
3822.00083,0.28512
3819.96134,0.28379
3817.92185,0.28318
3815.88236,0.28289
3813.84288,0.28293
3811.80339,0.28406
3809.76390,0.28563
3807.72441,0.28655
3805.68492,0.28693
3803.64543,0.28707
3801.60595,0.28603
3799.56646,0.28444
3797.52697,0.28410
3795.48748,0.28518
3793.44799,0.28693
3791.40851,0.28854
3789.36902,0.28969
3787.32953,0.29059
3785.29004,0.29130
3783.25055,0.29181
3781.21107,0.29204
3779.17158,0.29193
3777.13209,0.29230
3775.09260,0.29372
3773.05311,0.29529
3771.01362,0.29592
3768.97414,0.29587
3766.93465,0.29620
3764.89516,0.29739
3762.85567,0.29934
3760.81618,0.30135
3758.77670,0.30275
3756.73721,0.30401
3754.69772,0.30527
3752.65823,0.30525
3750.61874,0.30395
3748.57925,0.30417
3746.53977,0.30635
3744.50028,0.30824
3742.46079,0.31001
3740.42130,0.31303
3738.38181,0.31617
3736.34233,0.31743
3734.30284,0.31725
3732.26335,0.31815
3730.22386,0.32118
3728.18437,0.32509
3726.14488,0.32798
3724.10540,0.32955
3722.06591,0.33099
3720.02642,0.33305
3717.98693,0.33589
3715.94744,0.33947
3713.90796,0.34321
3711.86847,0.34648
3709.82898,0.34953
3707.78949,0.35349
3705.75000,0.35895
3703.71051,0.36504
3701.67103,0.37045
3699.63154,0.37545
3697.59205,0.38120
3695.55256,0.38758
3693.51307,0.39390
3691.47359,0.39997
3689.43410,0.40581
3687.39461,0.41200
3685.35512,0.41953
3683.31563,0.42841
3681.27614,0.43786
3679.23666,0.44777
3677.19717,0.45933
3675.15768,0.47272
3673.11819,0.48618
3671.07870,0.49944
3669.03922,0.51299
3666.99973,0.52613
3664.96024,0.53919
3662.92075,0.55316
3660.88126,0.56784
3658.84177,0.58220
3656.80229,0.59622
3654.76280,0.61084
3652.72331,0.62687
3650.68382,0.64418
3648.64433,0.66065
3646.60485,0.67467
3644.56536,0.68785
3642.52587,0.70246
3640.48638,0.71823
3638.44689,0.73296
3636.40741,0.74617
3634.36792,0.75998
3632.32843,0.77557
3630.28894,0.79036
3628.24945,0.80139
3626.20996,0.81139
3624.17048,0.82447
3622.13099,0.83944
3620.09150,0.85370
3618.05201,0.86768
3616.01252,0.88256
3613.97304,0.89693
3611.93355,0.90953
3609.89406,0.92113
3607.85457,0.93249
3605.81508,0.94428
3603.77559,0.95687
3601.73611,0.96928
3599.69662,0.98091
3597.65713,0.99289
3595.61764,1.00546
3593.57815,1.01708
3591.53867,1.02741
3589.49918,1.03799
3587.45969,1.05008
3585.42020,1.06286
3583.38071,1.07510
3581.34122,1.08814
3579.30174,1.10258
3577.26225,1.11547
3575.22276,1.12627
3573.18327,1.13749
3571.14378,1.14917
3569.10430,1.16015
3567.06481,1.16996
3565.02532,1.17954
3562.98583,1.19065
3560.94634,1.20306
3558.90685,1.21523
3556.86737,1.22615
3554.82788,1.23553
3552.78839,1.24412
3550.74890,1.25314
3548.70941,1.26236
3546.66993,1.27128
3544.63044,1.28030
3542.59095,1.28921
3540.55146,1.29806
3538.51197,1.30801
3536.47248,1.31777
3534.43300,1.32352
3532.39351,1.32525
3530.35402,1.32744
3528.31453,1.33318
3526.27504,1.34261
3524.23556,1.35429
3522.19607,1.36537
3520.15658,1.37313
3518.11709,1.37771
3516.07760,1.38315
3514.03811,1.39307
3511.99863,1.40309
3509.95914,1.40841
3507.91965,1.41358
3505.88016,1.42004
3503.84067,1.42349
3501.80119,1.42627
3499.76170,1.43246
3497.72221,1.43965
3495.68272,1.44475
3493.64323,1.44918
3491.60375,1.45388
3489.56426,1.45877
3487.52477,1.46801
3485.48528,1.47877
3483.44579,1.48218
3481.40630,1.48235
3479.36682,1.48603
3477.32733,1.49260
3475.28784,1.50057
3473.24835,1.50655
3471.20886,1.50906
3469.16938,1.51049
3467.12989,1.51237
3465.09040,1.51637
3463.05091,1.52089
3461.01142,1.52067
3458.97193,1.51768
3456.93245,1.52157
3454.89296,1.53347
3452.85347,1.54114
3450.81398,1.54124
3448.77449,1.54346
3446.73501,1.54727
3444.69552,1.54515
3442.65603,1.54278
3440.61654,1.54787
3438.57705,1.55451
3436.53756,1.55760
3434.49808,1.56215
3432.45859,1.56734
3430.41910,1.56760
3428.37961,1.56455
3426.34012,1.56039
3424.30064,1.56029
3422.26115,1.56964
3420.22166,1.58018
3418.18217,1.58167
3416.14268,1.57505
3414.10319,1.56930
3412.06371,1.57804
3410.02422,1.59068
3407.98473,1.58501
3405.94524,1.58063
3403.90575,1.59206
3401.86627,1.59526
3399.82678,1.58641
3397.78729,1.58561
3395.74780,1.58921
3393.70831,1.58621
3391.66882,1.58514
3389.62934,1.59178
3387.58985,1.59780
3385.55036,1.59789
3383.51087,1.59589
3381.47138,1.59498
3379.43190,1.59540
3377.39241,1.59654
3375.35292,1.59763
3373.31343,1.59892
3371.27394,1.60250
3369.23446,1.60716
3367.19497,1.60557
3365.15548,1.59776
3363.11599,1.59173
3361.07650,1.58799
3359.03701,1.58383
3356.99753,1.58350
3354.95804,1.58986
3352.91855,1.59986
3350.87906,1.60853
3348.83957,1.61114
3346.80009,1.61027
3344.76060,1.61177
3342.72111,1.61330
3340.68162,1.61088
3338.64213,1.60760
3336.60264,1.60425
3334.56316,1.59459
3332.52367,1.58133
3330.48418,1.57868
3328.44469,1.58679
3326.40520,1.59315
3324.36572,1.59531
3322.32623,1.59477
3320.28674,1.59205
3318.24725,1.58908
3316.20776,1.58741
3314.16827,1.58695
3312.12879,1.58545
3310.08930,1.58422
3308.04981,1.58348
3306.01032,1.58094
3303.97083,1.57835
3301.93135,1.57384
3299.89186,1.56739
3297.85237,1.56606
3295.81288,1.56815
3293.77339,1.56720
3291.73390,1.56534
3289.69442,1.56631
3287.65493,1.56833
3285.61544,1.56818
3283.57595,1.56531
3281.53646,1.56033
3279.49698,1.55377
3277.45749,1.54525
3275.41800,1.53787
3273.37851,1.53516
3271.33902,1.53375
3269.29953,1.53193
3267.26005,1.53250
3265.22056,1.53283
3263.18107,1.52810
3261.14158,1.52056
3259.10209,1.51225
3257.06261,1.50408
3255.02312,1.50045
3252.98363,1.49944
3250.94414,1.49619
3248.90465,1.49335
3246.86516,1.49277
3244.82568,1.49224
3242.78619,1.49078
3240.74670,1.48721
3238.70721,1.48088
3236.66772,1.47467
3234.62824,1.47148
3232.58875,1.47054
3230.54926,1.46892
3228.50977,1.46529
3226.47028,1.46078
3224.43080,1.45538
3222.39131,1.44842
3220.35182,1.44379
3218.31233,1.44453
3216.27284,1.44687
3214.23335,1.44472
3212.19387,1.43597
3210.15438,1.42480
3208.11489,1.41756
3206.07540,1.41687
3204.03591,1.41922
3201.99643,1.42005
3199.95694,1.41926
3197.91745,1.41688
3195.87796,1.41086
3193.83847,1.40329
3191.79898,1.39651
3189.75950,1.39140
3187.72001,1.38976
3185.68052,1.38854
3183.64103,1.38423
3181.60154,1.37925
3179.56206,1.37582
3177.52257,1.37208
3175.48308,1.36648
3173.44359,1.36111
3171.40410,1.35757
3169.36461,1.35580
3167.32513,1.35576
3165.28564,1.35474
3163.24615,1.34930
3161.20666,1.34156
3159.16717,1.33580
3157.12769,1.33278
3155.08820,1.33073
3153.04871,1.32813
3151.00922,1.32439
3148.96973,1.31925
3146.93024,1.31368
3144.89076,1.30877
3142.85127,1.30407
3140.81178,1.29905
3138.77229,1.29447
3136.73280,1.29115
3134.69332,1.28764
3132.65383,1.28314
3130.61434,1.27949
3128.57485,1.27675
3126.53536,1.27404
3124.49587,1.27188
3122.45639,1.26832
3120.41690,1.26178
3118.37741,1.25567
3116.33792,1.25289
3114.29843,1.25224
3112.25895,1.25112
3110.21946,1.24876
3108.17997,1.24541
3106.14048,1.24137
3104.10099,1.23841
3102.06150,1.23604
3100.02202,1.23216
3097.98253,1.22842
3095.94304,1.22588
3093.90355,1.22338
3091.86406,1.22134
3089.82458,1.21835
3087.78509,1.21242
3085.74560,1.20747
3083.70611,1.20692
3081.66662,1.20613
3079.62714,1.20159
3077.58765,1.19668
3075.54816,1.19386
3073.50867,1.19213
3071.46918,1.19085
3069.42969,1.18951
3067.39021,1.18707
3065.35072,1.18367
3063.31123,1.18041
3061.27174,1.17772
3059.23225,1.17481
3057.19277,1.17074
3055.15328,1.16709
3053.11379,1.16585
3051.07430,1.16437
3049.03481,1.15973
3046.99532,1.15500
3044.95584,1.15226
3042.91635,1.14888
3040.87686,1.14428
3038.83737,1.14022
3036.79788,1.13821
3034.75840,1.13766
3032.71891,1.13617
3030.67942,1.13314
3028.63993,1.12981
3026.60044,1.12713
3024.56095,1.12504
3022.52147,1.12342
3020.48198,1.12201
3018.44249,1.12060
3016.40300,1.11979
3014.36351,1.11932
3012.32403,1.11819
3010.28454,1.11720
3008.24505,1.11794
3006.20556,1.11995
3004.16607,1.12173
3002.12658,1.12269
3000.08710,1.12331
2998.04761,1.12456
2996.00812,1.12753
2993.96863,1.13258
2991.92914,1.13836
2989.88966,1.14337
2987.85017,1.14816
2985.81068,1.15502
2983.77119,1.16399
2981.73170,1.17354
2979.69221,1.18422
2977.65273,1.19576
2975.61324,1.20584
2973.57375,1.21457
2971.53426,1.22500
2969.49477,1.23764
2967.45529,1.24904
2965.41580,1.25612
2963.37631,1.25997
2961.33682,1.26420
2959.29733,1.27014
2957.25784,1.27717
2955.21836,1.28423
2953.17887,1.28886
2951.13938,1.29201
2949.09989,1.29794
2947.06040,1.30575
2945.02092,1.31388
2942.98143,1.32458
2940.94194,1.33570
2938.90245,1.34304
2936.86296,1.34829
2934.82348,1.35381
2932.78399,1.35872
2930.74450,1.36348
2928.70501,1.36802
2926.66552,1.37051
2924.62603,1.37136
2922.58655,1.37198
2920.54706,1.36963
2918.50757,1.36065
2916.46808,1.34833
2914.42859,1.33670
2912.38911,1.32315
2910.34962,1.30630
2908.31013,1.29236
2906.27064,1.28499
2904.23115,1.27991
2902.19166,1.27425
2900.15218,1.26867
2898.11269,1.26241
2896.07320,1.25563
2894.03371,1.24935
2891.99422,1.24389
2889.95474,1.23988
2887.91525,1.23600
2885.87576,1.23105
2883.83627,1.22568
2881.79678,1.22061
2879.75729,1.21596
2877.71781,1.21145
2875.67832,1.20720
2873.63883,1.20308
2871.59934,1.19891
2869.55985,1.19489
2867.52037,1.19091
2865.48088,1.18755
2863.44139,1.18529
2861.40190,1.18426
2859.36241,1.18575
2857.32292,1.18820
2855.28344,1.18906
2853.24395,1.18902
2851.20446,1.18625
2849.16497,1.17682
2847.12548,1.15881
2845.08600,1.13543
2843.04651,1.11253
2841.00702,1.09221
2838.96753,1.07536
2836.92804,1.06297
2834.88855,1.05392
2832.84907,1.04642
2830.80958,1.03889
2828.77009,1.03065
2826.73060,1.02305
2824.69111,1.01700
2822.65163,1.01150
2820.61214,1.00592
2818.57265,1.00053
2816.53316,0.99496
2814.49367,0.98912
2812.45418,0.98362
2810.41470,0.97873
2808.37521,0.97499
2806.33572,0.97230
2804.29623,0.96934
2802.25674,0.96594
2800.21726,0.96261
2798.17777,0.95853
2796.13828,0.95369
2794.09879,0.94956
2792.05930,0.94669
2790.01982,0.94480
2787.98033,0.94344
2785.94084,0.94215
2783.90135,0.94020
2781.86186,0.93740
2779.82237,0.93435
2777.78289,0.93098
2775.74340,0.92801
2773.70391,0.92667
2771.66442,0.92611
2769.62493,0.92470
2767.58545,0.92293
2765.54596,0.92163
2763.50647,0.92001
2761.46698,0.91805
2759.42749,0.91683
2757.38800,0.91646
2755.34852,0.91572
2753.30903,0.91418
2751.26954,0.91293
2749.23005,0.91167
2747.19056,0.90947
2745.15108,0.90757
2743.11159,0.90737
2741.07210,0.90755
2739.03261,0.90619
2736.99312,0.90360
2734.95363,0.90113
2732.91415,0.89957
2730.87466,0.89835
2728.83517,0.89740
2726.79568,0.89681
2724.75619,0.89550
2722.71671,0.89376
2720.67722,0.89188
2718.63773,0.88936
2716.59824,0.88707
2714.55875,0.88555
2712.51926,0.88365
2710.47978,0.88068
2708.44029,0.87722
2706.40080,0.87396
2704.36131,0.87181
2702.32182,0.87096
2700.28234,0.86987
2698.24285,0.86741
2696.20336,0.86455
2694.16387,0.86198
2692.12438,0.85936
2690.08489,0.85730
2688.04541,0.85600
2686.00592,0.85481
2683.96643,0.85366
2681.92694,0.85208
2679.88745,0.84966
2677.84797,0.84720
2675.80848,0.84496
2673.76899,0.84239
2671.72950,0.83958
2669.69001,0.83694
2667.65052,0.83470
2665.61104,0.83232
2663.57155,0.82964
2661.53206,0.82756
2659.49257,0.82574
2657.45308,0.82344
2655.41360,0.82103
2653.37411,0.81896
2651.33462,0.81686
2649.29513,0.81419
2647.25564,0.81181
2645.21616,0.81029
2643.17667,0.80856
2641.13718,0.80563
2639.09769,0.80230
2637.05820,0.79985
2635.01871,0.79768
2632.97923,0.79488
2630.93974,0.79196
2628.90025,0.78916
2626.86076,0.78632
2624.82127,0.78431
2622.78179,0.78330
2620.74230,0.78200
2618.70281,0.78007
2616.66332,0.77795
2614.62383,0.77539
2612.58434,0.77270
2610.54486,0.77055
2608.50537,0.76887
2606.46588,0.76726
2604.42639,0.76569
2602.38690,0.76431
2600.34742,0.76257
2598.30793,0.75999
2596.26844,0.75729
2594.22895,0.75548
2592.18946,0.75401
2590.14997,0.75201
2588.11049,0.75012
2586.07100,0.74859
2584.03151,0.74677
2581.99202,0.74471
2579.95253,0.74300
2577.91305,0.74176
2575.87356,0.74043
2573.83407,0.73885
2571.79458,0.73715
2569.75509,0.73547
2567.71560,0.73391
2565.67612,0.73238
2563.63663,0.73087
2561.59714,0.72931
2559.55765,0.72761
2557.51816,0.72575
2555.47868,0.72365
2553.43919,0.72168
2551.39970,0.72017
2549.36021,0.71890
2547.32072,0.71722
2545.28123,0.71511
2543.24175,0.71310
2541.20226,0.71136
2539.16277,0.70977
2537.12328,0.70814
2535.08379,0.70634
2533.04431,0.70460
2531.00482,0.70323
2528.96533,0.70171
2526.92584,0.69960
2524.88635,0.69746
2522.84686,0.69555
2520.80738,0.69393
2518.76789,0.69263
2516.72840,0.69126
2514.68891,0.68970
2512.64942,0.68796
2510.60994,0.68609
2508.57045,0.68440
2506.53096,0.68295
2504.49147,0.68147
2502.45198,0.67973
2500.41250,0.67782
2498.37301,0.67597
2496.33352,0.67394
2494.29403,0.67164
2492.25454,0.66960
2490.21505,0.66789
2488.17557,0.66608
2486.13608,0.66394
2484.09659,0.66167
2482.05710,0.65967
2480.01761,0.65790
2477.97813,0.65627
2475.93864,0.65452
2473.89915,0.65236
2471.85966,0.65018
2469.82017,0.64803
2467.78068,0.64591
2465.74120,0.64424
2463.70171,0.64275
2461.66222,0.64059
2459.62273,0.63771
2457.58324,0.63515
2455.54376,0.63328
2453.50427,0.63136
2451.46478,0.62918
2449.42529,0.62706
2447.38580,0.62515
2445.34631,0.62336
2443.30683,0.62152
2441.26734,0.61943
2439.22785,0.61732
2437.18836,0.61552
2435.14887,0.61344
2433.10939,0.61076
2431.06990,0.60853
2429.03041,0.60722
2426.99092,0.60578
2424.95143,0.60366
2422.91194,0.60137
2420.87246,0.59915
2418.83297,0.59730
2416.79348,0.59565
2414.75399,0.59386
2412.71450,0.59205
2410.67502,0.59013
2408.63553,0.58820
2406.59604,0.58656
2404.55655,0.58499
2402.51706,0.58338
2400.47757,0.58203
2398.43809,0.58066
2396.39860,0.57917
2394.35911,0.57770
2392.31962,0.57633
2390.28013,0.57515
2388.24065,0.57434
2386.20116,0.57374
2384.16167,0.57330
2382.12218,0.57342
2380.08269,0.57395
2378.04320,0.57405
2376.00372,0.57325
2373.96423,0.57210
2371.92474,0.57185
2369.88525,0.57252
2367.84576,0.57292
2365.80628,0.57286
2363.76679,0.57243
2361.72730,0.57109
2359.68781,0.56898
2357.64832,0.56634
2355.60884,0.56366
2353.56935,0.56240
2351.52986,0.56306
2349.49037,0.56427
2347.45088,0.56424
2345.41139,0.56257
2343.37191,0.56047
2341.33242,0.55878
2339.29293,0.55735
2337.25344,0.55607
2335.21395,0.55468
2333.17447,0.55329
2331.13498,0.55201
2329.09549,0.55071
2327.05600,0.54953
2325.01651,0.54847
2322.97702,0.54704
2320.93754,0.54517
2318.89805,0.54350
2316.85856,0.54223
2314.81907,0.54102
2312.77958,0.53999
2310.74010,0.53916
2308.70061,0.53812
2306.66112,0.53691
2304.62163,0.53591
2302.58214,0.53498
2300.54265,0.53401
2298.50317,0.53311
2296.46368,0.53223
2294.42419,0.53133
2292.38470,0.53041
2290.34521,0.52949
2288.30573,0.52876
2286.26624,0.52832
2284.22675,0.52794
2282.18726,0.52741
2280.14777,0.52677
2278.10828,0.52610
2276.06880,0.52574
2274.02931,0.52590
2271.98982,0.52595
2269.95033,0.52532
2267.91084,0.52450
2265.87136,0.52413
2263.83187,0.52424
2261.79238,0.52453
2259.75289,0.52442
2257.71340,0.52376
2255.67391,0.52325
2253.63443,0.52328
2251.59494,0.52354
2249.55545,0.52365
2247.51596,0.52382
2245.47647,0.52342
2243.43699,0.52294
2241.39750,0.52291
2239.35801,0.52302
2237.31852,0.52309
2235.27903,0.52320
2233.23954,0.52299
2231.20006,0.52242
2229.16057,0.52209
2227.12108,0.52236
2225.08159,0.52277
2223.04210,0.52283
2221.00262,0.52287
2218.96313,0.52307
2216.92364,0.52306
2214.88415,0.52291
2212.84466,0.52301
2210.80518,0.52328
2208.76569,0.52355
2206.72620,0.52386
2204.68671,0.52424
2202.64722,0.52459
2200.60773,0.52488
2198.56825,0.52522
2196.52876,0.52566
2194.48927,0.52615
2192.44978,0.52652
2190.41029,0.52691
2188.37081,0.52761
2186.33132,0.52836
2184.29183,0.52903
2182.25234,0.52976
2180.21285,0.53039
2178.17336,0.53074
2176.13388,0.53100
2174.09439,0.53165
2172.05490,0.53263
2170.01541,0.53335
2167.97592,0.53367
2165.93644,0.53412
2163.89695,0.53490
2161.85746,0.53565
2159.81797,0.53609
2157.77848,0.53642
2155.73899,0.53677
2153.69951,0.53689
2151.66002,0.53678
2149.62053,0.53673
2147.58104,0.53672
2145.54155,0.53653
2143.50207,0.53610
2141.46258,0.53596
2139.42309,0.53628
2137.38360,0.53636
2135.34411,0.53620
2133.30462,0.53599
2131.26514,0.53563
2129.22565,0.53542
2127.18616,0.53539
2125.14667,0.53538
2123.10718,0.53532
2121.06770,0.53500
2119.02821,0.53446
2116.98872,0.53382
2114.94923,0.53302
2112.90974,0.53241
2110.87025,0.53227
2108.83077,0.53208
2106.79128,0.53159
2104.75179,0.53104
2102.71230,0.53080
2100.67281,0.53092
2098.63333,0.53088
2096.59384,0.53033
2094.55435,0.52968
2092.51486,0.52916
2090.47537,0.52864
2088.43588,0.52822
2086.39640,0.52794
2084.35691,0.52762
2082.31742,0.52726
2080.27793,0.52689
2078.23844,0.52643
2076.19896,0.52594
2074.15947,0.52574
2072.11998,0.52579
2070.08049,0.52581
2068.04100,0.52568
2066.00152,0.52542
2063.96203,0.52514
2061.92254,0.52503
2059.88305,0.52509
2057.84356,0.52508
2055.80407,0.52465
2053.76459,0.52401
2051.72510,0.52381
2049.68561,0.52395
2047.64612,0.52384
2045.60663,0.52338
2043.56715,0.52265
2041.52766,0.52178
2039.48817,0.52103
2037.44868,0.52028
2035.40919,0.51942
2033.36970,0.51877
2031.33022,0.51831
2029.29073,0.51765
2027.25124,0.51677
2025.21175,0.51561
2023.17226,0.51437
2021.13278,0.51365
2019.09329,0.51318
2017.05380,0.51222
2015.01431,0.51102
2012.97482,0.51005
2010.93533,0.50929
2008.89585,0.50865
2006.85636,0.50805
2004.81687,0.50741
2002.77738,0.50690
2000.73789,0.50655
1998.69841,0.50596
1996.65892,0.50528
1994.61943,0.50516
1992.57994,0.50534
1990.54045,0.50527
1988.50096,0.50499
1986.46148,0.50466
1984.42199,0.50442
1982.38250,0.50438
1980.34301,0.50442
1978.30352,0.50429
1976.26404,0.50423
1974.22455,0.50460
1972.18506,0.50505
1970.14557,0.50540
1968.10608,0.50563
1966.06659,0.50528
1964.02711,0.50466
1961.98762,0.50464
1959.94813,0.50504
1957.90864,0.50526
1955.86915,0.50497
1953.82967,0.50444
1951.79018,0.50434
1949.75069,0.50469
1947.71120,0.50505
1945.67171,0.50556
1943.63222,0.50594
1941.59274,0.50526
1939.55325,0.50414
1937.51376,0.50367
1935.47427,0.50374
1933.43478,0.50388
1931.39530,0.50388
1929.35581,0.50384
1927.31632,0.50427
1925.27683,0.50512
1923.23734,0.50568
1921.19786,0.50604
1919.15837,0.50654
1917.11888,0.50640
1915.07939,0.50595
1913.03990,0.50643
1911.00041,0.50758
1908.96093,0.50837
1906.92144,0.50855
1904.88195,0.50868
1902.84246,0.50908
1900.80297,0.50965
1898.76349,0.51036
1896.72400,0.51118
1894.68451,0.51192
1892.64502,0.51291
1890.60553,0.51423
1888.56604,0.51494
1886.52656,0.51501
1884.48707,0.51533
1882.44758,0.51606
1880.40809,0.51693
1878.36860,0.51771
1876.32912,0.51849
1874.28963,0.51970
1872.25014,0.52187
1870.21065,0.52448
1868.17116,0.52561
1866.13167,0.52503
1864.09219,0.52482
1862.05270,0.52573
1860.01321,0.52695
1857.97372,0.52792
1855.93423,0.52883
1853.89475,0.53001
1851.85526,0.53160
1849.81577,0.53371
1847.77628,0.53642
1845.73679,0.53914
1843.69730,0.54051
1841.65782,0.54089
1839.61833,0.54205
1837.57884,0.54410
1835.53935,0.54643
1833.49986,0.54951
1831.46038,0.55332
1829.42089,0.55658
1827.38140,0.55912
1825.34191,0.56177
1823.30242,0.56450
1821.26293,0.56755
1819.22345,0.57146
1817.18396,0.57595
1815.14447,0.58073
1813.10498,0.58603
1811.06549,0.59160
1809.02601,0.59696
1806.98652,0.60263
1804.94703,0.60929
1802.90754,0.61668
1800.86805,0.62419
1798.82856,0.63178
1796.78908,0.64031
1794.74959,0.65073
1792.71010,0.66267
1790.67061,0.67410
1788.63112,0.68480
1786.59164,0.69672
1784.55215,0.71035
1782.51266,0.72489
1780.47317,0.74014
1778.43368,0.75605
1776.39420,0.77322
1774.35471,0.79376
1772.31522,0.81879
1770.27573,0.84605
1768.23624,0.87450
1766.19675,0.90536
1764.15727,0.93922
1762.11778,0.97709
1760.07829,1.01654
1758.03880,1.05499
1755.99931,1.09280
1753.95983,1.12828
1751.92034,1.16239
1749.88085,1.19657
1747.84136,1.22741
1745.80187,1.25299
1743.76238,1.27479
1741.72290,1.29286
1739.68341,1.30665
1737.64392,1.31680
1735.60443,1.32250
1733.56494,1.31941
1731.52546,1.30850
1729.48597,1.29633
1727.44648,1.28520
1725.40699,1.27533
1723.36750,1.26685
1721.32801,1.26030
1719.28853,1.25318
1717.24904,1.24038
1715.20955,1.22326
1713.17006,1.20919
1711.13057,1.20092
1709.09109,1.19692
1707.05160,1.19498
1705.01211,1.19480
1702.97262,1.19926
1700.93313,1.21021
1698.89364,1.22472
1696.85416,1.24017
1694.81467,1.25764
1692.77518,1.27617
1690.73569,1.29553
1688.69620,1.31615
1686.65672,1.33835
1684.61723,1.36291
1682.57774,1.38585
1680.53825,1.40492
1678.49876,1.42434
1676.45927,1.44595
1674.41979,1.46842
1672.38030,1.49005
1670.34081,1.50887
1668.30132,1.52392
1666.26183,1.53755
1664.22235,1.55297
1662.18286,1.56868
1660.14337,1.58163
1658.10388,1.59174
1656.06439,1.59760
1654.02490,1.59589
1651.98542,1.58985
1649.94593,1.58814
1647.90644,1.58766
1645.86695,1.58353
1643.82746,1.57829
1641.78798,1.57478
1639.74849,1.57336
1637.70900,1.57328
1635.66951,1.57181
1633.63002,1.56960
1631.59054,1.56956
1629.55105,1.56918
1627.51156,1.56706
1625.47207,1.56491
1623.43258,1.56344
1621.39309,1.56449
1619.35361,1.56886
1617.31412,1.57254
1615.27463,1.57288
1613.23514,1.57232
1611.19565,1.57383
1609.15617,1.57861
1607.11668,1.58343
1605.07719,1.58354
1603.03770,1.57939
1600.99821,1.57379
1598.95872,1.56792
1596.91924,1.56279
1594.87975,1.55701
1592.84026,1.54739
1590.80077,1.53468
1588.76128,1.52225
1586.72180,1.51159
1584.68231,1.50106
1582.64282,1.48829
1580.60333,1.47405
1578.56384,1.46061
1576.52435,1.44761
1574.48487,1.43723
1572.44538,1.43112
1570.40589,1.42311
1568.36640,1.41197
1566.32691,1.40423
1564.28743,1.40088
1562.24794,1.39840
1560.20845,1.39238
1558.16896,1.38366
1556.12947,1.38098
1554.08998,1.38202
1552.05050,1.38113
1550.01101,1.37863
1547.97152,1.37654
1545.93203,1.37479
1543.89254,1.37199
1541.85306,1.36627
1539.81357,1.35780
1537.77408,1.35261
1535.73459,1.35160
1533.69510,1.34911
1531.65561,1.34420
1529.61613,1.34024
1527.57664,1.33734
1525.53715,1.33606
1523.49766,1.33889
1521.45817,1.34523
1519.41869,1.35191
1517.37920,1.35611
1515.33971,1.35519
1513.30022,1.34842
1511.26073,1.33787
1509.22124,1.32442
1507.18176,1.30696
1505.14227,1.29037
1503.10278,1.27953
1501.06329,1.26958
1499.02380,1.25677
1496.98432,1.24397
1494.94483,1.23603
1492.90534,1.23258
1490.86585,1.23029
1488.82636,1.22973
1486.78688,1.23350
1484.74739,1.24193
1482.70790,1.25503
1480.66841,1.27253
1478.62892,1.29385
1476.58943,1.32009
1474.54995,1.35213
1472.51046,1.38667
1470.47097,1.41553
1468.43148,1.43572
1466.39199,1.45152
1464.35251,1.46638
1462.31302,1.48125
1460.27353,1.49602
1458.23404,1.50885
1456.19455,1.51635
1454.15506,1.51937
1452.11558,1.52299
1450.07609,1.53005
1448.03660,1.53715
1445.99711,1.53973
1443.95762,1.53994
1441.91814,1.54187
1439.87865,1.54599
1437.83916,1.55026
1435.79967,1.55390
1433.76018,1.55902
1431.72069,1.56481
1429.68121,1.56589
1427.64172,1.56184
1425.60223,1.55849
1423.56274,1.55852
1421.52325,1.56060
1419.48377,1.56184
1417.44428,1.56071
1415.40479,1.55937
1413.36530,1.55775
1411.32581,1.55335
1409.28632,1.54758
1407.24684,1.54467
1405.20735,1.54624
1403.16786,1.54933
1401.12837,1.54955
1399.08888,1.54716
1397.04940,1.54673
1395.00991,1.55000
1392.97042,1.55366
1390.93093,1.55565
1388.89144,1.55805
1386.85195,1.56247
1384.81247,1.56748
1382.77298,1.57171
1380.73349,1.57503
1378.69400,1.57707
1376.65451,1.57589
1374.61503,1.56980
1372.57554,1.56139
1370.53605,1.55569
1368.49656,1.55355
1366.45707,1.55007
1364.41758,1.54051
1362.37810,1.52626
1360.33861,1.51458
1358.29912,1.51014
1356.25963,1.50873
1354.22014,1.50486
1352.18066,1.49936
1350.14117,1.49502
1348.10168,1.49233
1346.06219,1.49066
1344.02270,1.48958
1341.98322,1.49087
1339.94373,1.49546
1337.90424,1.49800
1335.86475,1.49612
1333.82526,1.49514
1331.78577,1.49656
1329.74629,1.49674
1327.70680,1.49466
1325.66731,1.49309
1323.62782,1.49446
1321.58833,1.49886
1319.54885,1.50366
1317.50936,1.50568
1315.46987,1.50409
1313.43038,1.50023
1311.39089,1.49591
1309.35140,1.49156
1307.31192,1.48751
1305.27243,1.48566
1303.23294,1.48535
1301.19345,1.48389
1299.15396,1.48184
1297.11448,1.48192
1295.07499,1.48607
1293.03550,1.49263
1290.99601,1.49701
1288.95652,1.49957
1286.91703,1.50466
1284.87755,1.51175
1282.83806,1.51714
1280.79857,1.52049
1278.75908,1.52469
1276.71959,1.53067
1274.68011,1.53612
1272.64062,1.53960
1270.60113,1.54191
1268.56164,1.54486
1266.52215,1.55116
1264.48266,1.56160
1262.44318,1.57003
1260.40369,1.57049
1258.36420,1.56754
1256.32471,1.56813
1254.28522,1.57122
1252.24574,1.57169
1250.20625,1.56965
1248.16676,1.57013
1246.12727,1.57447
1244.08778,1.57705
1242.04829,1.57384
1240.00881,1.56693
1237.96932,1.55795
1235.92983,1.54835
1233.89034,1.54072
1231.85085,1.53369
1229.81137,1.52463
1227.77188,1.51604
1225.73239,1.50909
1223.69290,1.50027
1221.65341,1.49003
1219.61392,1.48260
1217.57444,1.47783
1215.53495,1.47126
1213.49546,1.46320
1211.45597,1.45902
1209.41648,1.45844
1207.37700,1.45785
1205.33751,1.45765
1203.29802,1.45824
1201.25853,1.45746
1199.21904,1.45485
1197.17956,1.45139
1195.14007,1.44824
1193.10058,1.44781
1191.06109,1.45150
1189.02160,1.45911
1186.98211,1.46936
1184.94263,1.48091
1182.90314,1.49410
1180.86365,1.50884
1178.82416,1.52613
1176.78467,1.54823
1174.74519,1.57470
1172.70570,1.60281
1170.66621,1.62701
1168.62672,1.64191
1166.58723,1.65063
1164.54774,1.65884
1162.50826,1.66489
1160.46877,1.66820
1158.42928,1.67445
1156.38979,1.67941
1154.35030,1.67693
1152.31082,1.67545
1150.27133,1.67957
1148.23184,1.68598
1146.19235,1.68949
1144.15286,1.68626
1142.11337,1.68162
1140.07389,1.68151
1138.03440,1.68663
1135.99491,1.69531
1133.95542,1.70596
1131.91593,1.71303
1129.87645,1.71373
1127.83696,1.71238
1125.79747,1.71351
1123.75798,1.72041
1121.71849,1.73261
1119.67900,1.74783
1117.63952,1.76344
1115.60003,1.77887
1113.56054,1.78977
1111.52105,1.79122
1109.48156,1.78836
1107.44208,1.78593
1105.40259,1.78673
1103.36310,1.78706
1101.32361,1.77993
1099.28412,1.77226
1097.24463,1.77019
1095.20515,1.76775
1093.16566,1.76597
1091.12617,1.77515
1089.08668,1.78820
1087.04719,1.78670
1085.00771,1.77788
1082.96822,1.77905
1080.92873,1.78234
1078.88924,1.77502
1076.84975,1.75936
1074.81027,1.74479
1072.77078,1.74088
1070.73129,1.74288
1068.69180,1.73778
1066.65231,1.72435
1064.61282,1.71164
1062.57334,1.70683
1060.53385,1.70451
1058.49436,1.69859
1056.45487,1.69585
1054.41538,1.69918
1052.37590,1.70081
1050.33641,1.69826
1048.29692,1.69260
1046.25743,1.68247
1044.21794,1.67357
1042.17845,1.67265
1040.13897,1.67121
1038.09948,1.65792
1036.05999,1.64009
1034.02050,1.63020
1031.98101,1.62513
1029.94153,1.61719
1027.90204,1.61045
1025.86255,1.60622
1023.82306,1.59790
1021.78357,1.58700
1019.74408,1.57831
1017.70460,1.56994
1015.66511,1.55816
1013.62562,1.54421
1011.58613,1.53159
1009.54664,1.52084
1007.50716,1.51005
1005.46767,1.49767
1003.42818,1.48229
1001.38869,1.46526
999.34920,1.44998
997.30971,1.43709
995.27023,1.42542
993.23074,1.41130
991.19125,1.39235
989.15176,1.37063
987.11227,1.34988
985.07279,1.33184
983.03330,1.31416
980.99381,1.29654
978.95432,1.28157
976.91483,1.26899
974.87534,1.25640
972.83586,1.24317
970.79637,1.23133
968.75688,1.22056
966.71739,1.20785
964.67790,1.19543
962.63842,1.18687
960.59893,1.17945
958.55944,1.16988
956.51995,1.15920
954.48046,1.14923
952.44097,1.14081
950.40149,1.13317
948.36200,1.12579
946.32251,1.12089
944.28302,1.11864
942.24353,1.11689
940.20405,1.11673
938.16456,1.11909
936.12507,1.12184
934.08558,1.12286
932.04609,1.12381
930.00661,1.12923
927.96712,1.13725
925.92763,1.14152
923.88814,1.14303
921.84865,1.14501
919.80916,1.14581
917.76968,1.14480
915.73019,1.14446
913.69070,1.14594
911.65121,1.14658
909.61172,1.14432
907.57224,1.14102
905.53275,1.14006
903.49326,1.14421
901.45377,1.15218
899.41428,1.15903
897.37479,1.16146
895.33531,1.15989
893.29582,1.15672
891.25633,1.15338
889.21684,1.14958
887.17735,1.14514
885.13787,1.14098
883.09838,1.13828
881.05889,1.13748
879.01940,1.13888
876.97991,1.14099
874.94042,1.14249
872.90094,1.14504
870.86145,1.14891
868.82196,1.15319
866.78247,1.15682
864.74298,1.15819
862.70350,1.15930
860.66401,1.16238
858.62452,1.16578
856.58503,1.16881
854.54554,1.17212
852.50605,1.17446
850.46657,1.17577
848.42708,1.18003
846.38759,1.18829
844.34810,1.19729
842.30861,1.20616
840.26913,1.21335
838.22964,1.21800
836.19015,1.22181
834.15066,1.22542
832.11117,1.22928
830.07168,1.23221
828.03220,1.23355
825.99271,1.23613
823.95322,1.24021
821.91373,1.24152
819.87424,1.24147
817.83476,1.24293
815.79527,1.24422
813.75578,1.24765
811.71629,1.25402
809.67680,1.25808
807.63731,1.25672
805.59783,1.25457
803.55834,1.25598
801.51885,1.25782
799.47936,1.25999
797.43987,1.26500
795.40039,1.26993
793.36090,1.27231
791.32141,1.27386
789.28192,1.27836
787.24243,1.28820
785.20295,1.29749
783.16346,1.30063
781.12397,1.30516
779.08448,1.31690
777.04499,1.32762
775.00550,1.33073
772.96602,1.33160
770.92653,1.33553
768.88704,1.33774
766.84755,1.33530
764.80806,1.33550
762.76858,1.33907
760.72909,1.33904
758.68960,1.33368
756.65011,1.32598
754.61062,1.32136
752.57113,1.32311
750.53165,1.32971
748.49216,1.33601
746.45267,1.33928
744.41318,1.34509
742.37369,1.35434
740.33421,1.36247
738.29472,1.37186
736.25523,1.37990
734.21574,1.38215
732.17625,1.38366
730.13676,1.38708
728.09728,1.39373
726.05779,1.40245
724.01830,1.40900
721.97881,1.41351
719.93932,1.41530
717.89984,1.41622
715.86035,1.41931
713.82086,1.42365
711.78137,1.42975
709.74188,1.43778
707.70239,1.44206
705.66291,1.44310
703.62342,1.44522
701.58393,1.44540
699.54444,1.44185
697.50495,1.43531
695.46547,1.43024
693.42598,1.43532
691.38649,1.45072
689.34700,1.46846
687.30751,1.47700
685.26802,1.46899
683.22854,1.45780
681.18905,1.45834
679.14956,1.46364
677.11007,1.46534
675.07058,1.47142
673.03110,1.49075
670.99161,1.51387
668.95212,1.51602
666.91263,1.49373
664.87314,1.47793
662.83365,1.47801
660.79417,1.48634
658.75468,1.49923
656.71519,1.50317
654.67570,1.48800
652.63621,1.47013
650.59673,1.46331
648.55724,1.46510
646.51775,1.47042
644.47826,1.47670
642.43877,1.48883
640.39929,1.50770
638.35980,1.52166
636.32031,1.52123
634.28082,1.50788
632.24133,1.49215
630.20184,1.48593
628.16236,1.49020
626.12287,1.49391
624.08338,1.48815
622.04389,1.48620
620.00440,1.49724
617.96492,1.49615
615.92543,1.48281
613.88594,1.48866
611.84645,1.50573
609.80696,1.50851
607.76747,1.50057
605.72799,1.49225
603.68850,1.49640
601.64901,1.50315
599.60952,1.47895
597.57003,1.44081
595.53055,1.43571
593.49106,1.45791
591.45157,1.46839
589.41208,1.46013
587.37259,1.46558
585.33310,1.49126
583.29362,1.50197
581.25413,1.48842
579.21464,1.46694
577.17515,1.44971
575.13566,1.44844
573.09618,1.46578
571.05669,1.49795
569.01720,1.49903
566.97771,1.43914
564.93822,1.40376
562.89873,1.43327
560.85925,1.47112
558.81976,1.47761
556.78027,1.47703
554.74078,1.49262
552.70129,1.46731
550.66181,1.41556
548.62232,1.41878
546.58283,1.47233
544.54334,1.51078
542.50385,1.48859
540.46436,1.44269
538.42488,1.44627
536.38539,1.49163
534.34590,1.49579
532.30641,1.47411
530.26692,1.48451
528.22744,1.51453
526.18795,1.51625
524.14846,1.46666
522.10897,1.44306
520.06948,1.50436
518.02999,1.62885
515.99051,1.69401
513.95102,1.57615
511.91153,1.44127
509.87204,1.32535
507.83255,1.30113
505.79307,1.36634
503.75358,1.28852
501.71409,1.15391
499.67460,1.07064
