3997.39681,0.35397
3995.35732,0.35364
3993.31783,0.35324
3991.27835,0.35348
3989.23886,0.35387
3987.19937,0.35375
3985.15988,0.35301
3983.12039,0.35187
3981.08091,0.35111
3979.04142,0.35113
3977.00193,0.35145
3974.96244,0.35141
3972.92295,0.35085
3970.88346,0.35018
3968.84398,0.34931
3966.80449,0.34795
3964.76500,0.34674
3962.72551,0.34621
3960.68602,0.34584
3958.64654,0.34530
3956.60705,0.34461
3954.56756,0.34372
3952.52807,0.34313
3950.48858,0.34314
3948.44909,0.34301
3946.40961,0.34234
3944.37012,0.34145
3942.33063,0.34060
3940.29114,0.34019
3938.25165,0.34040
3936.21217,0.34052
3934.17268,0.33968
3932.13319,0.33792
3930.09370,0.33638
3928.05421,0.33599
3926.01473,0.33608
3923.97524,0.33544
3921.93575,0.33410
3919.89626,0.33271
3917.85677,0.33139
3915.81728,0.33011
3913.77780,0.32937
3911.73831,0.32945
3909.69882,0.32958
3907.65933,0.32893
3905.61984,0.32757
3903.58036,0.32623
3901.54087,0.32545
3899.50138,0.32465
3897.46189,0.32350
3895.42240,0.32280
3893.38291,0.32212
3891.34343,0.32028
3889.30394,0.31827
3887.26445,0.31778
3885.22496,0.31819
3883.18547,0.31826
3881.14599,0.31786
3879.10650,0.31732
3877.06701,0.31704
3875.02752,0.31684
3872.98803,0.31611
3870.94854,0.31486
3868.90906,0.31380
3866.86957,0.31328
3864.83008,0.31266
3862.79059,0.31185
3860.75110,0.31166
3858.71162,0.31215
3856.67213,0.31235
3854.63264,0.31106
3852.59315,0.30878
3850.55366,0.30808
3848.51417,0.30916
3846.47469,0.31041
3844.43520,0.31099
3842.39571,0.31093
3840.35622,0.31091
3838.31673,0.31129
3836.27725,0.31107
3834.23776,0.30986
3832.19827,0.30893
3830.15878,0.30894
3828.11929,0.30917
3826.07980,0.30927
3824.04032,0.30949
3822.00083,0.30945
3819.96134,0.30872
3817.92185,0.30788
3815.88236,0.30770
3813.84288,0.30855
3811.80339,0.30999
3809.76390,0.31098
3807.72441,0.31077
3805.68492,0.30991
3803.64543,0.30952
3801.60595,0.30942
3799.56646,0.30961
3797.52697,0.31033
3795.48748,0.31096
3793.44799,0.31145
3791.40851,0.31213
3789.36902,0.31297
3787.32953,0.31368
3785.29004,0.31404
3783.25055,0.31442
3781.21107,0.31519
3779.17158,0.31580
3777.13209,0.31615
3775.09260,0.31695
3773.05311,0.31804
3771.01362,0.31847
3768.97414,0.31818
3766.93465,0.31841
3764.89516,0.31983
3762.85567,0.32169
3760.81618,0.32328
3758.77670,0.32445
3756.73721,0.32554
3754.69772,0.32698
3752.65823,0.32841
3750.61874,0.32925
3748.57925,0.32963
3746.53977,0.32970
3744.50028,0.32978
3742.46079,0.33105
3740.42130,0.33392
3738.38181,0.33745
3736.34233,0.34031
3734.30284,0.34163
3732.26335,0.34235
3730.22386,0.34371
3728.18437,0.34589
3726.14488,0.34870
3724.10540,0.35169
3722.06591,0.35438
3720.02642,0.35698
3717.98693,0.35997
3715.94744,0.36337
3713.90796,0.36715
3711.86847,0.37145
3709.82898,0.37643
3707.78949,0.38237
3705.75000,0.38938
3703.71051,0.39712
3701.67103,0.40515
3699.63154,0.41348
3697.59205,0.42179
3695.55256,0.42887
3693.51307,0.43422
3691.47359,0.43829
3689.43410,0.44118
3687.39461,0.44397
3685.35512,0.44864
3683.31563,0.45543
3681.27614,0.46316
3679.23666,0.47119
3677.19717,0.48085
3675.15768,0.49313
3673.11819,0.50607
3671.07870,0.51828
3669.03922,0.52961
3666.99973,0.54024
3664.96024,0.55171
3662.92075,0.56494
3660.88126,0.57894
3658.84177,0.59225
3656.80229,0.60523
3654.76280,0.61883
3652.72331,0.63297
3650.68382,0.64735
3648.64433,0.66114
3646.60485,0.67372
3644.56536,0.68594
3642.52587,0.69877
3640.48638,0.71216
3638.44689,0.72544
3636.40741,0.73830
3634.36792,0.75088
3632.32843,0.76366
3630.28894,0.77724
3628.24945,0.79109
3626.20996,0.80406
3624.17048,0.81703
3622.13099,0.83116
3620.09150,0.84547
3618.05201,0.85790
3616.01252,0.86817
3613.97304,0.87716
3611.93355,0.88604
3609.89406,0.89692
3607.85457,0.90989
3605.81508,0.92247
3603.77559,0.93382
3601.73611,0.94562
3599.69662,0.95892
3597.65713,0.97228
3595.61764,0.98316
3593.57815,0.99120
3591.53867,0.99986
3589.49918,1.01186
3587.45969,1.02490
3585.42020,1.03617
3583.38071,1.04736
3581.34122,1.06042
3579.30174,1.07326
3577.26225,1.08257
3575.22276,1.08999
3573.18327,1.10004
3571.14378,1.11325
3569.10430,1.12777
3567.06481,1.14178
3565.02532,1.15174
3562.98583,1.15759
3560.94634,1.16443
3558.90685,1.17444
3556.86737,1.18441
3554.82788,1.19231
3552.78839,1.20054
3550.74890,1.21147
3548.70941,1.22511
3546.66993,1.23799
3544.63044,1.24478
3542.59095,1.24776
3540.55146,1.25424
3538.51197,1.26520
3536.47248,1.27635
3534.43300,1.28523
3532.39351,1.29214
3530.35402,1.29629
3528.31453,1.29891
3526.27504,1.30701
3524.23556,1.32157
3522.19607,1.33227
3520.15658,1.33593
3518.11709,1.34282
3516.07760,1.35567
3514.03811,1.36456
3511.99863,1.36597
3509.95914,1.36661
3507.91965,1.37143
3505.88016,1.38074
3503.84067,1.39289
3501.80119,1.40340
3499.76170,1.40864
3497.72221,1.41161
3495.68272,1.41703
3493.64323,1.42575
3491.60375,1.43632
3489.56426,1.44406
3487.52477,1.44609
3485.48528,1.44889
3483.44579,1.45606
3481.40630,1.46166
3479.36682,1.46352
3477.32733,1.46675
3475.28784,1.47460
3473.24835,1.48335
3471.20886,1.48742
3469.16938,1.48878
3467.12989,1.49287
3465.09040,1.49899
3463.05091,1.50274
3461.01142,1.50544
3458.97193,1.50881
3456.93245,1.50998
3454.89296,1.51121
3452.85347,1.51658
3450.81398,1.51946
3448.77449,1.51663
3446.73501,1.52112
3444.69552,1.53637
3442.65603,1.54891
3440.61654,1.55132
3438.57705,1.54953
3436.53756,1.55036
3434.49808,1.55207
3432.45859,1.55344
3430.41910,1.55563
3428.37961,1.55881
3426.34012,1.56652
3424.30064,1.57882
3422.26115,1.58499
3420.22166,1.57836
3418.18217,1.56875
3416.14268,1.56625
3414.10319,1.57060
3412.06371,1.57991
3410.02422,1.59151
3407.98473,1.59794
3405.94524,1.59659
3403.90575,1.59374
3401.86627,1.59410
3399.82678,1.59711
3397.78729,1.59913
3395.74780,1.59585
3393.70831,1.59152
3391.66882,1.59228
3389.62934,1.59573
3387.58985,1.60271
3385.55036,1.61151
3383.51087,1.61282
3381.47138,1.60742
3379.43190,1.60555
3377.39241,1.60747
3375.35292,1.60870
3373.31343,1.61288
3371.27394,1.62061
3369.23446,1.62474
3367.19497,1.62421
3365.15548,1.62012
3363.11599,1.61102
3361.07650,1.60307
3359.03701,1.60398
3356.99753,1.61508
3354.95804,1.62882
3352.91855,1.63328
3350.87906,1.63001
3348.83957,1.62940
3346.80009,1.62992
3344.76060,1.62905
3342.72111,1.63204
3340.68162,1.63546
3338.64213,1.63024
3336.60264,1.61871
3334.56316,1.61150
3332.52367,1.61222
3330.48418,1.61682
3328.44469,1.61824
3326.40520,1.61588
3324.36572,1.61662
3322.32623,1.62139
3320.28674,1.62774
3318.24725,1.63214
3316.20776,1.62785
3314.16827,1.61897
3312.12879,1.61308
3310.08930,1.60859
3308.04981,1.60856
3306.01032,1.61604
3303.97083,1.62101
3301.93135,1.61577
3299.89186,1.60826
3297.85237,1.60734
3295.81288,1.61074
3293.77339,1.61315
3291.73390,1.60988
3289.69442,1.60063
3287.65493,1.59452
3285.61544,1.59452
3283.57595,1.59249
3281.53646,1.58490
3279.49698,1.57518
3277.45749,1.56768
3275.41800,1.56522
3273.37851,1.56334
3271.33902,1.55573
3269.29953,1.54842
3267.26005,1.54890
3265.22056,1.55128
3263.18107,1.55086
3261.14158,1.54767
3259.10209,1.54121
3257.06261,1.53547
3255.02312,1.53240
3252.98363,1.52860
3250.94414,1.52198
3248.90465,1.51493
3246.86516,1.51099
3244.82568,1.50891
3242.78619,1.50527
3240.74670,1.50123
3238.70721,1.49608
3236.66772,1.48852
3234.62824,1.48288
3232.58875,1.48244
3230.54926,1.48427
3228.50977,1.48386
3226.47028,1.48060
3224.43080,1.47475
3222.39131,1.46623
3220.35182,1.45809
3218.31233,1.45625
3216.27284,1.46148
3214.23335,1.46561
3212.19387,1.46355
3210.15438,1.45717
3208.11489,1.44972
3206.07540,1.44487
3204.03591,1.44236
3201.99643,1.44005
3199.95694,1.43733
3197.91745,1.43297
3195.87796,1.42853
3193.83847,1.42575
3191.79898,1.42109
3189.75950,1.41344
3187.72001,1.40691
3185.68052,1.40401
3183.64103,1.40380
3181.60154,1.40310
3179.56206,1.39987
3177.52257,1.39621
3175.48308,1.39400
3173.44359,1.39031
3171.40410,1.38309
3169.36461,1.37529
3167.32513,1.37022
3165.28564,1.36871
3163.24615,1.36889
3161.20666,1.36715
3159.16717,1.36227
3157.12769,1.35645
3155.08820,1.35244
3153.04871,1.35108
3151.00922,1.34961
3148.96973,1.34552
3146.93024,1.34023
3144.89076,1.33482
3142.85127,1.32992
3140.81178,1.32627
3138.77229,1.32336
3136.73280,1.32061
3134.69332,1.31707
3132.65383,1.31382
3130.61434,1.31274
3128.57485,1.31264
3126.53536,1.31065
3124.49587,1.30621
3122.45639,1.30113
3120.41690,1.29694
3118.37741,1.29414
3116.33792,1.29087
3114.29843,1.28540
3112.25895,1.27962
3110.21946,1.27604
3108.17997,1.27470
3106.14048,1.27317
3104.10099,1.27014
3102.06150,1.26790
3100.02202,1.26711
3097.98253,1.26607
3095.94304,1.26473
3093.90355,1.26296
3091.86406,1.26059
3089.82458,1.25835
3087.78509,1.25569
3085.74560,1.25161
3083.70611,1.24799
3081.66662,1.24648
3079.62714,1.24594
3077.58765,1.24562
3075.54816,1.24437
3073.50867,1.24140
3071.46918,1.23832
3069.42969,1.23545
3067.39021,1.23165
3065.35072,1.22780
3063.31123,1.22452
3061.27174,1.22146
3059.23225,1.21952
3057.19277,1.21842
3055.15328,1.21714
3053.11379,1.21498
3051.07430,1.21150
3049.03481,1.20836
3046.99532,1.20610
3044.95584,1.20291
3042.91635,1.19839
3040.87686,1.19452
3038.83737,1.19220
3036.79788,1.19002
3034.75840,1.18753
3032.71891,1.18522
3030.67942,1.18216
3028.63993,1.17894
3026.60044,1.17743
3024.56095,1.17648
3022.52147,1.17492
3020.48198,1.17448
3018.44249,1.17477
3016.40300,1.17254
3014.36351,1.16881
3012.32403,1.16777
3010.28454,1.16947
3008.24505,1.17081
3006.20556,1.17079
3004.16607,1.17047
3002.12658,1.16992
3000.08710,1.16993
2998.04761,1.17189
2996.00812,1.17499
2993.96863,1.17858
2991.92914,1.18441
2989.88966,1.19310
2987.85017,1.20229
2985.81068,1.20954
2983.77119,1.21612
2981.73170,1.22431
2979.69221,1.23375
2977.65273,1.24468
2975.61324,1.25651
2973.57375,1.26651
2971.53426,1.27525
2969.49477,1.28463
2967.45529,1.29368
2965.41580,1.30241
2963.37631,1.31126
2961.33682,1.31779
2959.29733,1.32316
2957.25784,1.32951
2955.21836,1.33427
2953.17887,1.33663
2951.13938,1.33825
2949.09989,1.34176
2947.06040,1.34864
2945.02092,1.35646
2942.98143,1.36422
2940.94194,1.37451
2938.90245,1.38604
2936.86296,1.39489
2934.82348,1.40179
2932.78399,1.40775
2930.74450,1.41201
2928.70501,1.41474
2926.66552,1.41589
2924.62603,1.41499
2922.58655,1.41232
2920.54706,1.40933
2918.50757,1.40363
2916.46808,1.39117
2914.42859,1.37470
2912.38911,1.35825
2910.34962,1.34246
2908.31013,1.32880
2906.27064,1.31851
2904.23115,1.31049
2902.19166,1.30310
2900.15218,1.29517
2898.11269,1.28741
2896.07320,1.28179
2894.03371,1.27664
2891.99422,1.26939
2889.95474,1.26180
2887.91525,1.25636
2885.87576,1.25336
2883.83627,1.25122
2881.79678,1.24808
2879.75729,1.24524
2877.71781,1.24458
2875.67832,1.24527
2873.63883,1.24477
2871.59934,1.24062
2869.55985,1.23347
2867.52037,1.22665
2865.48088,1.22238
2863.44139,1.21973
2861.40190,1.21854
2859.36241,1.22135
2857.32292,1.22770
2855.28344,1.23411
2853.24395,1.23740
2851.20446,1.23403
2849.16497,1.22123
2847.12548,1.19941
2845.08600,1.17307
2843.04651,1.14803
2841.00702,1.12751
2838.96753,1.11161
2836.92804,1.09908
2834.88855,1.08879
2832.84907,1.08022
2830.80958,1.07311
2828.77009,1.06688
2826.73060,1.06073
2824.69111,1.05418
2822.65163,1.04734
2820.61214,1.04146
2818.57265,1.03635
2816.53316,1.02998
2814.49367,1.02358
2812.45418,1.01953
2810.41470,1.01687
2808.37521,1.01399
2806.33572,1.01061
2804.29623,1.00662
2802.25674,1.00284
2800.21726,1.00008
2798.17777,0.99709
2796.13828,0.99327
2794.09879,0.99001
2792.05930,0.98790
2790.01982,0.98565
2787.98033,0.98239
2785.94084,0.97911
2783.90135,0.97638
2781.86186,0.97445
2779.82237,0.97349
2777.78289,0.97187
2775.74340,0.96897
2773.70391,0.96627
2771.66442,0.96434
2769.62493,0.96282
2767.58545,0.96148
2765.54596,0.96048
2763.50647,0.95963
2761.46698,0.95828
2759.42749,0.95626
2757.38800,0.95456
2755.34852,0.95416
2753.30903,0.95357
2751.26954,0.95139
2749.23005,0.94919
2747.19056,0.94770
2745.15108,0.94642
2743.11159,0.94554
2741.07210,0.94477
2739.03261,0.94356
2736.99312,0.94186
2734.95363,0.94036
2732.91415,0.93942
2730.87466,0.93824
2728.83517,0.93646
2726.79568,0.93461
2724.75619,0.93277
2722.71671,0.93052
2720.67722,0.92847
2718.63773,0.92713
2716.59824,0.92544
2714.55875,0.92292
2712.51926,0.92030
2710.47978,0.91806
2708.44029,0.91562
2706.40080,0.91236
2704.36131,0.90915
2702.32182,0.90670
2700.28234,0.90480
2698.24285,0.90358
2696.20336,0.90226
2694.16387,0.90018
2692.12438,0.89813
2690.08489,0.89655
2688.04541,0.89485
2686.00592,0.89235
2683.96643,0.88909
2681.92694,0.88626
2679.88745,0.88470
2677.84797,0.88346
2675.80848,0.88182
2673.76899,0.87989
2671.72950,0.87734
2669.69001,0.87413
2667.65052,0.87083
2665.61104,0.86774
2663.57155,0.86515
2661.53206,0.86355
2659.49257,0.86226
2657.45308,0.86057
2655.41360,0.85895
2653.37411,0.85740
2651.33462,0.85516
2649.29513,0.85207
2647.25564,0.84942
2645.21616,0.84801
2643.17667,0.84652
2641.13718,0.84379
2639.09769,0.84085
2637.05820,0.83883
2635.01871,0.83686
2632.97923,0.83424
2630.93974,0.83159
2628.90025,0.82939
2626.86076,0.82730
2624.82127,0.82535
2622.78179,0.82359
2620.74230,0.82150
2618.70281,0.81933
2616.66332,0.81734
2614.62383,0.81538
2612.58434,0.81344
2610.54486,0.81135
2608.50537,0.80916
2606.46588,0.80732
2604.42639,0.80588
2602.38690,0.80405
2600.34742,0.80144
2598.30793,0.79869
2596.26844,0.79654
2594.22895,0.79497
2592.18946,0.79348
2590.14997,0.79190
2588.11049,0.79006
2586.07100,0.78788
2584.03151,0.78581
2581.99202,0.78435
2579.95253,0.78329
2577.91305,0.78193
2575.87356,0.77994
2573.83407,0.77826
2571.79458,0.77758
2569.75509,0.77627
2567.71560,0.77358
2565.67612,0.77157
2563.63663,0.77064
2561.59714,0.76911
2559.55765,0.76710
2557.51816,0.76535
2555.47868,0.76372
2553.43919,0.76244
2551.39970,0.76093
2549.36021,0.75872
2547.32072,0.75666
2545.28123,0.75509
2543.24175,0.75380
2541.20226,0.75298
2539.16277,0.75261
2537.12328,0.75164
2535.08379,0.74944
2533.04431,0.74671
2531.00482,0.74421
2528.96533,0.74207
2526.92584,0.74013
2524.88635,0.73819
2522.84686,0.73608
2520.80738,0.73418
2518.76789,0.73310
2516.72840,0.73244
2514.68891,0.73128
2512.64942,0.72964
2510.60994,0.72798
2508.57045,0.72633
2506.53096,0.72463
2504.49147,0.72299
2502.45198,0.72129
2500.41250,0.71914
2498.37301,0.71676
2496.33352,0.71494
2494.29403,0.71361
2492.25454,0.71175
2490.21505,0.70932
2488.17557,0.70725
2486.13608,0.70541
2484.09659,0.70342
2482.05710,0.70148
2480.01761,0.69972
2477.97813,0.69807
2475.93864,0.69620
2473.89915,0.69412
2471.85966,0.69220
2469.82017,0.69019
2467.78068,0.68778
2465.74120,0.68533
2463.70171,0.68308
2461.66222,0.68078
2459.62273,0.67858
2457.58324,0.67675
2455.54376,0.67522
2453.50427,0.67395
2451.46478,0.67243
2449.42529,0.67016
2447.38580,0.66781
2445.34631,0.66594
2443.30683,0.66411
2441.26734,0.66208
2439.22785,0.65995
2437.18836,0.65780
2435.14887,0.65622
2433.10939,0.65504
2431.06990,0.65337
2429.03041,0.65140
2426.99092,0.64963
2424.95143,0.64784
2422.91194,0.64597
2420.87246,0.64451
2418.83297,0.64325
2416.79348,0.64128
2414.75399,0.63886
2412.71450,0.63673
2410.67502,0.63475
2408.63553,0.63292
2406.59604,0.63135
2404.55655,0.62979
2402.51706,0.62830
2400.47757,0.62693
2398.43809,0.62566
2396.39860,0.62457
2394.35911,0.62357
2392.31962,0.62230
2390.28013,0.62060
2388.24065,0.61907
2386.20116,0.61841
2384.16167,0.61848
2382.12218,0.61867
2380.08269,0.61881
2378.04320,0.61875
2376.00372,0.61818
2373.96423,0.61718
2371.92474,0.61612
2369.88525,0.61537
2367.84576,0.61532
2365.80628,0.61575
2363.76679,0.61612
2361.72730,0.61624
2359.68781,0.61535
2357.64832,0.61254
2355.60884,0.60911
2353.56935,0.60726
2351.52986,0.60749
2349.49037,0.60829
2347.45088,0.60791
2345.41139,0.60655
2343.37191,0.60549
2341.33242,0.60463
2339.29293,0.60304
2337.25344,0.60078
2335.21395,0.59852
2333.17447,0.59650
2331.13498,0.59449
2329.09549,0.59296
2327.05600,0.59232
2325.01651,0.59168
2322.97702,0.59011
2320.93754,0.58801
2318.89805,0.58616
2316.85856,0.58483
2314.81907,0.58384
2312.77958,0.58283
2310.74010,0.58177
2308.70061,0.58090
2306.66112,0.58005
2304.62163,0.57888
2302.58214,0.57766
2300.54265,0.57673
2298.50317,0.57593
2296.46368,0.57492
2294.42419,0.57386
2292.38470,0.57311
2290.34521,0.57234
2288.30573,0.57127
2286.26624,0.57043
2284.22675,0.57002
2282.18726,0.56958
2280.14777,0.56898
2278.10828,0.56851
2276.06880,0.56813
2274.02931,0.56760
2271.98982,0.56711
2269.95033,0.56680
2267.91084,0.56647
2265.87136,0.56617
2263.83187,0.56606
2261.79238,0.56591
2259.75289,0.56544
2257.71340,0.56467
2255.67391,0.56398
2253.63443,0.56363
2251.59494,0.56351
2249.55545,0.56349
2247.51596,0.56377
2245.47647,0.56426
2243.43699,0.56476
2241.39750,0.56484
2239.35801,0.56461
2237.31852,0.56467
2235.27903,0.56499
2233.23954,0.56494
2231.20006,0.56443
2229.16057,0.56395
2227.12108,0.56376
2225.08159,0.56364
2223.04210,0.56362
2221.00262,0.56383
2218.96313,0.56390
2216.92364,0.56357
2214.88415,0.56337
2212.84466,0.56387
2210.80518,0.56469
2208.76569,0.56498
2206.72620,0.56468
2204.68671,0.56435
2202.64722,0.56460
2200.60773,0.56525
2198.56825,0.56562
2196.52876,0.56566
2194.48927,0.56599
2192.44978,0.56661
2190.41029,0.56713
2188.37081,0.56763
2186.33132,0.56822
2184.29183,0.56876
2182.25234,0.56915
2180.21285,0.56955
2178.17336,0.57002
2176.13388,0.57041
2174.09439,0.57083
2172.05490,0.57150
2170.01541,0.57219
2167.97592,0.57278
2165.93644,0.57328
2163.89695,0.57346
2161.85746,0.57350
2159.81797,0.57372
2157.77848,0.57420
2155.73899,0.57475
2153.69951,0.57512
2151.66002,0.57527
2149.62053,0.57521
2147.58104,0.57491
2145.54155,0.57477
2143.50207,0.57507
2141.46258,0.57550
2139.42309,0.57581
2137.38360,0.57590
2135.34411,0.57575
2133.30462,0.57541
2131.26514,0.57513
2129.22565,0.57493
2127.18616,0.57479
2125.14667,0.57472
2123.10718,0.57451
2121.06770,0.57421
2119.02821,0.57383
2116.98872,0.57321
2114.94923,0.57266
2112.90974,0.57245
2110.87025,0.57215
2108.83077,0.57166
2106.79128,0.57142
2104.75179,0.57145
2102.71230,0.57145
2100.67281,0.57126
2098.63333,0.57092
2096.59384,0.57048
2094.55435,0.56997
2092.51486,0.56957
2090.47537,0.56944
2088.43588,0.56936
2086.39640,0.56913
2084.35691,0.56883
2082.31742,0.56825
2080.27793,0.56735
2078.23844,0.56667
2076.19896,0.56652
2074.15947,0.56661
2072.11998,0.56659
2070.08049,0.56641
2068.04100,0.56629
2066.00152,0.56635
2063.96203,0.56633
2061.92254,0.56598
2059.88305,0.56553
2057.84356,0.56534
2055.80407,0.56518
2053.76459,0.56487
2051.72510,0.56464
2049.68561,0.56474
2047.64612,0.56483
2045.60663,0.56446
2043.56715,0.56392
2041.52766,0.56355
2039.48817,0.56325
2037.44868,0.56303
2035.40919,0.56296
2033.36970,0.56274
2031.33022,0.56205
2029.29073,0.56094
2027.25124,0.55992
2025.21175,0.55927
2023.17226,0.55875
2021.13278,0.55826
2019.09329,0.55777
2017.05380,0.55710
2015.01431,0.55624
2012.97482,0.55548
2010.93533,0.55480
2008.89585,0.55410
2006.85636,0.55372
2004.81687,0.55355
2002.77738,0.55328
2000.73789,0.55308
1998.69841,0.55293
1996.65892,0.55254
1994.61943,0.55238
1992.57994,0.55282
1990.54045,0.55312
1988.50096,0.55267
1986.46148,0.55193
1984.42199,0.55153
1982.38250,0.55154
1980.34301,0.55173
1978.30352,0.55191
1976.26404,0.55209
1974.22455,0.55234
1972.18506,0.55263
1970.14557,0.55317
1968.10608,0.55372
1966.06659,0.55352
1964.02711,0.55271
1961.98762,0.55205
1959.94813,0.55176
1957.90864,0.55177
1955.86915,0.55185
1953.82967,0.55186
1951.79018,0.55186
1949.75069,0.55198
1947.71120,0.55237
1945.67171,0.55308
1943.63222,0.55369
1941.59274,0.55355
1939.55325,0.55295
1937.51376,0.55273
1935.47427,0.55285
1933.43478,0.55280
1931.39530,0.55271
1929.35581,0.55281
1927.31632,0.55303
1925.27683,0.55355
1923.23734,0.55439
1921.19786,0.55522
1919.15837,0.55587
1917.11888,0.55593
1915.07939,0.55577
1913.03990,0.55640
1911.00041,0.55757
1908.96093,0.55844
1906.92144,0.55883
1904.88195,0.55905
1902.84246,0.55941
1900.80297,0.56000
1898.76349,0.56104
1896.72400,0.56251
1894.68451,0.56376
1892.64502,0.56476
1890.60553,0.56590
1888.56604,0.56644
1886.52656,0.56633
1884.48707,0.56666
1882.44758,0.56772
1880.40809,0.56888
1878.36860,0.56952
1876.32912,0.56991
1874.28963,0.57103
1872.25014,0.57350
1870.21065,0.57658
1868.17116,0.57827
1866.13167,0.57802
1864.09219,0.57785
1862.05270,0.57878
1860.01321,0.58025
1857.97372,0.58165
1855.93423,0.58283
1853.89475,0.58388
1851.85526,0.58519
1849.81577,0.58737
1847.77628,0.59065
1845.73679,0.59438
1843.69730,0.59696
1841.65782,0.59804
1839.61833,0.59952
1837.57884,0.60231
1835.53935,0.60559
1833.49986,0.60902
1831.46038,0.61304
1829.42089,0.61717
1827.38140,0.62075
1825.34191,0.62400
1823.30242,0.62713
1821.26293,0.63047
1819.22345,0.63443
1817.18396,0.63877
1815.14447,0.64339
1813.10498,0.64856
1811.06549,0.65410
1809.02601,0.65959
1806.98652,0.66543
1804.94703,0.67245
1802.90754,0.68088
1800.86805,0.69009
1798.82856,0.69944
1796.78908,0.70956
1794.74959,0.72171
1792.71010,0.73589
1790.67061,0.74956
1788.63112,0.76157
1786.59164,0.77437
1784.55215,0.78942
1782.51266,0.80598
1780.47317,0.82312
1778.43368,0.84002
1776.39420,0.85747
1774.35471,0.87844
1772.31522,0.90401
1770.27573,0.93099
1768.23624,0.95822
1766.19675,0.98763
1764.15727,1.02046
1762.11778,1.05885
1760.07829,1.10096
1758.03880,1.14304
1755.99931,1.18449
1753.95983,1.22369
1751.92034,1.26291
1749.88085,1.30449
1747.84136,1.34326
1745.80187,1.37576
1743.76238,1.40446
1741.72290,1.43007
1739.68341,1.44978
1737.64392,1.46244
1735.60443,1.47175
1733.56494,1.47633
1731.52546,1.47003
1729.48597,1.45607
1727.44648,1.44106
1725.40699,1.42777
1723.36750,1.41577
1721.32801,1.40484
1719.28853,1.39362
1717.24904,1.37904
1715.20955,1.36222
1713.17006,1.34844
1711.13057,1.34057
1709.09109,1.33894
1707.05160,1.34196
1705.01211,1.34773
1702.97262,1.35848
1700.93313,1.37942
1698.89364,1.40813
1696.85416,1.43506
1694.81467,1.45910
1692.77518,1.48325
1690.73569,1.50981
1688.69620,1.53780
1686.65672,1.56586
1684.61723,1.59869
1682.57774,1.63289
1680.53825,1.65576
1678.49876,1.67021
1676.45927,1.68553
1674.41979,1.70224
1672.38030,1.71814
1670.34081,1.73827
1668.30132,1.76220
1666.26183,1.77788
1664.22235,1.78290
1662.18286,1.78379
1660.14337,1.78501
1658.10388,1.78505
1656.06439,1.78289
1654.02490,1.78137
1651.98542,1.77859
1649.94593,1.77309
1647.90644,1.76787
1645.86695,1.76299
1643.82746,1.75797
1641.78798,1.75529
1639.74849,1.75750
1637.70900,1.75970
1635.66951,1.75236
1633.63002,1.74015
1631.59054,1.73381
1629.55105,1.73019
1627.51156,1.72382
1625.47207,1.71694
1623.43258,1.71463
1621.39309,1.71501
1619.35361,1.71238
1617.31412,1.70939
1615.27463,1.71300
1613.23514,1.71845
1611.19565,1.71787
1609.15617,1.71270
1607.11668,1.70718
1605.07719,1.70168
1603.03770,1.69537
1600.99821,1.68870
1598.95872,1.67945
1596.91924,1.66808
1594.87975,1.66115
1592.84026,1.65947
1590.80077,1.65618
1588.76128,1.64752
1586.72180,1.63550
1584.68231,1.62347
1582.64282,1.61417
1580.60333,1.60762
1578.56384,1.60026
1576.52435,1.59052
1574.48487,1.58217
1572.44538,1.57669
1570.40589,1.56998
1568.36640,1.56214
1566.32691,1.55725
1564.28743,1.55453
1562.24794,1.55256
1560.20845,1.55123
1558.16896,1.55141
1556.12947,1.55519
1554.08998,1.55855
1552.05050,1.55716
1550.01101,1.55345
1547.97152,1.55097
1545.93203,1.54870
1543.89254,1.54498
1541.85306,1.53846
1539.81357,1.52802
1537.77408,1.51890
1535.73459,1.51401
1533.69510,1.50866
1531.65561,1.49935
1529.61613,1.48783
1527.57664,1.47619
1525.53715,1.46574
1523.49766,1.45774
1521.45817,1.45223
1519.41869,1.44794
1517.37920,1.44253
1515.33971,1.43484
1513.30022,1.42623
1511.26073,1.41703
1509.22124,1.40351
1507.18176,1.38335
1505.14227,1.36559
1503.10278,1.35678
1501.06329,1.35058
1499.02380,1.34136
1496.98432,1.32885
1494.94483,1.31726
1492.90534,1.31040
1490.86585,1.30740
1488.82636,1.30691
1486.78688,1.30979
1484.74739,1.31604
1482.70790,1.32524
1480.66841,1.33871
1478.62892,1.35775
1476.58943,1.38112
1474.54995,1.40686
1472.51046,1.43589
1470.47097,1.46564
1468.43148,1.48903
1466.39199,1.50629
1464.35251,1.52169
1462.31302,1.53717
1460.27353,1.55146
1458.23404,1.56096
1456.19455,1.56599
1454.15506,1.57328
1452.11558,1.58400
1450.07609,1.59301
1448.03660,1.59706
1445.99711,1.59923
1443.95762,1.60349
1441.91814,1.60882
1439.87865,1.61006
1437.83916,1.60753
1435.79967,1.61027
1433.76018,1.62015
1431.72069,1.62880
1429.68121,1.63195
1427.64172,1.63165
1425.60223,1.63043
1423.56274,1.63174
1421.52325,1.64015
1419.48377,1.65198
1417.44428,1.65483
1415.40479,1.64682
1413.36530,1.63835
1411.32581,1.63576
1409.28632,1.63768
1407.24684,1.63876
1405.20735,1.63559
1403.16786,1.63075
1401.12837,1.62876
1399.08888,1.62942
1397.04940,1.63065
1395.00991,1.63253
1392.97042,1.63255
1390.93093,1.62834
1388.89144,1.62374
1386.85195,1.62270
1384.81247,1.62370
1382.77298,1.62319
1380.73349,1.62042
1378.69400,1.61787
1376.65451,1.61681
1374.61503,1.61444
1372.57554,1.60949
1370.53605,1.60511
1368.49656,1.60187
1366.45707,1.59632
1364.41758,1.58640
1362.37810,1.57528
1360.33861,1.56784
1358.29912,1.56360
1356.25963,1.56036
1354.22014,1.55670
1352.18066,1.55117
1350.14117,1.54459
1348.10168,1.53871
1346.06219,1.53467
1344.02270,1.53375
1341.98322,1.53709
1339.94373,1.54329
1337.90424,1.54784
1335.86475,1.54837
1333.82526,1.54550
1331.78577,1.54147
1329.74629,1.54034
1327.70680,1.54209
1325.66731,1.54262
1323.62782,1.54240
1321.58833,1.54492
1319.54885,1.54730
1317.50936,1.54505
1315.46987,1.54093
1313.43038,1.53919
1311.39089,1.53816
1309.35140,1.53511
1307.31192,1.53215
1305.27243,1.52960
1303.23294,1.52485
1301.19345,1.51920
1299.15396,1.51629
1297.11448,1.51618
1295.07499,1.51647
1293.03550,1.51754
1290.99601,1.52087
1288.95652,1.52454
1286.91703,1.52655
1284.87755,1.52999
1282.83806,1.53695
1280.79857,1.54268
1278.75908,1.54403
1276.71959,1.54649
1274.68011,1.55436
1272.64062,1.56331
1270.60113,1.56754
1268.56164,1.56550
1266.52215,1.56266
1264.48266,1.56476
1262.44318,1.56939
1260.40369,1.57217
1258.36420,1.57226
1256.32471,1.57337
1254.28522,1.57970
1252.24574,1.58746
1250.20625,1.58895
1248.16676,1.58593
1246.12727,1.58468
1244.08778,1.58213
1242.04829,1.57473
1240.00881,1.56865
1237.96932,1.56832
1235.92983,1.56740
1233.89034,1.55901
1231.85085,1.54858
1229.81137,1.54198
1227.77188,1.53495
1225.73239,1.52310
1223.69290,1.50988
1221.65341,1.50092
1219.61392,1.49363
1217.57444,1.48349
1215.53495,1.47243
1213.49546,1.46442
1211.45597,1.46124
1209.41648,1.46080
1207.37700,1.46051
1205.33751,1.46013
1203.29802,1.46086
1201.25853,1.46250
1199.21904,1.46222
1197.17956,1.45873
1195.14007,1.45503
1193.10058,1.45451
1191.06109,1.45805
1189.02160,1.46617
1186.98211,1.47711
1184.94263,1.48844
1182.90314,1.50105
1180.86365,1.51711
1178.82416,1.53712
1176.78467,1.55836
1174.74519,1.57894
1172.70570,1.60061
1170.66621,1.62451
1168.62672,1.64388
1166.58723,1.65022
1164.54774,1.64838
1162.50826,1.65152
1160.46877,1.66330
1158.42928,1.67155
1156.38979,1.66926
1154.35030,1.66555
1152.31082,1.66584
1150.27133,1.66846
1148.23184,1.67046
1146.19235,1.67026
1144.15286,1.67385
1142.11337,1.68069
1140.07389,1.68123
1138.03440,1.68053
1135.99491,1.68954
1133.95542,1.70000
1131.91593,1.69859
1129.87645,1.69246
1127.83696,1.69395
1125.79747,1.70258
1123.75798,1.71271
1121.71849,1.72233
1119.67900,1.73252
1117.63952,1.74014
1115.60003,1.74332
1113.56054,1.75085
1111.52105,1.76241
1109.48156,1.77137
1107.44208,1.78185
1105.40259,1.78804
1103.36310,1.78590
1101.32361,1.78308
1099.28412,1.77815
1097.24463,1.77436
1095.20515,1.77577
1093.16566,1.77993
1091.12617,1.78472
1089.08668,1.78712
1087.04719,1.78945
1085.00771,1.79698
1082.96822,1.80546
1080.92873,1.80549
1078.88924,1.80247
1076.84975,1.80515
1074.81027,1.80561
1072.77078,1.80214
1070.73129,1.80164
1068.69180,1.79691
1066.65231,1.78463
1064.61282,1.77782
1062.57334,1.77937
1060.53385,1.77776
1058.49436,1.76638
1056.45487,1.75027
1054.41538,1.74100
1052.37590,1.74295
1050.33641,1.74565
1048.29692,1.73655
1046.25743,1.72336
1044.21794,1.71836
1042.17845,1.71516
1040.13897,1.70421
1038.09948,1.69331
1036.05999,1.69089
1034.02050,1.68776
1031.98101,1.67944
1029.94153,1.66657
1027.90204,1.64917
1025.86255,1.63617
1023.82306,1.62619
1021.78357,1.61203
1019.74408,1.59919
1017.70460,1.59044
1015.66511,1.57998
1013.62562,1.56795
1011.58613,1.55767
1009.54664,1.54566
1007.50716,1.52681
1005.46767,1.50390
1003.42818,1.48715
1001.38869,1.47641
999.34920,1.46529
997.30971,1.45463
995.27023,1.44484
993.23074,1.43408
991.19125,1.42313
989.15176,1.41001
987.11227,1.38912
985.07279,1.36566
983.03330,1.34866
980.99381,1.33533
978.95432,1.32239
976.91483,1.31045
974.87534,1.29867
972.83586,1.28784
970.79637,1.27857
968.75688,1.26921
966.71739,1.25957
964.67790,1.25025
962.63842,1.24039
960.59893,1.22985
958.55944,1.21915
956.51995,1.20868
954.48046,1.19874
952.44097,1.18875
950.40149,1.17811
948.36200,1.16860
946.32251,1.16165
944.28302,1.15612
942.24353,1.15271
940.20405,1.15249
938.16456,1.15391
936.12507,1.15512
934.08558,1.15587
932.04609,1.15825
930.00661,1.16416
927.96712,1.17320
925.92763,1.18340
923.88814,1.19174
921.84865,1.19625
919.80916,1.19781
917.76968,1.19955
915.73019,1.20267
913.69070,1.20361
911.65121,1.20082
909.61172,1.19801
907.57224,1.19691
905.53275,1.19693
903.49326,1.19885
901.45377,1.20267
899.41428,1.20703
897.37479,1.20974
895.33531,1.20904
893.29582,1.20517
891.25633,1.19975
889.21684,1.19509
887.17735,1.19088
885.13787,1.18638
883.09838,1.18260
881.05889,1.17910
879.01940,1.17596
876.97991,1.17557
874.94042,1.17763
872.90094,1.17838
870.86145,1.17843
868.82196,1.18055
866.78247,1.18512
864.74298,1.19061
862.70350,1.19201
860.66401,1.18968
858.62452,1.19085
856.58503,1.19723
854.54554,1.20476
852.50605,1.21196
850.46657,1.21967
848.42708,1.22792
846.38759,1.23734
844.34810,1.24894
842.30861,1.26178
840.26913,1.27250
838.22964,1.28056
836.19015,1.28690
834.15066,1.29038
832.11117,1.29265
830.07168,1.29336
828.03220,1.28849
825.99271,1.28233
823.95322,1.28199
821.91373,1.28554
819.87424,1.28896
817.83476,1.29391
815.79527,1.30077
813.75578,1.30677
811.71629,1.31180
809.67680,1.31621
807.63731,1.31824
805.59783,1.31629
803.55834,1.31448
801.51885,1.31740
799.47936,1.32293
797.43987,1.32812
795.40039,1.33209
793.36090,1.33645
791.32141,1.34253
789.28192,1.34842
787.24243,1.35253
785.20295,1.35732
783.16346,1.36344
781.12397,1.36849
779.08448,1.37545
777.04499,1.38548
775.00550,1.39194
772.96602,1.39237
770.92653,1.39408
768.88704,1.40046
766.84755,1.40454
764.80806,1.40184
762.76858,1.39754
760.72909,1.39970
758.68960,1.41008
756.65011,1.42023
754.61062,1.42093
752.57113,1.41694
750.53165,1.41718
748.49216,1.41788
746.45267,1.41832
744.41318,1.42320
742.37369,1.43159
740.33421,1.44192
738.29472,1.45162
736.25523,1.45872
734.21574,1.46360
732.17625,1.46819
730.13676,1.47441
728.09728,1.48144
726.05779,1.48813
724.01830,1.49351
721.97881,1.49978
719.93932,1.50897
717.89984,1.51781
715.86035,1.52372
713.82086,1.53044
711.78137,1.53887
709.74188,1.54628
707.70239,1.54945
705.66291,1.54365
703.62342,1.53306
701.58393,1.53157
699.54444,1.54303
697.50495,1.55195
695.46547,1.54663
693.42598,1.53749
691.38649,1.53639
689.34700,1.54040
687.30751,1.54330
685.26802,1.54439
683.22854,1.54527
681.18905,1.54494
679.14956,1.54520
677.11007,1.55343
675.07058,1.56818
673.03110,1.57920
670.99161,1.57962
668.95212,1.57801
666.91263,1.58802
664.87314,1.59461
662.83365,1.58806
660.79417,1.57965
658.75468,1.57328
656.71519,1.56559
654.67570,1.55720
652.63621,1.55534
650.59673,1.56931
648.55724,1.59233
646.51775,1.60333
644.47826,1.60015
642.43877,1.60043
640.39929,1.60900
638.35980,1.61208
636.32031,1.60041
634.28082,1.58111
632.24133,1.57368
630.20184,1.59497
628.16236,1.63525
626.12287,1.65707
624.08338,1.63002
622.04389,1.58835
620.00440,1.56777
617.96492,1.55833
615.92543,1.55494
613.88594,1.56629
611.84645,1.57916
609.80696,1.58045
607.76747,1.56405
605.72799,1.53664
603.68850,1.52877
601.64901,1.52921
599.60952,1.51522
597.57003,1.49932
595.53055,1.49444
593.49106,1.49814
591.45157,1.53937
589.41208,1.58712
587.37259,1.58661
585.33310,1.57384
583.29362,1.56341
581.25413,1.53220
579.21464,1.49860
577.17515,1.48779
575.13566,1.48375
573.09618,1.49098
571.05669,1.51468
569.01720,1.51235
566.97771,1.49059
564.93822,1.48722
562.89873,1.50581
560.85925,1.53068
558.81976,1.55103
556.78027,1.55808
554.74078,1.55336
552.70129,1.55637
550.66181,1.57940
548.62232,1.61652
546.58283,1.63114
544.54334,1.63936
542.50385,1.67825
540.46436,1.71352
538.42488,1.71799
536.38539,1.70312
534.34590,1.63485
532.30641,1.56606
530.26692,1.50161
528.22744,1.48268
526.18795,1.50614
524.14846,1.53725
522.10897,1.57602
520.06948,1.57038
518.02999,1.50880
515.99051,1.49557
513.95102,1.51746
511.91153,1.49905
509.87204,1.48664
507.83255,1.45582
505.79307,1.35415
503.75358,1.30774
501.71409,1.27943
499.67460,1.18672
