3997.39681,0.29084
3995.35732,0.29087
3993.31783,0.29174
3991.27835,0.29238
3989.23886,0.29195
3987.19937,0.29134
3985.15988,0.29128
3983.12039,0.29112
3981.08091,0.29041
3979.04142,0.28978
3977.00193,0.28978
3974.96244,0.29013
3972.92295,0.29011
3970.88346,0.28933
3968.84398,0.28814
3966.80449,0.28713
3964.76500,0.28648
3962.72551,0.28618
3960.68602,0.28600
3958.64654,0.28559
3956.60705,0.28500
3954.56756,0.28448
3952.52807,0.28398
3950.48858,0.28345
3948.44909,0.28302
3946.40961,0.28263
3944.37012,0.28200
3942.33063,0.28129
3940.29114,0.28073
3938.25165,0.28012
3936.21217,0.27953
3934.17268,0.27927
3932.13319,0.27890
3930.09370,0.27800
3928.05421,0.27698
3926.01473,0.27617
3923.97524,0.27533
3921.93575,0.27447
3919.89626,0.27389
3917.85677,0.27329
3915.81728,0.27222
3913.77780,0.27105
3911.73831,0.27014
3909.69882,0.26938
3907.65933,0.26885
3905.61984,0.26867
3903.58036,0.26830
3901.54087,0.26709
3899.50138,0.26555
3897.46189,0.26474
3895.42240,0.26464
3893.38291,0.26436
3891.34343,0.26365
3889.30394,0.26320
3887.26445,0.26301
3885.22496,0.26239
3883.18547,0.26144
3881.14599,0.26072
3879.10650,0.26036
3877.06701,0.26009
3875.02752,0.25952
3872.98803,0.25865
3870.94854,0.25777
3868.90906,0.25734
3866.86957,0.25732
3864.83008,0.25697
3862.79059,0.25634
3860.75110,0.25613
3858.71162,0.25591
3856.67213,0.25468
3854.63264,0.25263
3852.59315,0.25174
3850.55366,0.25274
3848.51417,0.25397
3846.47469,0.25473
3844.43520,0.25509
3842.39571,0.25483
3840.35622,0.25414
3838.31673,0.25354
3836.27725,0.25308
3834.23776,0.25280
3832.19827,0.25307
3830.15878,0.25377
3828.11929,0.25436
3826.07980,0.25465
3824.04032,0.25454
3822.00083,0.25413
3819.96134,0.25406
3817.92185,0.25415
3815.88236,0.25415
3813.84288,0.25485
3811.80339,0.25620
3809.76390,0.25720
3807.72441,0.25733
3805.68492,0.25690
3803.64543,0.25662
3801.60595,0.25701
3799.56646,0.25783
3797.52697,0.25846
3795.48748,0.25922
3793.44799,0.26040
3791.40851,0.26154
3789.36902,0.26240
3787.32953,0.26318
3785.29004,0.26404
3783.25055,0.26502
3781.21107,0.26609
3779.17158,0.26719
3777.13209,0.26809
3775.09260,0.26880
3773.05311,0.26968
3771.01362,0.27096
3768.97414,0.27258
3766.93465,0.27436
3764.89516,0.27608
3762.85567,0.27738
3760.81618,0.27815
3758.77670,0.27898
3756.73721,0.28026
3754.69772,0.28144
3752.65823,0.28231
3750.61874,0.28385
3748.57925,0.28623
3746.53977,0.28835
3744.50028,0.29090
3742.46079,0.29459
3740.42130,0.29789
3738.38181,0.29981
3736.34233,0.30111
3734.30284,0.30327
3732.26335,0.30683
3730.22386,0.31079
3728.18437,0.31432
3726.14488,0.31782
3724.10540,0.32207
3722.06591,0.32727
3720.02642,0.33294
3717.98693,0.33822
3715.94744,0.34298
3713.90796,0.34833
3711.86847,0.35618
3709.82898,0.36732
3707.78949,0.37996
3705.75000,0.39276
3703.71051,0.40678
3701.67103,0.42342
3699.63154,0.44100
3697.59205,0.45605
3695.55256,0.46695
3693.51307,0.47351
3691.47359,0.47611
3689.43410,0.47578
3687.39461,0.47454
3685.35512,0.47455
3683.31563,0.47680
3681.27614,0.48147
3679.23666,0.48807
3677.19717,0.49709
3675.15768,0.51001
3673.11819,0.52469
3671.07870,0.53909
3669.03922,0.55398
3666.99973,0.56803
3664.96024,0.58051
3662.92075,0.59276
3660.88126,0.60590
3658.84177,0.62034
3656.80229,0.63629
3654.76280,0.65214
3652.72331,0.66619
3650.68382,0.68013
3648.64433,0.69504
3646.60485,0.70868
3644.56536,0.72045
3642.52587,0.73189
3640.48638,0.74394
3638.44689,0.75660
3636.40741,0.76947
3634.36792,0.78238
3632.32843,0.79570
3630.28894,0.81106
3628.24945,0.82910
3626.20996,0.84622
3624.17048,0.86109
3622.13099,0.87506
3620.09150,0.88645
3618.05201,0.89328
3616.01252,0.89840
3613.97304,0.90471
3611.93355,0.91176
3609.89406,0.91941
3607.85457,0.92804
3605.81508,0.93716
3603.77559,0.94697
3601.73611,0.95734
3599.69662,0.96678
3597.65713,0.97519
3595.61764,0.98434
3593.57815,0.99489
3591.53867,1.00529
3589.49918,1.01545
3587.45969,1.02592
3585.42020,1.03425
3583.38071,1.04021
3581.34122,1.04699
3579.30174,1.05512
3577.26225,1.06214
3575.22276,1.06799
3573.18327,1.07541
3571.14378,1.08505
3569.10430,1.09465
3567.06481,1.10247
3565.02532,1.10994
3562.98583,1.11943
3560.94634,1.12926
3558.90685,1.13624
3556.86737,1.14137
3554.82788,1.14783
3552.78839,1.15504
3550.74890,1.16154
3548.70941,1.17036
3546.66993,1.18303
3544.63044,1.19420
3542.59095,1.19965
3540.55146,1.20190
3538.51197,1.20430
3536.47248,1.20883
3534.43300,1.21604
3532.39351,1.22338
3530.35402,1.22940
3528.31453,1.23523
3526.27504,1.24131
3524.23556,1.24783
3522.19607,1.25401
3520.15658,1.25736
3518.11709,1.25919
3516.07760,1.26435
3514.03811,1.27385
3511.99863,1.28336
3509.95914,1.28906
3507.91965,1.29125
3505.88016,1.29240
3503.84067,1.29642
3501.80119,1.30338
3499.76170,1.30906
3497.72221,1.31471
3495.68272,1.32343
3493.64323,1.33129
3491.60375,1.33332
3489.56426,1.33409
3487.52477,1.33913
3485.48528,1.34434
3483.44579,1.34644
3481.40630,1.35073
3479.36682,1.36022
3477.32733,1.36761
3475.28784,1.36669
3473.24835,1.36340
3471.20886,1.36553
3469.16938,1.37199
3467.12989,1.37675
3465.09040,1.37899
3463.05091,1.38290
3461.01142,1.38716
3458.97193,1.38969
3456.93245,1.39389
3454.89296,1.39714
3452.85347,1.39465
3450.81398,1.39281
3448.77449,1.39779
3446.73501,1.40465
3444.69552,1.40718
3442.65603,1.40641
3440.61654,1.40597
3438.57705,1.40878
3436.53756,1.41419
3434.49808,1.41994
3432.45859,1.42647
3430.41910,1.43087
3428.37961,1.43074
3426.34012,1.43046
3424.30064,1.43060
3422.26115,1.42819
3420.22166,1.42640
3418.18217,1.42819
3416.14268,1.43419
3414.10319,1.44059
3412.06371,1.43858
3410.02422,1.43162
3407.98473,1.43163
3405.94524,1.44033
3403.90575,1.44845
3401.86627,1.45091
3399.82678,1.45157
3397.78729,1.45508
3395.74780,1.45736
3393.70831,1.45043
3391.66882,1.44232
3389.62934,1.44326
3387.58985,1.44712
3385.55036,1.44887
3383.51087,1.45107
3381.47138,1.45152
3379.43190,1.44908
3377.39241,1.44859
3375.35292,1.45216
3373.31343,1.45701
3371.27394,1.45988
3369.23446,1.45804
3367.19497,1.45227
3365.15548,1.44940
3363.11599,1.45205
3361.07650,1.45503
3359.03701,1.45702
3356.99753,1.46084
3354.95804,1.46393
3352.91855,1.46207
3350.87906,1.45912
3348.83957,1.46155
3346.80009,1.46711
3344.76060,1.46984
3342.72111,1.46861
3340.68162,1.46580
3338.64213,1.46484
3336.60264,1.46471
3334.56316,1.46219
3332.52367,1.46026
3330.48418,1.46169
3328.44469,1.46471
3326.40520,1.46742
3324.36572,1.46658
3322.32623,1.46324
3320.28674,1.46339
3318.24725,1.46523
3316.20776,1.46423
3314.16827,1.46348
3312.12879,1.46468
3310.08930,1.46450
3308.04981,1.46306
3306.01032,1.46018
3303.97083,1.45629
3301.93135,1.45693
3299.89186,1.45901
3297.85237,1.45532
3295.81288,1.45031
3293.77339,1.44948
3291.73390,1.45101
3289.69442,1.45035
3287.65493,1.44692
3285.61544,1.44507
3283.57595,1.44498
3281.53646,1.44448
3279.49698,1.44302
3277.45749,1.43951
3275.41800,1.43471
3273.37851,1.42902
3271.33902,1.42255
3269.29953,1.41703
3267.26005,1.41309
3265.22056,1.40931
3263.18107,1.40587
3261.14158,1.40348
3259.10209,1.40100
3257.06261,1.39820
3255.02312,1.39467
3252.98363,1.38907
3250.94414,1.38275
3248.90465,1.37896
3246.86516,1.37657
3244.82568,1.37394
3242.78619,1.37382
3240.74670,1.37443
3238.70721,1.37145
3236.66772,1.36712
3234.62824,1.36413
3232.58875,1.36117
3230.54926,1.35793
3228.50977,1.35473
3226.47028,1.35180
3224.43080,1.34924
3222.39131,1.34543
3220.35182,1.34112
3218.31233,1.33936
3216.27284,1.33918
3214.23335,1.33670
3212.19387,1.33162
3210.15438,1.32680
3208.11489,1.32369
3206.07540,1.32178
3204.03591,1.32047
3201.99643,1.32050
3199.95694,1.32104
3197.91745,1.31856
3195.87796,1.31195
3193.83847,1.30455
3191.79898,1.29889
3189.75950,1.29380
3187.72001,1.28857
3185.68052,1.28526
3183.64103,1.28377
3181.60154,1.28124
3179.56206,1.27767
3177.52257,1.27367
3175.48308,1.26840
3173.44359,1.26282
3171.40410,1.25987
3169.36461,1.25965
3167.32513,1.25975
3165.28564,1.25901
3163.24615,1.25600
3161.20666,1.25082
3159.16717,1.24602
3157.12769,1.24372
3155.08820,1.24304
3153.04871,1.23970
3151.00922,1.23332
3148.96973,1.22865
3146.93024,1.22684
3144.89076,1.22405
3142.85127,1.21972
3140.81178,1.21709
3138.77229,1.21611
3136.73280,1.21444
3134.69332,1.21119
3132.65383,1.20655
3130.61434,1.20228
3128.57485,1.19997
3126.53536,1.19866
3124.49587,1.19628
3122.45639,1.19200
3120.41690,1.18803
3118.37741,1.18709
3116.33792,1.18835
3114.29843,1.18870
3112.25895,1.18606
3110.21946,1.18160
3108.17997,1.17796
3106.14048,1.17568
3104.10099,1.17366
3102.06150,1.17173
3100.02202,1.16977
3097.98253,1.16691
3095.94304,1.16402
3093.90355,1.16274
3091.86406,1.16296
3089.82458,1.16276
3087.78509,1.16057
3085.74560,1.15762
3083.70611,1.15484
3081.66662,1.15198
3079.62714,1.14972
3077.58765,1.14775
3075.54816,1.14544
3073.50867,1.14387
3071.46918,1.14220
3069.42969,1.13923
3067.39021,1.13683
3065.35072,1.13458
3063.31123,1.13082
3061.27174,1.12758
3059.23225,1.12680
3057.19277,1.12575
3055.15328,1.12179
3053.11379,1.11773
3051.07430,1.11509
3049.03481,1.11247
3046.99532,1.11043
3044.95584,1.10864
3042.91635,1.10578
3040.87686,1.10278
3038.83737,1.09939
3036.79788,1.09459
3034.75840,1.09047
3032.71891,1.08840
3030.67942,1.08633
3028.63993,1.08299
3026.60044,1.07993
3024.56095,1.07775
3022.52147,1.07514
3020.48198,1.07273
3018.44249,1.07168
3016.40300,1.07076
3014.36351,1.06965
3012.32403,1.06945
3010.28454,1.06900
3008.24505,1.06746
3006.20556,1.06651
3004.16607,1.06649
3002.12658,1.06639
3000.08710,1.06679
2998.04761,1.06824
2996.00812,1.06999
2993.96863,1.07231
2991.92914,1.07579
2989.88966,1.07950
2987.85017,1.08268
2985.81068,1.08631
2983.77119,1.09152
2981.73170,1.09775
2979.69221,1.10488
2977.65273,1.11376
2975.61324,1.12253
2973.57375,1.12872
2971.53426,1.13409
2969.49477,1.14077
2967.45529,1.14831
2965.41580,1.15699
2963.37631,1.16602
2961.33682,1.17195
2959.29733,1.17394
2957.25784,1.17431
2955.21836,1.17463
2953.17887,1.17563
2951.13938,1.17791
2949.09989,1.18117
2947.06040,1.18463
2945.02092,1.18913
2942.98143,1.19619
2940.94194,1.20439
2938.90245,1.21054
2936.86296,1.21501
2934.82348,1.22144
2932.78399,1.22962
2930.74450,1.23562
2928.70501,1.23932
2926.66552,1.24138
2924.62603,1.23995
2922.58655,1.23784
2920.54706,1.23710
2918.50757,1.23344
2916.46808,1.22422
2914.42859,1.20988
2912.38911,1.19398
2910.34962,1.17912
2908.31013,1.16497
2906.27064,1.15398
2904.23115,1.14692
2902.19166,1.14118
2900.15218,1.13567
2898.11269,1.13132
2896.07320,1.12854
2894.03371,1.12450
2891.99422,1.11823
2889.95474,1.11312
2887.91525,1.10953
2885.87576,1.10546
2883.83627,1.10156
2881.79678,1.09880
2879.75729,1.09715
2877.71781,1.09669
2875.67832,1.09691
2873.63883,1.09639
2871.59934,1.09398
2869.55985,1.08967
2867.52037,1.08385
2865.48088,1.07817
2863.44139,1.07534
2861.40190,1.07566
2859.36241,1.07688
2857.32292,1.07786
2855.28344,1.08006
2853.24395,1.08403
2851.20446,1.08582
2849.16497,1.07784
2847.12548,1.05747
2845.08600,1.03227
2843.04651,1.01019
2841.00702,0.99304
2838.96753,0.97986
2836.92804,0.96916
2834.88855,0.96065
2832.84907,0.95429
2830.80958,0.94873
2828.77009,0.94274
2826.73060,0.93617
2824.69111,0.92982
2822.65163,0.92413
2820.61214,0.91905
2818.57265,0.91484
2816.53316,0.91147
2814.49367,0.90823
2812.45418,0.90461
2810.41470,0.90100
2808.37521,0.89769
2806.33572,0.89439
2804.29623,0.89051
2802.25674,0.88623
2800.21726,0.88286
2798.17777,0.88084
2796.13828,0.87893
2794.09879,0.87632
2792.05930,0.87385
2790.01982,0.87197
2787.98033,0.86992
2785.94084,0.86707
2783.90135,0.86334
2781.86186,0.85930
2779.82237,0.85622
2777.78289,0.85444
2775.74340,0.85317
2773.70391,0.85152
2771.66442,0.84972
2769.62493,0.84828
2767.58545,0.84658
2765.54596,0.84459
2763.50647,0.84257
2761.46698,0.84040
2759.42749,0.83826
2757.38800,0.83625
2755.34852,0.83440
2753.30903,0.83260
2751.26954,0.83119
2749.23005,0.83050
2747.19056,0.82957
2745.15108,0.82776
2743.11159,0.82552
2741.07210,0.82344
2739.03261,0.82177
2736.99312,0.82057
2734.95363,0.81947
2732.91415,0.81816
2730.87466,0.81706
2728.83517,0.81597
2726.79568,0.81401
2724.75619,0.81125
2722.71671,0.80798
2720.67722,0.80435
2718.63773,0.80164
2716.59824,0.80046
2714.55875,0.79935
2712.51926,0.79726
2710.47978,0.79480
2708.44029,0.79286
2706.40080,0.79108
2704.36131,0.78894
2702.32182,0.78654
2700.28234,0.78424
2698.24285,0.78221
2696.20336,0.77998
2694.16387,0.77781
2692.12438,0.77602
2690.08489,0.77383
2688.04541,0.77144
2686.00592,0.76968
2683.96643,0.76814
2681.92694,0.76634
2679.88745,0.76419
2677.84797,0.76186
2675.80848,0.75979
2673.76899,0.75785
2671.72950,0.75539
2669.69001,0.75241
2667.65052,0.74966
2665.61104,0.74750
2663.57155,0.74555
2661.53206,0.74322
2659.49257,0.74034
2657.45308,0.73732
2655.41360,0.73487
2653.37411,0.73340
2651.33462,0.73201
2649.29513,0.72994
2647.25564,0.72782
2645.21616,0.72573
2643.17667,0.72372
2641.13718,0.72230
2639.09769,0.72064
2637.05820,0.71825
2635.01871,0.71574
2632.97923,0.71358
2630.93974,0.71205
2628.90025,0.71059
2626.86076,0.70858
2624.82127,0.70629
2622.78179,0.70396
2620.74230,0.70179
2618.70281,0.69994
2616.66332,0.69818
2614.62383,0.69637
2612.58434,0.69463
2610.54486,0.69288
2608.50537,0.69098
2606.46588,0.68918
2604.42639,0.68754
2602.38690,0.68583
2600.34742,0.68428
2598.30793,0.68268
2596.26844,0.68056
2594.22895,0.67894
2592.18946,0.67827
2590.14997,0.67710
2588.11049,0.67486
2586.07100,0.67269
2584.03151,0.67082
2581.99202,0.66913
2579.95253,0.66799
2577.91305,0.66657
2575.87356,0.66430
2573.83407,0.66220
2571.79458,0.66090
2569.75509,0.66003
2567.71560,0.65912
2565.67612,0.65803
2563.63663,0.65701
2561.59714,0.65588
2559.55765,0.65433
2557.51816,0.65262
2555.47868,0.65087
2553.43919,0.64911
2551.39970,0.64758
2549.36021,0.64624
2547.32072,0.64487
2545.28123,0.64344
2543.24175,0.64199
2541.20226,0.64062
2539.16277,0.63968
2537.12328,0.63888
2535.08379,0.63763
2533.04431,0.63609
2531.00482,0.63477
2528.96533,0.63342
2526.92584,0.63174
2524.88635,0.63031
2522.84686,0.62932
2520.80738,0.62819
2518.76789,0.62689
2516.72840,0.62554
2514.68891,0.62404
2512.64942,0.62261
2510.60994,0.62126
2508.57045,0.61985
2506.53096,0.61873
2504.49147,0.61772
2502.45198,0.61603
2500.41250,0.61395
2498.37301,0.61222
2496.33352,0.61061
2494.29403,0.60878
2492.25454,0.60702
2490.21505,0.60558
2488.17557,0.60421
2486.13608,0.60285
2484.09659,0.60160
2482.05710,0.60002
2480.01761,0.59817
2477.97813,0.59665
2475.93864,0.59515
2473.89915,0.59326
2471.85966,0.59150
2469.82017,0.58989
2467.78068,0.58833
2465.74120,0.58712
2463.70171,0.58606
2461.66222,0.58496
2459.62273,0.58366
2457.58324,0.58213
2455.54376,0.58071
2453.50427,0.57955
2451.46478,0.57847
2449.42529,0.57721
2447.38580,0.57595
2445.34631,0.57495
2443.30683,0.57385
2441.26734,0.57239
2439.22785,0.57084
2437.18836,0.56969
2435.14887,0.56889
2433.10939,0.56805
2431.06990,0.56698
2429.03041,0.56561
2426.99092,0.56437
2424.95143,0.56346
2422.91194,0.56211
2420.87246,0.56018
2418.83297,0.55865
2416.79348,0.55766
2414.75399,0.55675
2412.71450,0.55601
2410.67502,0.55536
2408.63553,0.55466
2406.59604,0.55413
2404.55655,0.55349
2402.51706,0.55243
2400.47757,0.55154
2398.43809,0.55106
2396.39860,0.55047
2394.35911,0.54944
2392.31962,0.54820
2390.28013,0.54722
2388.24065,0.54649
2386.20116,0.54575
2384.16167,0.54502
2382.12218,0.54453
2380.08269,0.54447
2378.04320,0.54476
2376.00372,0.54511
2373.96423,0.54513
2371.92474,0.54447
2369.88525,0.54356
2367.84576,0.54365
2365.80628,0.54435
2363.76679,0.54423
2361.72730,0.54377
2359.68781,0.54382
2357.64832,0.54282
2355.60884,0.53998
2353.56935,0.53823
2351.52986,0.53957
2349.49037,0.54090
2347.45088,0.53883
2345.41139,0.53494
2343.37191,0.53315
2341.33242,0.53415
2339.29293,0.53546
2337.25344,0.53531
2335.21395,0.53366
2333.17447,0.53137
2331.13498,0.52914
2329.09549,0.52775
2327.05600,0.52750
2325.01651,0.52733
2322.97702,0.52624
2320.93754,0.52484
2318.89805,0.52396
2316.85856,0.52306
2314.81907,0.52150
2312.77958,0.51975
2310.74010,0.51831
2308.70061,0.51707
2306.66112,0.51614
2304.62163,0.51561
2302.58214,0.51496
2300.54265,0.51397
2298.50317,0.51328
2296.46368,0.51310
2294.42419,0.51285
2292.38470,0.51215
2290.34521,0.51123
2288.30573,0.51044
2286.26624,0.50990
2284.22675,0.50955
2282.18726,0.50918
2280.14777,0.50875
2278.10828,0.50859
2276.06880,0.50864
2274.02931,0.50847
2271.98982,0.50822
2269.95033,0.50833
2267.91084,0.50861
2265.87136,0.50867
2263.83187,0.50850
2261.79238,0.50838
2259.75289,0.50842
2257.71340,0.50849
2255.67391,0.50835
2253.63443,0.50808
2251.59494,0.50803
2249.55545,0.50821
2247.51596,0.50856
2245.47647,0.50858
2243.43699,0.50859
2241.39750,0.50881
2239.35801,0.50903
2237.31852,0.50930
2235.27903,0.50955
2233.23954,0.50964
2231.20006,0.50979
2229.16057,0.51009
2227.12108,0.51037
2225.08159,0.51051
2223.04210,0.51064
2221.00262,0.51079
2218.96313,0.51100
2216.92364,0.51129
2214.88415,0.51141
2212.84466,0.51135
2210.80518,0.51126
2208.76569,0.51122
2206.72620,0.51130
2204.68671,0.51147
2202.64722,0.51176
2200.60773,0.51217
2198.56825,0.51256
2196.52876,0.51281
2194.48927,0.51295
2192.44978,0.51338
2190.41029,0.51404
2188.37081,0.51454
2186.33132,0.51482
2184.29183,0.51497
2182.25234,0.51534
2180.21285,0.51606
2178.17336,0.51661
2176.13388,0.51678
2174.09439,0.51692
2172.05490,0.51721
2170.01541,0.51762
2167.97592,0.51803
2165.93644,0.51840
2163.89695,0.51892
2161.85746,0.51963
2159.81797,0.52025
2157.77848,0.52058
2155.73899,0.52079
2153.69951,0.52094
2151.66002,0.52072
2149.62053,0.52032
2147.58104,0.52040
2145.54155,0.52088
2143.50207,0.52117
2141.46258,0.52117
2139.42309,0.52114
2137.38360,0.52100
2135.34411,0.52060
2133.30462,0.52019
2131.26514,0.51998
2129.22565,0.51976
2127.18616,0.51956
2125.14667,0.51932
2123.10718,0.51868
2121.06770,0.51791
2119.02821,0.51748
2116.98872,0.51730
2114.94923,0.51686
2112.90974,0.51606
2110.87025,0.51538
2108.83077,0.51512
2106.79128,0.51492
2104.75179,0.51436
2102.71230,0.51358
2100.67281,0.51277
2098.63333,0.51222
2096.59384,0.51183
2094.55435,0.51114
2092.51486,0.51046
2090.47537,0.51017
2088.43588,0.50995
2086.39640,0.50968
2084.35691,0.50947
2082.31742,0.50917
2080.27793,0.50857
2078.23844,0.50773
2076.19896,0.50697
2074.15947,0.50651
2072.11998,0.50629
2070.08049,0.50617
2068.04100,0.50593
2066.00152,0.50553
2063.96203,0.50517
2061.92254,0.50486
2059.88305,0.50454
2057.84356,0.50420
2055.80407,0.50371
2053.76459,0.50321
2051.72510,0.50281
2049.68561,0.50224
2047.64612,0.50153
2045.60663,0.50104
2043.56715,0.50084
2041.52766,0.50057
2039.48817,0.49986
2037.44868,0.49900
2035.40919,0.49857
2033.36970,0.49849
2031.33022,0.49811
2029.29073,0.49724
2027.25124,0.49633
2025.21175,0.49553
2023.17226,0.49466
2021.13278,0.49384
2019.09329,0.49320
2017.05380,0.49253
2015.01431,0.49163
2012.97482,0.49066
2010.93533,0.48991
2008.89585,0.48933
2006.85636,0.48849
2004.81687,0.48756
2002.77738,0.48714
2000.73789,0.48712
1998.69841,0.48690
1996.65892,0.48669
1994.61943,0.48687
1992.57994,0.48691
1990.54045,0.48648
1988.50096,0.48598
1986.46148,0.48552
1984.42199,0.48523
1982.38250,0.48535
1980.34301,0.48556
1978.30352,0.48534
1976.26404,0.48484
1974.22455,0.48466
1972.18506,0.48494
1970.14557,0.48532
1968.10608,0.48560
1966.06659,0.48569
1964.02711,0.48557
1961.98762,0.48547
1959.94813,0.48557
1957.90864,0.48578
1955.86915,0.48589
1953.82967,0.48602
1951.79018,0.48630
1949.75069,0.48654
1947.71120,0.48672
1945.67171,0.48732
1943.63222,0.48801
1941.59274,0.48787
1939.55325,0.48742
1937.51376,0.48745
1935.47427,0.48759
1933.43478,0.48759
1931.39530,0.48770
1929.35581,0.48803
1927.31632,0.48854
1925.27683,0.48926
1923.23734,0.49010
1921.19786,0.49091
1919.15837,0.49188
1917.11888,0.49280
1915.07939,0.49335
1913.03990,0.49410
1911.00041,0.49530
1908.96093,0.49651
1906.92144,0.49740
1904.88195,0.49810
1902.84246,0.49865
1900.80297,0.49900
1898.76349,0.49947
1896.72400,0.50025
1894.68451,0.50118
1892.64502,0.50238
1890.60553,0.50370
1888.56604,0.50436
1886.52656,0.50442
1884.48707,0.50476
1882.44758,0.50549
1880.40809,0.50633
1878.36860,0.50727
1876.32912,0.50815
1874.28963,0.50911
1872.25014,0.51073
1870.21065,0.51294
1868.17116,0.51441
1866.13167,0.51441
1864.09219,0.51404
1862.05270,0.51431
1860.01321,0.51522
1857.97372,0.51648
1855.93423,0.51791
1853.89475,0.51915
1851.85526,0.52016
1849.81577,0.52172
1847.77628,0.52458
1845.73679,0.52785
1843.69730,0.52942
1841.65782,0.52937
1839.61833,0.53010
1837.57884,0.53214
1835.53935,0.53460
1833.49986,0.53775
1831.46038,0.54170
1829.42089,0.54535
1827.38140,0.54830
1825.34191,0.55145
1823.30242,0.55483
1821.26293,0.55785
1819.22345,0.56083
1817.18396,0.56435
1815.14447,0.56871
1813.10498,0.57400
1811.06549,0.57969
1809.02601,0.58480
1806.98652,0.58944
1804.94703,0.59471
1802.90754,0.60107
1800.86805,0.60767
1798.82856,0.61352
1796.78908,0.61939
1794.74959,0.62671
1792.71010,0.63547
1790.67061,0.64347
1788.63112,0.64965
1786.59164,0.65618
1784.55215,0.66489
1782.51266,0.67526
1780.47317,0.68621
1778.43368,0.69718
1776.39420,0.70847
1774.35471,0.72176
1772.31522,0.73784
1770.27573,0.75454
1768.23624,0.77095
1766.19675,0.78830
1764.15727,0.80691
1762.11778,0.82725
1760.07829,0.84854
1758.03880,0.87034
1755.99931,0.89328
1753.95983,0.91691
1751.92034,0.94342
1749.88085,0.97398
1747.84136,1.00415
1745.80187,1.03122
1743.76238,1.05636
1741.72290,1.07978
1739.68341,1.10062
1737.64392,1.11809
1735.60443,1.13338
1733.56494,1.14662
1731.52546,1.15437
1729.48597,1.15833
1727.44648,1.16329
1725.40699,1.16985
1723.36750,1.17589
1721.32801,1.18175
1719.28853,1.18979
1717.24904,1.20092
1715.20955,1.21257
1713.17006,1.22315
1711.13057,1.23440
1709.09109,1.24776
1707.05160,1.26343
1705.01211,1.28090
1702.97262,1.30103
1700.93313,1.32884
1698.89364,1.36264
1696.85416,1.39202
1694.81467,1.41689
1692.77518,1.43986
1690.73569,1.46259
1688.69620,1.48483
1686.65672,1.50566
1684.61723,1.52766
1682.57774,1.54839
1680.53825,1.56378
1678.49876,1.57766
1676.45927,1.59310
1674.41979,1.60779
1672.38030,1.61966
1670.34081,1.62978
1668.30132,1.63872
1666.26183,1.64669
1664.22235,1.65376
1662.18286,1.65636
1660.14337,1.65275
1658.10388,1.64883
1656.06439,1.64788
1654.02490,1.64374
1651.98542,1.63336
1649.94593,1.62928
1647.90644,1.63209
1645.86695,1.62944
1643.82746,1.62007
1641.78798,1.61486
1639.74849,1.61438
1637.70900,1.61280
1635.66951,1.60938
1633.63002,1.60408
1631.59054,1.59803
1629.55105,1.59422
1627.51156,1.59276
1625.47207,1.59288
1623.43258,1.59330
1621.39309,1.58928
1619.35361,1.57944
1617.31412,1.56877
1615.27463,1.56389
1613.23514,1.56541
1611.19565,1.56842
1609.15617,1.56879
1607.11668,1.56583
1605.07719,1.56171
1603.03770,1.55807
1600.99821,1.55462
1598.95872,1.55040
1596.91924,1.54756
1594.87975,1.54734
1592.84026,1.54450
1590.80077,1.53682
1588.76128,1.52978
1586.72180,1.52479
1584.68231,1.51771
1582.64282,1.50908
1580.60333,1.50286
1578.56384,1.50060
1576.52435,1.50041
1574.48487,1.49825
1572.44538,1.49452
1570.40589,1.49133
1568.36640,1.48681
1566.32691,1.48027
1564.28743,1.47451
1562.24794,1.47178
1560.20845,1.47104
1558.16896,1.47001
1556.12947,1.46922
1554.08998,1.46792
1552.05050,1.46453
1550.01101,1.46115
1547.97152,1.46062
1545.93203,1.45963
1543.89254,1.45299
1541.85306,1.44252
1539.81357,1.43347
1537.77408,1.42812
1535.73459,1.42491
1533.69510,1.41996
1531.65561,1.41235
1529.61613,1.40545
1527.57664,1.40046
1525.53715,1.39484
1523.49766,1.38785
1521.45817,1.38532
1519.41869,1.38931
1517.37920,1.39095
1515.33971,1.38572
1513.30022,1.37777
1511.26073,1.36953
1509.22124,1.35766
1507.18176,1.34097
1505.14227,1.32880
1503.10278,1.32529
1501.06329,1.32336
1499.02380,1.31804
1496.98432,1.30954
1494.94483,1.30151
1492.90534,1.29658
1490.86585,1.29340
1488.82636,1.28969
1486.78688,1.28743
1484.74739,1.28990
1482.70790,1.29628
1480.66841,1.30477
1478.62892,1.31556
1476.58943,1.32901
1474.54995,1.34427
1472.51046,1.36067
1470.47097,1.37690
1468.43148,1.39155
1466.39199,1.40615
1464.35251,1.42104
1462.31302,1.43278
1460.27353,1.43934
1458.23404,1.44337
1456.19455,1.44924
1454.15506,1.45563
1452.11558,1.45922
1450.07609,1.46190
1448.03660,1.46512
1445.99711,1.46777
1443.95762,1.47273
1441.91814,1.48210
1439.87865,1.49081
1437.83916,1.49472
1435.79967,1.49644
1433.76018,1.50005
1431.72069,1.50495
1429.68121,1.50712
1427.64172,1.50583
1425.60223,1.50556
1423.56274,1.50861
1421.52325,1.51183
1419.48377,1.51297
1417.44428,1.51404
1415.40479,1.51664
1413.36530,1.51947
1411.32581,1.51979
1409.28632,1.51776
1407.24684,1.51720
1405.20735,1.51929
1403.16786,1.52085
1401.12837,1.51905
1399.08888,1.51555
1397.04940,1.51436
1395.00991,1.51459
1392.97042,1.51374
1390.93093,1.51293
1388.89144,1.51101
1386.85195,1.50605
1384.81247,1.50111
1382.77298,1.49887
1380.73349,1.49767
1378.69400,1.49589
1376.65451,1.49475
1374.61503,1.49501
1372.57554,1.49460
1370.53605,1.49182
1368.49656,1.48704
1366.45707,1.48132
1364.41758,1.47586
1362.37810,1.47161
1360.33861,1.46868
1358.29912,1.46503
1356.25963,1.45863
1354.22014,1.45094
1352.18066,1.44567
1350.14117,1.44449
1348.10168,1.44628
1346.06219,1.44903
1344.02270,1.45069
1341.98322,1.44961
1339.94373,1.44616
1337.90424,1.44331
1335.86475,1.44176
1333.82526,1.43771
1331.78577,1.43208
1329.74629,1.42920
1327.70680,1.42667
1325.66731,1.42198
1323.62782,1.41889
1321.58833,1.41793
1319.54885,1.41383
1317.50936,1.40566
1315.46987,1.39798
1313.43038,1.39169
1311.39089,1.38408
1309.35140,1.37522
1307.31192,1.36785
1305.27243,1.36147
1303.23294,1.35341
1301.19345,1.34424
1299.15396,1.33639
1297.11448,1.33103
1295.07499,1.32719
1293.03550,1.32347
1290.99601,1.32096
1288.95652,1.32248
1286.91703,1.32715
1284.87755,1.33012
1282.83806,1.32934
1280.79857,1.32747
1278.75908,1.32758
1276.71959,1.32931
1274.68011,1.33048
1272.64062,1.33099
1270.60113,1.33175
1268.56164,1.33314
1266.52215,1.33426
1264.48266,1.33418
1262.44318,1.33417
1260.40369,1.33404
1258.36420,1.33296
1256.32471,1.33304
1254.28522,1.33428
1252.24574,1.33423
1250.20625,1.33290
1248.16676,1.33158
1246.12727,1.32947
1244.08778,1.32568
1242.04829,1.32215
1240.00881,1.31999
1237.96932,1.31715
1235.92983,1.31304
1233.89034,1.30921
1231.85085,1.30421
1229.81137,1.29744
1227.77188,1.29161
1225.73239,1.28582
1223.69290,1.27722
1221.65341,1.26769
1219.61392,1.26185
1217.57444,1.26032
1215.53495,1.25947
1213.49546,1.25680
1211.45597,1.25267
1209.41648,1.24932
1207.37700,1.24852
1205.33751,1.24838
1203.29802,1.24616
1201.25853,1.24233
1199.21904,1.23758
1197.17956,1.23319
1195.14007,1.23051
1193.10058,1.22866
1191.06109,1.22917
1189.02160,1.23285
1186.98211,1.23698
1184.94263,1.24086
1182.90314,1.24708
1180.86365,1.25895
1178.82416,1.27624
1176.78467,1.29475
1174.74519,1.31308
1172.70570,1.33160
1170.66621,1.34822
1168.62672,1.36254
1166.58723,1.37647
1164.54774,1.38942
1162.50826,1.39887
1160.46877,1.40430
1158.42928,1.40591
1156.38979,1.40520
1154.35030,1.40486
1152.31082,1.40408
1150.27133,1.39972
1148.23184,1.39330
1146.19235,1.38887
1144.15286,1.38719
1142.11337,1.38732
1140.07389,1.38790
1138.03440,1.39019
1135.99491,1.39515
1133.95542,1.40077
1131.91593,1.40701
1129.87645,1.41561
1127.83696,1.42717
1125.79747,1.43759
1123.75798,1.44290
1121.71849,1.44716
1119.67900,1.45614
1117.63952,1.46888
1115.60003,1.48012
1113.56054,1.48658
1111.52105,1.48677
1109.48156,1.48330
1107.44208,1.48224
1105.40259,1.48465
1103.36310,1.48807
1101.32361,1.48733
1099.28412,1.48027
1097.24463,1.47624
1095.20515,1.47948
1093.16566,1.48303
1091.12617,1.48387
1089.08668,1.48257
1087.04719,1.48126
1085.00771,1.48489
1082.96822,1.49335
1080.92873,1.50154
1078.88924,1.50520
1076.84975,1.50634
1074.81027,1.50746
1072.77078,1.50352
1070.73129,1.49669
1068.69180,1.49417
1066.65231,1.49512
1064.61282,1.49419
1062.57334,1.48930
1060.53385,1.48415
1058.49436,1.47943
1056.45487,1.47492
1054.41538,1.47175
1052.37590,1.46890
1050.33641,1.46719
1048.29692,1.46529
1046.25743,1.46059
1044.21794,1.45711
1042.17845,1.45628
1040.13897,1.45436
1038.09948,1.45083
1036.05999,1.44221
1034.02050,1.42833
1031.98101,1.41803
1029.94153,1.41349
1027.90204,1.41155
1025.86255,1.40830
1023.82306,1.40072
1021.78357,1.39129
1019.74408,1.38234
1017.70460,1.37217
1015.66511,1.35931
1013.62562,1.34485
1011.58613,1.33098
1009.54664,1.31932
1007.50716,1.31002
1005.46767,1.30113
1003.42818,1.28945
1001.38869,1.27370
999.34920,1.25738
997.30971,1.24522
995.27023,1.23651
993.23074,1.22602
991.19125,1.21263
989.15176,1.19964
987.11227,1.18722
985.07279,1.17407
983.03330,1.16216
980.99381,1.15191
978.95432,1.14103
976.91483,1.13112
974.87534,1.12487
972.83586,1.11987
970.79637,1.11381
968.75688,1.10914
966.71739,1.10670
964.67790,1.10400
962.63842,1.10138
960.59893,1.09961
958.55944,1.09627
956.51995,1.09072
954.48046,1.08465
952.44097,1.07749
950.40149,1.06893
948.36200,1.06118
946.32251,1.05529
944.28302,1.05070
942.24353,1.04664
940.20405,1.04231
938.16456,1.03906
936.12507,1.03968
934.08558,1.04252
932.04609,1.04363
930.00661,1.04348
927.96712,1.04385
925.92763,1.04423
923.88814,1.04533
921.84865,1.04995
919.80916,1.05727
917.76968,1.06306
915.73019,1.06668
913.69070,1.06899
911.65121,1.06927
909.61172,1.06852
907.57224,1.06836
905.53275,1.07009
903.49326,1.07527
901.45377,1.08178
899.41428,1.08560
897.37479,1.08689
895.33531,1.08708
893.29582,1.08639
891.25633,1.08487
889.21684,1.08244
887.17735,1.07947
885.13787,1.07556
883.09838,1.07175
881.05889,1.07173
879.01940,1.07581
876.97991,1.08012
874.94042,1.08211
872.90094,1.08179
870.86145,1.08055
868.82196,1.08061
866.78247,1.08335
864.74298,1.08654
862.70350,1.08751
860.66401,1.08854
858.62452,1.09167
856.58503,1.09650
854.54554,1.10243
852.50605,1.10702
850.46657,1.10958
848.42708,1.11341
846.38759,1.11957
844.34810,1.12595
842.30861,1.13248
840.26913,1.13959
838.22964,1.14674
836.19015,1.15674
834.15066,1.17030
832.11117,1.18182
830.07168,1.18912
828.03220,1.19331
825.99271,1.19361
823.95322,1.19263
821.91373,1.19495
819.87424,1.19936
817.83476,1.20314
815.79527,1.20775
813.75578,1.20994
811.71629,1.20745
809.67680,1.20687
807.63731,1.20923
805.59783,1.21080
803.55834,1.21228
801.51885,1.21565
799.47936,1.22273
797.43987,1.23111
795.40039,1.23612
793.36090,1.24042
791.32141,1.24770
789.28192,1.25363
787.24243,1.25436
785.20295,1.25637
783.16346,1.26251
781.12397,1.26897
779.08448,1.27504
777.04499,1.27739
775.00550,1.27510
772.96602,1.27297
770.92653,1.27444
768.88704,1.27916
766.84755,1.28522
764.80806,1.29211
762.76858,1.29752
760.72909,1.29643
758.68960,1.29271
756.65011,1.29641
754.61062,1.30403
752.57113,1.30902
750.53165,1.31118
748.49216,1.31158
746.45267,1.31442
744.41318,1.32071
742.37369,1.32756
740.33421,1.33201
738.29472,1.33199
736.25523,1.33037
734.21574,1.33344
732.17625,1.34027
730.13676,1.34260
728.09728,1.34102
726.05779,1.34213
724.01830,1.34982
721.97881,1.36054
719.93932,1.36634
717.89984,1.36673
715.86035,1.37100
713.82086,1.38204
711.78137,1.39061
709.74188,1.39184
707.70239,1.39309
705.66291,1.39859
703.62342,1.40391
701.58393,1.40540
699.54444,1.40643
697.50495,1.41207
695.46547,1.41710
693.42598,1.41093
691.38649,1.39691
689.34700,1.39193
687.30751,1.40162
685.26802,1.41434
683.22854,1.41994
681.18905,1.41843
679.14956,1.41783
677.11007,1.42454
675.07058,1.43008
673.03110,1.42543
670.99161,1.41611
668.95212,1.41087
666.91263,1.41355
664.87314,1.41572
662.83365,1.40738
660.79417,1.39598
658.75468,1.39293
656.71519,1.39531
654.67570,1.39888
652.63621,1.41040
650.59673,1.42960
648.55724,1.44050
646.51775,1.44122
644.47826,1.44497
642.43877,1.44436
640.39929,1.42915
638.35980,1.41379
636.32031,1.41016
634.28082,1.41877
632.24133,1.43009
630.20184,1.42464
628.16236,1.40512
626.12287,1.39565
624.08338,1.40130
622.04389,1.40895
620.00440,1.41825
617.96492,1.42427
615.92543,1.42217
613.88594,1.42761
611.84645,1.42719
609.80696,1.40381
607.76747,1.40144
605.72799,1.43448
603.68850,1.43879
601.64901,1.40365
599.60952,1.39030
597.57003,1.41201
595.53055,1.42485
593.49106,1.40840
591.45157,1.38814
589.41208,1.37976
587.37259,1.38787
585.33310,1.40635
583.29362,1.42415
581.25413,1.43155
579.21464,1.41955
577.17515,1.40140
575.13566,1.38955
573.09618,1.38413
571.05669,1.38540
569.01720,1.39198
566.97771,1.41449
564.93822,1.43124
562.89873,1.38912
560.85925,1.32369
558.81976,1.30056
556.78027,1.31127
554.74078,1.32963
552.70129,1.35866
550.66181,1.40233
548.62232,1.43075
546.58283,1.43598
544.54334,1.43262
542.50385,1.43188
540.46436,1.43700
538.42488,1.45034
536.38539,1.41563
534.34590,1.35911
532.30641,1.34328
530.26692,1.35037
528.22744,1.33911
526.18795,1.34303
524.14846,1.41433
522.10897,1.48224
520.06948,1.50472
518.02999,1.48180
515.99051,1.36225
513.95102,1.33965
511.91153,1.43147
509.87204,1.53397
507.83255,1.64185
505.79307,1.51048
503.75358,1.23497
501.71409,1.06618
499.67460,1.02540
