3997.39681,0.34168
3995.35732,0.34167
3993.31783,0.34163
3991.27835,0.34163
3989.23886,0.34150
3987.19937,0.34126
3985.15988,0.34076
3983.12039,0.34002
3981.08091,0.33955
3979.04142,0.33938
3977.00193,0.33916
3974.96244,0.33871
3972.92295,0.33799
3970.88346,0.33739
3968.84398,0.33720
3966.80449,0.33716
3964.76500,0.33692
3962.72551,0.33612
3960.68602,0.33494
3958.64654,0.33405
3956.60705,0.33348
3954.56756,0.33302
3952.52807,0.33289
3950.48858,0.33293
3948.44909,0.33251
3946.40961,0.33178
3944.37012,0.33107
3942.33063,0.33004
3940.29114,0.32888
3938.25165,0.32807
3936.21217,0.32760
3934.17268,0.32732
3932.13319,0.32666
3930.09370,0.32547
3928.05421,0.32481
3926.01473,0.32487
3923.97524,0.32450
3921.93575,0.32344
3919.89626,0.32245
3917.85677,0.32162
3915.81728,0.32057
3913.77780,0.31941
3911.73831,0.31843
3909.69882,0.31790
3907.65933,0.31809
3905.61984,0.31830
3903.58036,0.31760
3901.54087,0.31674
3899.50138,0.31598
3897.46189,0.31469
3895.42240,0.31374
3893.38291,0.31341
3891.34343,0.31242
3889.30394,0.31108
3887.26445,0.31063
3885.22496,0.31030
3883.18547,0.30966
3881.14599,0.30907
3879.10650,0.30847
3877.06701,0.30862
3875.02752,0.30913
3872.98803,0.30862
3870.94854,0.30709
3868.90906,0.30563
3866.86957,0.30545
3864.83008,0.30566
3862.79059,0.30482
3860.75110,0.30395
3858.71162,0.30399
3856.67213,0.30415
3854.63264,0.30354
3852.59315,0.30263
3850.55366,0.30268
3848.51417,0.30343
3846.47469,0.30400
3844.43520,0.30403
3842.39571,0.30376
3840.35622,0.30357
3838.31673,0.30334
3836.27725,0.30276
3834.23776,0.30216
3832.19827,0.30192
3830.15878,0.30224
3828.11929,0.30293
3826.07980,0.30373
3824.04032,0.30483
3822.00083,0.30559
3819.96134,0.30520
3817.92185,0.30487
3815.88236,0.30476
3813.84288,0.30432
3811.80339,0.30420
3809.76390,0.30471
3807.72441,0.30539
3805.68492,0.30587
3803.64543,0.30636
3801.60595,0.30652
3799.56646,0.30671
3797.52697,0.30751
3795.48748,0.30821
3793.44799,0.30882
3791.40851,0.30960
3789.36902,0.31038
3787.32953,0.31125
3785.29004,0.31227
3783.25055,0.31345
3781.21107,0.31481
3779.17158,0.31577
3777.13209,0.31626
3775.09260,0.31689
3773.05311,0.31797
3771.01362,0.31926
3768.97414,0.32035
3766.93465,0.32121
3764.89516,0.32196
3762.85567,0.32318
3760.81618,0.32523
3758.77670,0.32727
3756.73721,0.32866
3754.69772,0.32997
3752.65823,0.33148
3750.61874,0.33275
3748.57925,0.33382
3746.53977,0.33505
3744.50028,0.33651
3742.46079,0.33885
3740.42130,0.34222
3738.38181,0.34568
3736.34233,0.34855
3734.30284,0.35071
3732.26335,0.35241
3730.22386,0.35453
3728.18437,0.35765
3726.14488,0.36117
3724.10540,0.36454
3722.06591,0.36776
3720.02642,0.37097
3717.98693,0.37460
3715.94744,0.37869
3713.90796,0.38335
3711.86847,0.38907
3709.82898,0.39576
3707.78949,0.40277
3705.75000,0.41049
3703.71051,0.42013
3701.67103,0.43139
3699.63154,0.44247
3697.59205,0.45244
3695.55256,0.46098
3693.51307,0.46788
3691.47359,0.47309
3689.43410,0.47626
3687.39461,0.47904
3685.35512,0.48422
3683.31563,0.49161
3681.27614,0.49991
3679.23666,0.50908
3677.19717,0.52034
3675.15768,0.53382
3673.11819,0.54811
3671.07870,0.56332
3669.03922,0.57866
3666.99973,0.59241
3664.96024,0.60589
3662.92075,0.62039
3660.88126,0.63551
3658.84177,0.65099
3656.80229,0.66658
3654.76280,0.68164
3652.72331,0.69711
3650.68382,0.71432
3648.64433,0.73113
3646.60485,0.74443
3644.56536,0.75582
3642.52587,0.76804
3640.48638,0.78127
3638.44689,0.79443
3636.40741,0.80716
3634.36792,0.82026
3632.32843,0.83509
3630.28894,0.85137
3628.24945,0.86631
3626.20996,0.87862
3624.17048,0.89087
3622.13099,0.90432
3620.09150,0.91778
3618.05201,0.92928
3616.01252,0.93951
3613.97304,0.95043
3611.93355,0.96210
3609.89406,0.97347
3607.85457,0.98255
3605.81508,0.98959
3603.77559,0.99826
3601.73611,1.01041
3599.69662,1.02393
3597.65713,1.03613
3595.61764,1.04624
3593.57815,1.05446
3591.53867,1.06228
3589.49918,1.07190
3587.45969,1.08260
3585.42020,1.09183
3583.38071,1.10071
3581.34122,1.11084
3579.30174,1.12042
3577.26225,1.12882
3575.22276,1.13809
3573.18327,1.14781
3571.14378,1.15630
3569.10430,1.16510
3567.06481,1.17553
3565.02532,1.18478
3562.98583,1.19220
3560.94634,1.20055
3558.90685,1.20949
3556.86737,1.21633
3554.82788,1.22181
3552.78839,1.22959
3550.74890,1.23956
3548.70941,1.24799
3546.66993,1.25460
3544.63044,1.26345
3542.59095,1.27479
3540.55146,1.28371
3538.51197,1.28827
3536.47248,1.29094
3534.43300,1.29604
3532.39351,1.30566
3530.35402,1.31603
3528.31453,1.32256
3526.27504,1.32661
3524.23556,1.33304
3522.19607,1.34251
3520.15658,1.34991
3518.11709,1.35311
3516.07760,1.35654
3514.03811,1.36261
3511.99863,1.36736
3509.95914,1.36886
3507.91965,1.37294
3505.88016,1.38130
3503.84067,1.38865
3501.80119,1.39430
3499.76170,1.40024
3497.72221,1.40510
3495.68272,1.40861
3493.64323,1.41324
3491.60375,1.41886
3489.56426,1.42377
3487.52477,1.42845
3485.48528,1.43243
3483.44579,1.43589
3481.40630,1.44063
3479.36682,1.44467
3477.32733,1.44722
3475.28784,1.45104
3473.24835,1.45695
3471.20886,1.46232
3469.16938,1.46486
3467.12989,1.46747
3465.09040,1.47295
3463.05091,1.47898
3461.01142,1.48168
3458.97193,1.48086
3456.93245,1.48075
3454.89296,1.48342
3452.85347,1.48669
3450.81398,1.49074
3448.77449,1.49977
3446.73501,1.51241
3444.69552,1.51960
3442.65603,1.51775
3440.61654,1.51138
3438.57705,1.50863
3436.53756,1.51314
3434.49808,1.51788
3432.45859,1.51941
3430.41910,1.52285
3428.37961,1.52807
3426.34012,1.53019
3424.30064,1.53123
3422.26115,1.53445
3420.22166,1.53476
3418.18217,1.53007
3416.14268,1.52675
3414.10319,1.52876
3412.06371,1.53420
3410.02422,1.54028
3407.98473,1.54555
3405.94524,1.54908
3403.90575,1.55070
3401.86627,1.54813
3399.82678,1.54425
3397.78729,1.54751
3395.74780,1.55421
3393.70831,1.55519
3391.66882,1.55174
3389.62934,1.55172
3387.58985,1.55780
3385.55036,1.56330
3383.51087,1.56422
3381.47138,1.56496
3379.43190,1.56889
3377.39241,1.57365
3375.35292,1.57470
3373.31343,1.57087
3371.27394,1.56806
3369.23446,1.57074
3367.19497,1.57308
3365.15548,1.57061
3363.11599,1.56940
3361.07650,1.57224
3359.03701,1.57269
3356.99753,1.57191
3354.95804,1.57688
3352.91855,1.58482
3350.87906,1.58843
3348.83957,1.58698
3346.80009,1.58385
3344.76060,1.58203
3342.72111,1.58006
3340.68162,1.57536
3338.64213,1.57425
3336.60264,1.57933
3334.56316,1.58527
3332.52367,1.58949
3330.48418,1.58864
3328.44469,1.58374
3326.40520,1.58000
3324.36572,1.57618
3322.32623,1.57371
3320.28674,1.57582
3318.24725,1.57698
3316.20776,1.57380
3314.16827,1.57083
3312.12879,1.57194
3310.08930,1.57365
3308.04981,1.57152
3306.01032,1.57026
3303.97083,1.57407
3301.93135,1.57721
3299.89186,1.57430
3297.85237,1.56901
3295.81288,1.56582
3293.77339,1.56367
3291.73390,1.56218
3289.69442,1.56286
3287.65493,1.56516
3285.61544,1.56574
3283.57595,1.56154
3281.53646,1.55351
3279.49698,1.54564
3277.45749,1.54077
3275.41800,1.53803
3273.37851,1.53694
3271.33902,1.53834
3269.29953,1.53848
3267.26005,1.53243
3265.22056,1.52211
3263.18107,1.51491
3261.14158,1.51269
3259.10209,1.51163
3257.06261,1.51157
3255.02312,1.51106
3252.98363,1.50620
3250.94414,1.49903
3248.90465,1.49529
3246.86516,1.49567
3244.82568,1.49468
3242.78619,1.49014
3240.74670,1.48459
3238.70721,1.47960
3236.66772,1.47624
3234.62824,1.47450
3232.58875,1.47241
3230.54926,1.46868
3228.50977,1.46470
3226.47028,1.46399
3224.43080,1.46628
3222.39131,1.46560
3220.35182,1.46157
3218.31233,1.45772
3216.27284,1.45240
3214.23335,1.44692
3212.19387,1.44379
3210.15438,1.43944
3208.11489,1.43332
3206.07540,1.42934
3204.03591,1.42798
3201.99643,1.42658
3199.95694,1.42490
3197.91745,1.42401
3195.87796,1.42213
3193.83847,1.41858
3191.79898,1.41574
3189.75950,1.41404
3187.72001,1.41154
3185.68052,1.40717
3183.64103,1.40188
3181.60154,1.39738
3179.56206,1.39362
3177.52257,1.38983
3175.48308,1.38639
3173.44359,1.38313
3171.40410,1.37866
3169.36461,1.37388
3167.32513,1.37170
3165.28564,1.37155
3163.24615,1.36979
3161.20666,1.36456
3159.16717,1.35815
3157.12769,1.35384
3155.08820,1.35090
3153.04871,1.34850
3151.00922,1.34753
3148.96973,1.34677
3146.93024,1.34450
3144.89076,1.34007
3142.85127,1.33474
3140.81178,1.33201
3138.77229,1.33108
3136.73280,1.32761
3134.69332,1.32224
3132.65383,1.31824
3130.61434,1.31608
3128.57485,1.31343
3126.53536,1.30957
3124.49587,1.30660
3122.45639,1.30455
3120.41690,1.30248
3118.37741,1.30091
3116.33792,1.29971
3114.29843,1.29787
3112.25895,1.29534
3110.21946,1.29273
3108.17997,1.29002
3106.14048,1.28633
3104.10099,1.28212
3102.06150,1.27916
3100.02202,1.27709
3097.98253,1.27482
3095.94304,1.27330
3093.90355,1.27228
3091.86406,1.27045
3089.82458,1.26883
3087.78509,1.26771
3085.74560,1.26638
3083.70611,1.26541
3081.66662,1.26352
3079.62714,1.25974
3077.58765,1.25665
3075.54816,1.25569
3073.50867,1.25527
3071.46918,1.25425
3069.42969,1.25323
3067.39021,1.25166
3065.35072,1.24753
3063.31123,1.24200
3061.27174,1.23902
3059.23225,1.23899
3057.19277,1.23793
3055.15328,1.23334
3053.11379,1.22686
3051.07430,1.22128
3049.03481,1.21851
3046.99532,1.21842
3044.95584,1.21843
3042.91635,1.21561
3040.87686,1.21027
3038.83737,1.20543
3036.79788,1.20246
3034.75840,1.20051
3032.71891,1.19831
3030.67942,1.19607
3028.63993,1.19452
3026.60044,1.19191
3024.56095,1.18798
3022.52147,1.18568
3020.48198,1.18527
3018.44249,1.18427
3016.40300,1.18277
3014.36351,1.18173
3012.32403,1.18046
3010.28454,1.17919
3008.24505,1.17896
3006.20556,1.17909
3004.16607,1.17790
3002.12658,1.17682
3000.08710,1.17755
2998.04761,1.17815
2996.00812,1.17768
2993.96863,1.17906
2991.92914,1.18306
2989.88966,1.18837
2987.85017,1.19328
2985.81068,1.19788
2983.77119,1.20363
2981.73170,1.20922
2979.69221,1.21370
2977.65273,1.21958
2975.61324,1.22728
2973.57375,1.23449
2971.53426,1.24061
2969.49477,1.24673
2967.45529,1.25392
2965.41580,1.26158
2963.37631,1.26837
2961.33682,1.27447
2959.29733,1.27902
2957.25784,1.28170
2955.21836,1.28426
2953.17887,1.28641
2951.13938,1.28680
2949.09989,1.28707
2947.06040,1.29023
2945.02092,1.29649
2942.98143,1.30433
2940.94194,1.31191
2938.90245,1.31860
2936.86296,1.32627
2934.82348,1.33408
2932.78399,1.33859
2930.74450,1.34083
2928.70501,1.34355
2926.66552,1.34783
2924.62603,1.35314
2922.58655,1.35518
2920.54706,1.35231
2918.50757,1.34535
2916.46808,1.33221
2914.42859,1.31463
2912.38911,1.29725
2910.34962,1.28305
2908.31013,1.27364
2906.27064,1.26773
2904.23115,1.26165
2902.19166,1.25374
2900.15218,1.24686
2898.11269,1.24331
2896.07320,1.23999
2894.03371,1.23356
2891.99422,1.22573
2889.95474,1.22000
2887.91525,1.21641
2885.87576,1.21274
2883.83627,1.20929
2881.79678,1.20734
2879.75729,1.20614
2877.71781,1.20445
2875.67832,1.20200
2873.63883,1.19928
2871.59934,1.19595
2869.55985,1.19170
2867.52037,1.18736
2865.48088,1.18384
2863.44139,1.18263
2861.40190,1.18481
2859.36241,1.18880
2857.32292,1.19151
2855.28344,1.19291
2853.24395,1.19506
2851.20446,1.19446
2849.16497,1.18415
2847.12548,1.16404
2845.08600,1.14037
2843.04651,1.11839
2841.00702,1.10131
2838.96753,1.08880
2836.92804,1.07789
2834.88855,1.06823
2832.84907,1.06144
2830.80958,1.05676
2828.77009,1.05186
2826.73060,1.04577
2824.69111,1.03938
2822.65163,1.03485
2820.61214,1.03222
2818.57265,1.02878
2816.53316,1.02411
2814.49367,1.01938
2812.45418,1.01535
2810.41470,1.01245
2808.37521,1.00949
2806.33572,1.00573
2804.29623,1.00255
2802.25674,0.99969
2800.21726,0.99576
2798.17777,0.99165
2796.13828,0.98872
2794.09879,0.98695
2792.05930,0.98586
2790.01982,0.98404
2787.98033,0.98081
2785.94084,0.97757
2783.90135,0.97503
2781.86186,0.97280
2779.82237,0.97030
2777.78289,0.96783
2775.74340,0.96572
2773.70391,0.96305
2771.66442,0.96057
2769.62493,0.95950
2767.58545,0.95853
2765.54596,0.95644
2763.50647,0.95359
2761.46698,0.95131
2759.42749,0.94980
2757.38800,0.94799
2755.34852,0.94584
2753.30903,0.94412
2751.26954,0.94327
2749.23005,0.94280
2747.19056,0.94199
2745.15108,0.94098
2743.11159,0.93954
2741.07210,0.93785
2739.03261,0.93651
2736.99312,0.93473
2734.95363,0.93224
2732.91415,0.93012
2730.87466,0.92861
2728.83517,0.92701
2726.79568,0.92522
2724.75619,0.92338
2722.71671,0.92173
2720.67722,0.92012
2718.63773,0.91784
2716.59824,0.91561
2714.55875,0.91396
2712.51926,0.91189
2710.47978,0.90869
2708.44029,0.90523
2706.40080,0.90306
2704.36131,0.90204
2702.32182,0.90109
2700.28234,0.89961
2698.24285,0.89752
2696.20336,0.89455
2694.16387,0.89119
2692.12438,0.88887
2690.08489,0.88717
2688.04541,0.88510
2686.00592,0.88301
2683.96643,0.88092
2681.92694,0.87892
2679.88745,0.87722
2677.84797,0.87528
2675.80848,0.87239
2673.76899,0.86897
2671.72950,0.86652
2669.69001,0.86516
2667.65052,0.86367
2665.61104,0.86155
2663.57155,0.85900
2661.53206,0.85629
2659.49257,0.85342
2657.45308,0.85069
2655.41360,0.84865
2653.37411,0.84684
2651.33462,0.84468
2649.29513,0.84235
2647.25564,0.84013
2645.21616,0.83824
2643.17667,0.83651
2641.13718,0.83406
2639.09769,0.83111
2637.05820,0.82923
2635.01871,0.82824
2632.97923,0.82649
2630.93974,0.82392
2628.90025,0.82151
2626.86076,0.81909
2624.82127,0.81616
2622.78179,0.81343
2620.74230,0.81156
2618.70281,0.80995
2616.66332,0.80805
2614.62383,0.80652
2612.58434,0.80556
2610.54486,0.80403
2608.50537,0.80185
2606.46588,0.79980
2604.42639,0.79781
2602.38690,0.79574
2600.34742,0.79388
2598.30793,0.79225
2596.26844,0.79073
2594.22895,0.78950
2592.18946,0.78816
2590.14997,0.78608
2588.11049,0.78373
2586.07100,0.78180
2584.03151,0.78042
2581.99202,0.77952
2579.95253,0.77837
2577.91305,0.77653
2575.87356,0.77436
2573.83407,0.77211
2571.79458,0.77032
2569.75509,0.76926
2567.71560,0.76843
2565.67612,0.76732
2563.63663,0.76547
2561.59714,0.76299
2559.55765,0.76108
2557.51816,0.76008
2555.47868,0.75909
2553.43919,0.75786
2551.39970,0.75671
2549.36021,0.75540
2547.32072,0.75379
2545.28123,0.75202
2543.24175,0.75017
2541.20226,0.74864
2539.16277,0.74748
2537.12328,0.74612
2535.08379,0.74440
2533.04431,0.74248
2531.00482,0.74064
2528.96533,0.73917
2526.92584,0.73786
2524.88635,0.73645
2522.84686,0.73506
2520.80738,0.73398
2518.76789,0.73273
2516.72840,0.73068
2514.68891,0.72865
2512.64942,0.72729
2510.60994,0.72616
2508.57045,0.72480
2506.53096,0.72298
2504.49147,0.72089
2502.45198,0.71917
2500.41250,0.71800
2498.37301,0.71643
2496.33352,0.71404
2494.29403,0.71201
2492.25454,0.71062
2490.21505,0.70866
2488.17557,0.70596
2486.13608,0.70338
2484.09659,0.70155
2482.05710,0.70055
2480.01761,0.69961
2477.97813,0.69799
2475.93864,0.69571
2473.89915,0.69321
2471.85966,0.69106
2469.82017,0.68936
2467.78068,0.68770
2465.74120,0.68604
2463.70171,0.68435
2461.66222,0.68262
2459.62273,0.68099
2457.58324,0.67934
2455.54376,0.67766
2453.50427,0.67604
2451.46478,0.67432
2449.42529,0.67249
2447.38580,0.67087
2445.34631,0.66940
2443.30683,0.66778
2441.26734,0.66590
2439.22785,0.66399
2437.18836,0.66222
2435.14887,0.66056
2433.10939,0.65896
2431.06990,0.65746
2429.03041,0.65616
2426.99092,0.65447
2424.95143,0.65235
2422.91194,0.65074
2420.87246,0.64962
2418.83297,0.64815
2416.79348,0.64643
2414.75399,0.64497
2412.71450,0.64378
2410.67502,0.64270
2408.63553,0.64141
2406.59604,0.63990
2404.55655,0.63859
2402.51706,0.63760
2400.47757,0.63663
2398.43809,0.63547
2396.39860,0.63418
2394.35911,0.63285
2392.31962,0.63169
2390.28013,0.63064
2388.24065,0.62981
2386.20116,0.62956
2384.16167,0.62973
2382.12218,0.62979
2380.08269,0.62956
2378.04320,0.62902
2376.00372,0.62823
2373.96423,0.62766
2371.92474,0.62770
2369.88525,0.62817
2367.84576,0.62862
2365.80628,0.62870
2363.76679,0.62847
2361.72730,0.62802
2359.68781,0.62658
2357.64832,0.62410
2355.60884,0.62218
2353.56935,0.62231
2351.52986,0.62457
2349.49037,0.62616
2347.45088,0.62420
2345.41139,0.62030
2343.37191,0.61798
2341.33242,0.61765
2339.29293,0.61751
2337.25344,0.61692
2335.21395,0.61602
2333.17447,0.61461
2331.13498,0.61230
2329.09549,0.61016
2327.05600,0.60929
2325.01651,0.60885
2322.97702,0.60769
2320.93754,0.60592
2318.89805,0.60456
2316.85856,0.60379
2314.81907,0.60303
2312.77958,0.60221
2310.74010,0.60153
2308.70061,0.60077
2306.66112,0.59981
2304.62163,0.59874
2302.58214,0.59761
2300.54265,0.59643
2298.50317,0.59537
2296.46368,0.59448
2294.42419,0.59369
2292.38470,0.59300
2290.34521,0.59239
2288.30573,0.59184
2286.26624,0.59145
2284.22675,0.59117
2282.18726,0.59091
2280.14777,0.59063
2278.10828,0.59029
2276.06880,0.58997
2274.02931,0.58964
2271.98982,0.58916
2269.95033,0.58866
2267.91084,0.58835
2265.87136,0.58821
2263.83187,0.58818
2261.79238,0.58821
2259.75289,0.58821
2257.71340,0.58815
2255.67391,0.58802
2253.63443,0.58792
2251.59494,0.58770
2249.55545,0.58739
2247.51596,0.58740
2245.47647,0.58739
2243.43699,0.58746
2241.39750,0.58766
2239.35801,0.58793
2237.31852,0.58818
2235.27903,0.58812
2233.23954,0.58777
2231.20006,0.58755
2229.16057,0.58769
2227.12108,0.58791
2225.08159,0.58802
2223.04210,0.58818
2221.00262,0.58845
2218.96313,0.58866
2216.92364,0.58869
2214.88415,0.58860
2212.84466,0.58852
2210.80518,0.58853
2208.76569,0.58863
2206.72620,0.58873
2204.68671,0.58888
2202.64722,0.58921
2200.60773,0.58975
2198.56825,0.59028
2196.52876,0.59063
2194.48927,0.59100
2192.44978,0.59155
2190.41029,0.59196
2188.37081,0.59224
2186.33132,0.59282
2184.29183,0.59330
2182.25234,0.59315
2180.21285,0.59308
2178.17336,0.59371
2176.13388,0.59463
2174.09439,0.59534
2172.05490,0.59596
2170.01541,0.59659
2167.97592,0.59706
2165.93644,0.59735
2163.89695,0.59757
2161.85746,0.59781
2159.81797,0.59802
2157.77848,0.59804
2155.73899,0.59807
2153.69951,0.59833
2151.66002,0.59868
2149.62053,0.59915
2147.58104,0.59964
2145.54155,0.59965
2143.50207,0.59915
2141.46258,0.59857
2139.42309,0.59827
2137.38360,0.59821
2135.34411,0.59808
2133.30462,0.59779
2131.26514,0.59757
2129.22565,0.59738
2127.18616,0.59725
2125.14667,0.59714
2123.10718,0.59687
2121.06770,0.59658
2119.02821,0.59637
2116.98872,0.59597
2114.94923,0.59536
2112.90974,0.59473
2110.87025,0.59418
2108.83077,0.59387
2106.79128,0.59360
2104.75179,0.59308
2102.71230,0.59266
2100.67281,0.59244
2098.63333,0.59198
2096.59384,0.59137
2094.55435,0.59071
2092.51486,0.59013
2090.47537,0.58963
2088.43588,0.58899
2086.39640,0.58812
2084.35691,0.58747
2082.31742,0.58731
2080.27793,0.58720
2078.23844,0.58658
2076.19896,0.58583
2074.15947,0.58553
2072.11998,0.58555
2070.08049,0.58548
2068.04100,0.58510
2066.00152,0.58466
2063.96203,0.58454
2061.92254,0.58453
2059.88305,0.58412
2057.84356,0.58349
2055.80407,0.58313
2053.76459,0.58308
2051.72510,0.58291
2049.68561,0.58240
2047.64612,0.58167
2045.60663,0.58098
2043.56715,0.58065
2041.52766,0.58067
2039.48817,0.58036
2037.44868,0.57944
2035.40919,0.57843
2033.36970,0.57766
2031.33022,0.57714
2029.29073,0.57671
2027.25124,0.57613
2025.21175,0.57562
2023.17226,0.57510
2021.13278,0.57417
2019.09329,0.57312
2017.05380,0.57219
2015.01431,0.57121
2012.97482,0.57048
2010.93533,0.57018
2008.89585,0.56977
2006.85636,0.56912
2004.81687,0.56859
2002.77738,0.56817
2000.73789,0.56776
1998.69841,0.56751
1996.65892,0.56742
1994.61943,0.56766
1992.57994,0.56796
1990.54045,0.56781
1988.50096,0.56744
1986.46148,0.56699
1984.42199,0.56653
1982.38250,0.56647
1980.34301,0.56662
1978.30352,0.56659
1976.26404,0.56635
1974.22455,0.56625
1972.18506,0.56666
1970.14557,0.56766
1968.10608,0.56846
1966.06659,0.56820
1964.02711,0.56760
1961.98762,0.56766
1959.94813,0.56819
1957.90864,0.56855
1955.86915,0.56845
1953.82967,0.56809
1951.79018,0.56795
1949.75069,0.56828
1947.71120,0.56890
1945.67171,0.56982
1943.63222,0.57067
1941.59274,0.57051
1939.55325,0.56989
1937.51376,0.56988
1935.47427,0.57005
1933.43478,0.56997
1931.39530,0.57002
1929.35581,0.57039
1927.31632,0.57104
1925.27683,0.57216
1923.23734,0.57350
1921.19786,0.57462
1919.15837,0.57562
1917.11888,0.57600
1915.07939,0.57587
1913.03990,0.57634
1911.00041,0.57743
1908.96093,0.57824
1906.92144,0.57847
1904.88195,0.57863
1902.84246,0.57899
1900.80297,0.57957
1898.76349,0.58052
1896.72400,0.58184
1894.68451,0.58314
1892.64502,0.58437
1890.60553,0.58544
1888.56604,0.58576
1886.52656,0.58579
1884.48707,0.58620
1882.44758,0.58683
1880.40809,0.58767
1878.36860,0.58864
1876.32912,0.58941
1874.28963,0.59031
1872.25014,0.59246
1870.21065,0.59548
1868.17116,0.59695
1866.13167,0.59630
1864.09219,0.59574
1862.05270,0.59649
1860.01321,0.59804
1857.97372,0.59962
1855.93423,0.60100
1853.89475,0.60241
1851.85526,0.60424
1849.81577,0.60673
1847.77628,0.60975
1845.73679,0.61272
1843.69730,0.61445
1841.65782,0.61506
1839.61833,0.61633
1837.57884,0.61858
1835.53935,0.62114
1833.49986,0.62441
1831.46038,0.62854
1829.42089,0.63214
1827.38140,0.63495
1825.34191,0.63798
1823.30242,0.64109
1821.26293,0.64424
1819.22345,0.64780
1817.18396,0.65179
1815.14447,0.65672
1813.10498,0.66302
1811.06549,0.66973
1809.02601,0.67553
1806.98652,0.68077
1804.94703,0.68689
1802.90754,0.69464
1800.86805,0.70340
1798.82856,0.71205
1796.78908,0.72104
1794.74959,0.73175
1792.71010,0.74401
1790.67061,0.75529
1788.63112,0.76498
1786.59164,0.77554
1784.55215,0.78804
1782.51266,0.80131
1780.47317,0.81390
1778.43368,0.82548
1776.39420,0.83784
1774.35471,0.85355
1772.31522,0.87261
1770.27573,0.89209
1768.23624,0.91108
1766.19675,0.93141
1764.15727,0.95499
1762.11778,0.98301
1760.07829,1.01322
1758.03880,1.04380
1755.99931,1.07501
1753.95983,1.10603
1751.92034,1.13928
1749.88085,1.17479
1747.84136,1.20608
1745.80187,1.23229
1743.76238,1.25809
1741.72290,1.28341
1739.68341,1.30375
1737.64392,1.31678
1735.60443,1.32493
1733.56494,1.32993
1731.52546,1.33163
1729.48597,1.33081
1727.44648,1.32917
1725.40699,1.32893
1723.36750,1.33063
1721.32801,1.33442
1719.28853,1.33927
1717.24904,1.34061
1715.20955,1.33806
1713.17006,1.33882
1711.13057,1.34541
1709.09109,1.35577
1707.05160,1.36927
1705.01211,1.38551
1702.97262,1.40361
1700.93313,1.42687
1698.89364,1.45503
1696.85416,1.48175
1694.81467,1.50594
1692.77518,1.52695
1690.73569,1.54615
1688.69620,1.56526
1686.65672,1.58776
1684.61723,1.61773
1682.57774,1.64563
1680.53825,1.66134
1678.49876,1.67141
1676.45927,1.68286
1674.41979,1.69588
1672.38030,1.70927
1670.34081,1.72322
1668.30132,1.73599
1666.26183,1.74309
1664.22235,1.74473
1662.18286,1.74649
1660.14337,1.75075
1658.10388,1.75360
1656.06439,1.75477
1654.02490,1.75681
1651.98542,1.75535
1649.94593,1.74851
1647.90644,1.74185
1645.86695,1.73808
1643.82746,1.73423
1641.78798,1.72922
1639.74849,1.72507
1637.70900,1.72237
1635.66951,1.71954
1633.63002,1.71532
1631.59054,1.71131
1629.55105,1.70858
1627.51156,1.70702
1625.47207,1.70719
1623.43258,1.70819
1621.39309,1.70604
1619.35361,1.69994
1617.31412,1.69257
1615.27463,1.68635
1613.23514,1.68211
1611.19565,1.68047
1609.15617,1.68038
1607.11668,1.67725
1605.07719,1.67054
1603.03770,1.66485
1600.99821,1.66101
1598.95872,1.65597
1596.91924,1.64949
1594.87975,1.64387
1592.84026,1.64088
1590.80077,1.63788
1588.76128,1.62932
1586.72180,1.61659
1584.68231,1.60618
1582.64282,1.60036
1580.60333,1.59666
1578.56384,1.59287
1576.52435,1.58687
1574.48487,1.57675
1572.44538,1.56619
1570.40589,1.55828
1568.36640,1.55206
1566.32691,1.54655
1564.28743,1.54196
1562.24794,1.53923
1560.20845,1.53667
1558.16896,1.53186
1556.12947,1.52864
1554.08998,1.52566
1552.05050,1.52007
1550.01101,1.51402
1547.97152,1.50900
1545.93203,1.50460
1543.89254,1.50035
1541.85306,1.49430
1539.81357,1.48497
1537.77408,1.47818
1535.73459,1.47686
1533.69510,1.47548
1531.65561,1.47045
1529.61613,1.46429
1527.57664,1.45861
1525.53715,1.45479
1523.49766,1.45378
1521.45817,1.45282
1519.41869,1.45119
1517.37920,1.44899
1515.33971,1.44213
1513.30022,1.43078
1511.26073,1.41798
1509.22124,1.40325
1507.18176,1.38917
1505.14227,1.38176
1503.10278,1.37696
1501.06329,1.36987
1499.02380,1.35959
1496.98432,1.34757
1494.94483,1.33826
1492.90534,1.33385
1490.86585,1.33141
1488.82636,1.32855
1486.78688,1.32730
1484.74739,1.32971
1482.70790,1.33596
1480.66841,1.34510
1478.62892,1.35586
1476.58943,1.37070
1474.54995,1.39505
1472.51046,1.42713
1470.47097,1.45431
1468.43148,1.47075
1466.39199,1.48072
1464.35251,1.48701
1462.31302,1.49110
1460.27353,1.49779
1458.23404,1.50986
1456.19455,1.52095
1454.15506,1.52555
1452.11558,1.52776
1450.07609,1.53016
1448.03660,1.53224
1445.99711,1.53603
1443.95762,1.54322
1441.91814,1.54964
1439.87865,1.55174
1437.83916,1.55393
1435.79967,1.56086
1433.76018,1.56695
1431.72069,1.56694
1429.68121,1.56546
1427.64172,1.56838
1425.60223,1.57419
1423.56274,1.57945
1421.52325,1.58321
1419.48377,1.58539
1417.44428,1.58531
1415.40479,1.58242
1413.36530,1.57824
1411.32581,1.57576
1409.28632,1.57640
1407.24684,1.57669
1405.20735,1.57327
1403.16786,1.56928
1401.12837,1.56779
1399.08888,1.56626
1397.04940,1.56240
1395.00991,1.55654
1392.97042,1.55044
1390.93093,1.54625
1388.89144,1.54459
1386.85195,1.54531
1384.81247,1.54648
1382.77298,1.54669
1380.73349,1.54829
1378.69400,1.55192
1376.65451,1.55244
1374.61503,1.54623
1372.57554,1.53813
1370.53605,1.53310
1368.49656,1.52774
1366.45707,1.51866
1364.41758,1.50861
1362.37810,1.50063
1360.33861,1.49466
1358.29912,1.48948
1356.25963,1.48475
1354.22014,1.48114
1352.18066,1.47856
1350.14117,1.47561
1348.10168,1.47347
1346.06219,1.47430
1344.02270,1.47586
1341.98322,1.47566
1339.94373,1.47415
1337.90424,1.47217
1335.86475,1.47104
1333.82526,1.47260
1331.78577,1.47628
1329.74629,1.47903
1327.70680,1.47900
1325.66731,1.47656
1323.62782,1.47438
1321.58833,1.47539
1319.54885,1.47681
1317.50936,1.47332
1315.46987,1.46614
1313.43038,1.45982
1311.39089,1.45573
1309.35140,1.45421
1307.31192,1.45405
1305.27243,1.45171
1303.23294,1.44655
1301.19345,1.44170
1299.15396,1.43976
1297.11448,1.43796
1295.07499,1.43476
1293.03550,1.43532
1290.99601,1.44007
1288.95652,1.44503
1286.91703,1.45071
1284.87755,1.45646
1282.83806,1.45953
1280.79857,1.46205
1278.75908,1.46670
1276.71959,1.47049
1274.68011,1.47123
1272.64062,1.47391
1270.60113,1.48122
1268.56164,1.48721
1266.52215,1.48897
1264.48266,1.48959
1262.44318,1.49070
1260.40369,1.49106
1258.36420,1.48941
1256.32471,1.48865
1254.28522,1.49023
1252.24574,1.49085
1250.20625,1.48942
1248.16676,1.48697
1246.12727,1.48398
1244.08778,1.48178
1242.04829,1.48160
1240.00881,1.48106
1237.96932,1.47839
1235.92983,1.47586
1233.89034,1.47182
1231.85085,1.46381
1229.81137,1.45339
1227.77188,1.44266
1225.73239,1.43294
1223.69290,1.42229
1221.65341,1.41128
1219.61392,1.40262
1217.57444,1.39442
1215.53495,1.38681
1213.49546,1.38288
1211.45597,1.38200
1209.41648,1.38159
1207.37700,1.37995
1205.33751,1.37743
1203.29802,1.37627
1201.25853,1.37499
1199.21904,1.37041
1197.17956,1.36421
1195.14007,1.35964
1193.10058,1.35862
1191.06109,1.36004
1189.02160,1.36284
1186.98211,1.36835
1184.94263,1.37778
1182.90314,1.39301
1180.86365,1.41324
1178.82416,1.43273
1176.78467,1.44769
1174.74519,1.46127
1172.70570,1.47832
1170.66621,1.49851
1168.62672,1.51731
1166.58723,1.53008
1164.54774,1.53736
1162.50826,1.54301
1160.46877,1.54849
1158.42928,1.55501
1156.38979,1.56023
1154.35030,1.55802
1152.31082,1.55135
1150.27133,1.54806
1148.23184,1.54703
1146.19235,1.54343
1144.15286,1.53628
1142.11337,1.53147
1140.07389,1.53635
1138.03440,1.54749
1135.99491,1.55746
1133.95542,1.56437
1131.91593,1.57040
1129.87645,1.57886
1127.83696,1.59031
1125.79747,1.60439
1123.75798,1.61661
1121.71849,1.62312
1119.67900,1.62909
1117.63952,1.63690
1115.60003,1.64376
1113.56054,1.64911
1111.52105,1.65543
1109.48156,1.66348
1107.44208,1.66718
1105.40259,1.66444
1103.36310,1.66071
1101.32361,1.65841
1099.28412,1.65746
1097.24463,1.65836
1095.20515,1.65935
1093.16566,1.65805
1091.12617,1.65343
1089.08668,1.65000
1087.04719,1.65488
1085.00771,1.66476
1082.96822,1.67095
1080.92873,1.67185
1078.88924,1.67041
1076.84975,1.66813
1074.81027,1.66496
1072.77078,1.66359
1070.73129,1.66533
1068.69180,1.66555
1066.65231,1.66110
1064.61282,1.65283
1062.57334,1.64347
1060.53385,1.63699
1058.49436,1.63424
1056.45487,1.63058
1054.41538,1.62214
1052.37590,1.61492
1050.33641,1.61320
1048.29692,1.60794
1046.25743,1.59993
1044.21794,1.59912
1042.17845,1.60212
1040.13897,1.59998
1038.09948,1.58928
1036.05999,1.57229
1034.02050,1.55820
1031.98101,1.55212
1029.94153,1.54629
1027.90204,1.53780
1025.86255,1.53238
1023.82306,1.52848
1021.78357,1.51911
1019.74408,1.50277
1017.70460,1.48786
1015.66511,1.47643
1013.62562,1.46318
1011.58613,1.44995
1009.54664,1.43914
1007.50716,1.43108
1005.46767,1.42310
1003.42818,1.41057
1001.38869,1.39576
999.34920,1.38296
997.30971,1.37061
995.27023,1.35625
993.23074,1.34182
991.19125,1.32933
989.15176,1.31569
987.11227,1.29786
985.07279,1.27979
983.03330,1.26511
980.99381,1.25209
978.95432,1.24015
976.91483,1.23026
974.87534,1.22195
972.83586,1.21535
970.79637,1.21203
968.75688,1.21056
966.71739,1.20709
964.67790,1.20133
962.63842,1.19560
960.59893,1.19106
958.55944,1.18687
956.51995,1.18133
954.48046,1.17378
952.44097,1.16516
950.40149,1.15634
948.36200,1.14760
946.32251,1.13948
944.28302,1.13224
942.24353,1.12588
940.20405,1.12111
938.16456,1.11824
936.12507,1.11664
934.08558,1.11561
932.04609,1.11525
930.00661,1.11608
927.96712,1.11933
925.92763,1.12605
923.88814,1.13284
921.84865,1.13601
919.80916,1.13851
917.76968,1.14269
915.73019,1.14653
913.69070,1.14981
911.65121,1.15215
909.61172,1.15391
907.57224,1.15768
905.53275,1.16255
903.49326,1.16766
901.45377,1.17298
899.41428,1.17638
897.37479,1.17777
895.33531,1.17787
893.29582,1.17601
891.25633,1.17368
889.21684,1.17151
887.17735,1.16671
885.13787,1.16034
883.09838,1.15704
881.05889,1.15705
879.01940,1.15818
876.97991,1.16040
874.94042,1.16184
872.90094,1.16046
870.86145,1.16013
868.82196,1.16328
866.78247,1.16768
864.74298,1.17289
862.70350,1.17927
860.66401,1.18456
858.62452,1.18717
856.58503,1.18901
854.54554,1.19242
852.50605,1.19723
850.46657,1.20240
848.42708,1.20800
846.38759,1.21402
844.34810,1.22105
842.30861,1.22825
840.26913,1.23423
838.22964,1.24132
836.19015,1.24842
834.15066,1.25264
832.11117,1.25474
830.07168,1.25571
828.03220,1.25924
825.99271,1.26569
823.95322,1.26951
821.91373,1.27158
819.87424,1.27695
817.83476,1.28626
815.79527,1.29744
813.75578,1.30459
811.71629,1.30356
809.67680,1.30222
807.63731,1.30655
805.59783,1.30830
803.55834,1.30419
801.51885,1.30458
799.47936,1.31405
797.43987,1.32426
795.40039,1.33006
793.36090,1.33471
791.32141,1.33693
789.28192,1.33649
787.24243,1.34008
785.20295,1.34965
783.16346,1.35961
781.12397,1.36484
779.08448,1.36873
777.04499,1.37591
775.00550,1.38191
772.96602,1.38394
770.92653,1.38681
768.88704,1.39104
766.84755,1.39268
764.80806,1.39087
762.76858,1.38828
760.72909,1.38897
758.68960,1.39296
756.65011,1.39662
754.61062,1.40169
752.57113,1.41099
750.53165,1.41844
748.49216,1.41797
746.45267,1.41577
744.41318,1.41842
742.37369,1.42318
740.33421,1.42590
738.29472,1.42916
736.25523,1.43883
734.21574,1.44866
732.17625,1.45062
730.13676,1.45344
728.09728,1.46142
726.05779,1.46785
724.01830,1.47223
721.97881,1.47637
719.93932,1.48296
717.89984,1.49198
715.86035,1.49766
713.82086,1.49797
711.78137,1.49634
709.74188,1.49713
707.70239,1.50318
705.66291,1.50981
703.62342,1.50673
701.58393,1.49658
699.54444,1.49463
697.50495,1.50231
695.46547,1.50634
693.42598,1.50403
691.38649,1.50314
689.34700,1.50458
687.30751,1.50485
685.26802,1.50362
683.22854,1.50224
681.18905,1.50131
679.14956,1.50015
677.11007,1.50219
675.07058,1.51217
673.03110,1.52669
670.99161,1.53386
668.95212,1.52793
666.91263,1.51936
664.87314,1.51683
662.83365,1.51438
660.79417,1.51067
658.75468,1.51117
656.71519,1.51730
654.67570,1.52328
652.63621,1.52083
650.59673,1.51143
648.55724,1.50542
646.51775,1.51047
644.47826,1.52518
642.43877,1.53585
640.39929,1.54255
638.35980,1.56162
636.32031,1.58265
634.28082,1.58290
632.24133,1.56636
630.20184,1.54207
628.16236,1.52092
626.12287,1.52385
624.08338,1.54426
622.04389,1.55031
620.00440,1.54086
617.96492,1.52159
615.92543,1.50091
613.88594,1.50313
611.84645,1.54734
609.80696,1.59063
607.76747,1.57452
605.72799,1.54033
603.68850,1.53246
601.64901,1.52782
599.60952,1.51338
597.57003,1.51138
595.53055,1.52039
593.49106,1.50552
591.45157,1.48361
589.41208,1.49007
587.37259,1.51115
585.33310,1.52919
583.29362,1.53336
581.25413,1.52190
579.21464,1.49270
577.17515,1.46960
575.13566,1.47295
573.09618,1.49052
571.05669,1.50163
569.01720,1.52123
566.97771,1.54399
564.93822,1.56095
562.89873,1.55780
560.85925,1.52006
558.81976,1.51973
556.78027,1.56100
554.74078,1.56624
552.70129,1.53105
550.66181,1.49971
548.62232,1.48459
546.58283,1.49561
544.54334,1.54505
542.50385,1.53616
540.46436,1.46685
538.42488,1.48570
536.38539,1.57237
534.34590,1.60488
532.30641,1.55984
530.26692,1.49661
528.22744,1.45786
526.18795,1.45496
524.14846,1.41378
522.10897,1.41022
520.06948,1.49845
518.02999,1.53672
515.99051,1.50949
513.95102,1.54632
511.91153,1.59610
509.87204,1.56430
507.83255,1.40745
505.79307,1.17239
503.75358,1.05150
501.71409,1.06446
499.67460,1.15125
