3997.39681,0.27571
3995.35732,0.27579
3993.31783,0.27618
3991.27835,0.27639
3989.23886,0.27581
3987.19937,0.27505
3985.15988,0.27478
3983.12039,0.27456
3981.08091,0.27430
3979.04142,0.27438
3977.00193,0.27456
3974.96244,0.27433
3972.92295,0.27362
3970.88346,0.27265
3968.84398,0.27180
3966.80449,0.27142
3964.76500,0.27141
3962.72551,0.27116
3960.68602,0.27039
3958.64654,0.26946
3956.60705,0.26851
3954.56756,0.26762
3952.52807,0.26713
3950.48858,0.26703
3948.44909,0.26673
3946.40961,0.26607
3944.37012,0.26526
3942.33063,0.26426
3940.29114,0.26310
3938.25165,0.26228
3936.21217,0.26210
3934.17268,0.26210
3932.13319,0.26162
3930.09370,0.26083
3928.05421,0.26035
3926.01473,0.26001
3923.97524,0.25936
3921.93575,0.25849
3919.89626,0.25765
3917.85677,0.25671
3915.81728,0.25551
3913.77780,0.25433
3911.73831,0.25349
3909.69882,0.25306
3907.65933,0.25298
3905.61984,0.25276
3903.58036,0.25186
3901.54087,0.25062
3899.50138,0.24948
3897.46189,0.24847
3895.42240,0.24784
3893.38291,0.24749
3891.34343,0.24686
3889.30394,0.24605
3887.26445,0.24556
3885.22496,0.24534
3883.18547,0.24515
3881.14599,0.24471
3879.10650,0.24395
3877.06701,0.24345
3875.02752,0.24324
3872.98803,0.24269
3870.94854,0.24158
3868.90906,0.24058
3866.86957,0.24039
3864.83008,0.24035
3862.79059,0.23979
3860.75110,0.23938
3858.71162,0.23926
3856.67213,0.23847
3854.63264,0.23684
3852.59315,0.23580
3850.55366,0.23626
3848.51417,0.23717
3846.47469,0.23789
3844.43520,0.23834
3842.39571,0.23836
3840.35622,0.23797
3838.31673,0.23752
3836.27725,0.23734
3834.23776,0.23723
3832.19827,0.23704
3830.15878,0.23713
3828.11929,0.23744
3826.07980,0.23758
3824.04032,0.23756
3822.00083,0.23779
3819.96134,0.23829
3817.92185,0.23851
3815.88236,0.23846
3813.84288,0.23868
3811.80339,0.23910
3809.76390,0.23932
3807.72441,0.23952
3805.68492,0.23989
3803.64543,0.24024
3801.60595,0.24054
3799.56646,0.24099
3797.52697,0.24144
3795.48748,0.24189
3793.44799,0.24259
3791.40851,0.24351
3789.36902,0.24451
3787.32953,0.24536
3785.29004,0.24600
3783.25055,0.24668
3781.21107,0.24753
3779.17158,0.24860
3777.13209,0.24992
3775.09260,0.25117
3773.05311,0.25206
3771.01362,0.25264
3768.97414,0.25327
3766.93465,0.25422
3764.89516,0.25540
3762.85567,0.25653
3760.81618,0.25767
3758.77670,0.25934
3756.73721,0.26125
3754.69772,0.26220
3752.65823,0.26213
3750.61874,0.26268
3748.57925,0.26450
3746.53977,0.26610
3744.50028,0.26803
3742.46079,0.27159
3740.42130,0.27521
3738.38181,0.27728
3736.34233,0.27822
3734.30284,0.27952
3732.26335,0.28218
3730.22386,0.28563
3728.18437,0.28893
3726.14488,0.29196
3724.10540,0.29498
3722.06591,0.29827
3720.02642,0.30210
3717.98693,0.30625
3715.94744,0.31015
3713.90796,0.31394
3711.86847,0.31892
3709.82898,0.32574
3707.78949,0.33342
3705.75000,0.34119
3703.71051,0.34980
3701.67103,0.36037
3699.63154,0.37199
3697.59205,0.38247
3695.55256,0.39053
3693.51307,0.39592
3691.47359,0.39963
3689.43410,0.40337
3687.39461,0.40814
3685.35512,0.41372
3683.31563,0.42001
3681.27614,0.42718
3679.23666,0.43523
3677.19717,0.44563
3675.15768,0.45999
3673.11819,0.47529
3671.07870,0.48970
3669.03922,0.50461
3666.99973,0.51854
3664.96024,0.53122
3662.92075,0.54470
3660.88126,0.55928
3658.84177,0.57416
3656.80229,0.58959
3654.76280,0.60511
3652.72331,0.61980
3650.68382,0.63484
3648.64433,0.65094
3646.60485,0.66618
3644.56536,0.67911
3642.52587,0.69073
3640.48638,0.70281
3638.44689,0.71610
3636.40741,0.73001
3634.36792,0.74369
3632.32843,0.75681
3630.28894,0.77012
3628.24945,0.78410
3626.20996,0.79781
3624.17048,0.81158
3622.13099,0.82564
3620.09150,0.83891
3618.05201,0.85003
3616.01252,0.85902
3613.97304,0.86768
3611.93355,0.87746
3609.89406,0.88839
3607.85457,0.89938
3605.81508,0.90957
3603.77559,0.91987
3601.73611,0.93124
3599.69662,0.94275
3597.65713,0.95306
3595.61764,0.96249
3593.57815,0.97181
3591.53867,0.98066
3589.49918,0.98921
3587.45969,0.99850
3585.42020,1.00838
3583.38071,1.01848
3581.34122,1.02841
3579.30174,1.03707
3577.26225,1.04511
3575.22276,1.05452
3573.18327,1.06496
3571.14378,1.07477
3569.10430,1.08429
3567.06481,1.09496
3565.02532,1.10587
3562.98583,1.11521
3560.94634,1.12273
3558.90685,1.12849
3556.86737,1.13401
3554.82788,1.14150
3552.78839,1.15116
3550.74890,1.16120
3548.70941,1.16968
3546.66993,1.17655
3544.63044,1.18366
3542.59095,1.19131
3540.55146,1.19874
3538.51197,1.20660
3536.47248,1.21460
3534.43300,1.22149
3532.39351,1.22787
3530.35402,1.23431
3528.31453,1.23966
3526.27504,1.24447
3524.23556,1.25023
3522.19607,1.25573
3520.15658,1.26061
3518.11709,1.26668
3516.07760,1.27338
3514.03811,1.27864
3511.99863,1.28277
3509.95914,1.28700
3507.91965,1.29097
3505.88016,1.29568
3503.84067,1.30279
3501.80119,1.31051
3499.76170,1.31724
3497.72221,1.32347
3495.68272,1.32830
3493.64323,1.33055
3491.60375,1.33329
3489.56426,1.33895
3487.52477,1.34431
3485.48528,1.34793
3483.44579,1.35175
3481.40630,1.35640
3479.36682,1.36108
3477.32733,1.36625
3475.28784,1.37307
3473.24835,1.37966
3471.20886,1.38320
3469.16938,1.38500
3467.12989,1.38763
3465.09040,1.39089
3463.05091,1.39478
3461.01142,1.39893
3458.97193,1.40292
3456.93245,1.40850
3454.89296,1.41260
3452.85347,1.41077
3450.81398,1.41044
3448.77449,1.41729
3446.73501,1.42424
3444.69552,1.42809
3442.65603,1.43298
3440.61654,1.43711
3438.57705,1.43530
3436.53756,1.43061
3434.49808,1.43216
3432.45859,1.44230
3430.41910,1.45320
3428.37961,1.45947
3426.34012,1.46155
3424.30064,1.45872
3422.26115,1.45232
3420.22166,1.44953
3418.18217,1.45384
3416.14268,1.45956
3414.10319,1.46208
3412.06371,1.46229
3410.02422,1.46426
3407.98473,1.46763
3405.94524,1.46766
3403.90575,1.46704
3401.86627,1.47056
3399.82678,1.47506
3397.78729,1.47816
3395.74780,1.48086
3393.70831,1.48223
3391.66882,1.48100
3389.62934,1.48103
3387.58985,1.48507
3385.55036,1.48982
3383.51087,1.48872
3381.47138,1.48115
3379.43190,1.47569
3377.39241,1.47855
3375.35292,1.48846
3373.31343,1.49749
3371.27394,1.49937
3369.23446,1.49657
3367.19497,1.49113
3365.15548,1.48735
3363.11599,1.49144
3361.07650,1.49829
3359.03701,1.50087
3356.99753,1.49937
3354.95804,1.49583
3352.91855,1.49558
3350.87906,1.49933
3348.83957,1.50368
3346.80009,1.50851
3344.76060,1.50947
3342.72111,1.50748
3340.68162,1.50696
3338.64213,1.50304
3336.60264,1.49952
3334.56316,1.50360
3332.52367,1.50850
3330.48418,1.50853
3328.44469,1.50673
3326.40520,1.50635
3324.36572,1.50517
3322.32623,1.50088
3320.28674,1.49940
3318.24725,1.50193
3316.20776,1.50014
3314.16827,1.49510
3312.12879,1.49512
3310.08930,1.50064
3308.04981,1.50607
3306.01032,1.50637
3303.97083,1.50097
3301.93135,1.49465
3299.89186,1.49165
3297.85237,1.49026
3295.81288,1.48809
3293.77339,1.48686
3291.73390,1.48547
3289.69442,1.48294
3287.65493,1.48237
3285.61544,1.48296
3283.57595,1.48191
3281.53646,1.47937
3279.49698,1.47638
3277.45749,1.47370
3275.41800,1.47112
3273.37851,1.46775
3271.33902,1.46261
3269.29953,1.45703
3267.26005,1.45380
3265.22056,1.45115
3263.18107,1.44715
3261.14158,1.44198
3259.10209,1.43537
3257.06261,1.43062
3255.02312,1.42827
3252.98363,1.42535
3250.94414,1.42307
3248.90465,1.42080
3246.86516,1.41682
3244.82568,1.41243
3242.78619,1.40846
3240.74670,1.40764
3238.70721,1.40930
3236.66772,1.40676
3234.62824,1.40039
3232.58875,1.39497
3230.54926,1.39083
3228.50977,1.38914
3226.47028,1.39078
3224.43080,1.39031
3222.39131,1.38473
3220.35182,1.37935
3218.31233,1.37624
3216.27284,1.37285
3214.23335,1.36970
3212.19387,1.36828
3210.15438,1.36836
3208.11489,1.36736
3206.07540,1.36280
3204.03591,1.35708
3201.99643,1.35323
3199.95694,1.34994
3197.91745,1.34620
3195.87796,1.34350
3193.83847,1.34145
3191.79898,1.33879
3189.75950,1.33619
3187.72001,1.33338
3185.68052,1.33062
3183.64103,1.32901
3181.60154,1.32660
3179.56206,1.32177
3177.52257,1.31504
3175.48308,1.30891
3173.44359,1.30559
3171.40410,1.30289
3169.36461,1.29948
3167.32513,1.29641
3165.28564,1.29253
3163.24615,1.28808
3161.20666,1.28510
3159.16717,1.28392
3157.12769,1.28334
3155.08820,1.28105
3153.04871,1.27722
3151.00922,1.27350
3148.96973,1.26923
3146.93024,1.26451
3144.89076,1.26054
3142.85127,1.25685
3140.81178,1.25283
3138.77229,1.24957
3136.73280,1.24746
3134.69332,1.24578
3132.65383,1.24398
3130.61434,1.24055
3128.57485,1.23587
3126.53536,1.23275
3124.49587,1.23142
3122.45639,1.22990
3120.41690,1.22752
3118.37741,1.22468
3116.33792,1.22183
3114.29843,1.21932
3112.25895,1.21685
3110.21946,1.21384
3108.17997,1.21009
3106.14048,1.20603
3104.10099,1.20310
3102.06150,1.20170
3100.02202,1.20069
3097.98253,1.19940
3095.94304,1.19823
3093.90355,1.19762
3091.86406,1.19599
3089.82458,1.19244
3087.78509,1.18955
3085.74560,1.18831
3083.70611,1.18715
3081.66662,1.18560
3079.62714,1.18312
3077.58765,1.17968
3075.54816,1.17720
3073.50867,1.17649
3071.46918,1.17573
3069.42969,1.17414
3067.39021,1.17278
3065.35072,1.17078
3063.31123,1.16684
3061.27174,1.16281
3059.23225,1.16065
3057.19277,1.15882
3055.15328,1.15565
3053.11379,1.15151
3051.07430,1.14732
3049.03481,1.14396
3046.99532,1.14108
3044.95584,1.13829
3042.91635,1.13600
3040.87686,1.13273
3038.83737,1.12723
3036.79788,1.12287
3034.75840,1.12164
3032.71891,1.12094
3030.67942,1.11991
3028.63993,1.11873
3026.60044,1.11625
3024.56095,1.11275
3022.52147,1.10904
3020.48198,1.10574
3018.44249,1.10406
3016.40300,1.10314
3014.36351,1.10200
3012.32403,1.10168
3010.28454,1.10185
3008.24505,1.10162
3006.20556,1.10055
3004.16607,1.09815
3002.12658,1.09621
3000.08710,1.09681
2998.04761,1.09921
2996.00812,1.10188
2993.96863,1.10430
2991.92914,1.10583
2989.88966,1.10742
2987.85017,1.11204
2985.81068,1.11922
2983.77119,1.12529
2981.73170,1.12975
2979.69221,1.13442
2977.65273,1.14049
2975.61324,1.14792
2973.57375,1.15602
2971.53426,1.16422
2969.49477,1.17170
2967.45529,1.17803
2965.41580,1.18320
2963.37631,1.18790
2961.33682,1.19278
2959.29733,1.19727
2957.25784,1.20080
2955.21836,1.20334
2953.17887,1.20500
2951.13938,1.20674
2949.09989,1.20996
2947.06040,1.21568
2945.02092,1.22282
2942.98143,1.22958
2940.94194,1.23670
2938.90245,1.24401
2936.86296,1.25022
2934.82348,1.25499
2932.78399,1.25857
2930.74450,1.26403
2928.70501,1.27116
2926.66552,1.27331
2924.62603,1.26939
2922.58655,1.26599
2920.54706,1.26506
2918.50757,1.26125
2916.46808,1.24982
2914.42859,1.23355
2912.38911,1.21877
2910.34962,1.20696
2908.31013,1.19687
2906.27064,1.18853
2904.23115,1.18173
2902.19166,1.17528
2900.15218,1.16857
2898.11269,1.16230
2896.07320,1.15714
2894.03371,1.15306
2891.99422,1.14914
2889.95474,1.14481
2887.91525,1.14094
2885.87576,1.13673
2883.83627,1.13146
2881.79678,1.12678
2879.75729,1.12440
2877.71781,1.12458
2875.67832,1.12445
2873.63883,1.12156
2871.59934,1.11718
2869.55985,1.11309
2867.52037,1.11017
2865.48088,1.10793
2863.44139,1.10533
2861.40190,1.10370
2859.36241,1.10451
2857.32292,1.10715
2855.28344,1.11174
2853.24395,1.11717
2851.20446,1.11777
2849.16497,1.10632
2847.12548,1.08301
2845.08600,1.05750
2843.04651,1.03740
2841.00702,1.02274
2838.96753,1.01067
2836.92804,1.00003
2834.88855,0.99133
2832.84907,0.98406
2830.80958,0.97725
2828.77009,0.97084
2826.73060,0.96497
2824.69111,0.95952
2822.65163,0.95514
2820.61214,0.95167
2818.57265,0.94702
2816.53316,0.94139
2814.49367,0.93721
2812.45418,0.93466
2810.41470,0.93219
2808.37521,0.92846
2806.33572,0.92349
2804.29623,0.91897
2802.25674,0.91617
2800.21726,0.91429
2798.17777,0.91179
2796.13828,0.90867
2794.09879,0.90568
2792.05930,0.90249
2790.01982,0.89954
2787.98033,0.89757
2785.94084,0.89567
2783.90135,0.89343
2781.86186,0.89092
2779.82237,0.88816
2777.78289,0.88566
2775.74340,0.88356
2773.70391,0.88172
2771.66442,0.88001
2769.62493,0.87853
2767.58545,0.87695
2765.54596,0.87492
2763.50647,0.87326
2761.46698,0.87193
2759.42749,0.86975
2757.38800,0.86722
2755.34852,0.86561
2753.30903,0.86485
2751.26954,0.86410
2749.23005,0.86264
2747.19056,0.86073
2745.15108,0.85915
2743.11159,0.85780
2741.07210,0.85597
2739.03261,0.85370
2736.99312,0.85189
2734.95363,0.85096
2732.91415,0.85065
2730.87466,0.85004
2728.83517,0.84787
2726.79568,0.84456
2724.75619,0.84192
2722.71671,0.84019
2720.67722,0.83815
2718.63773,0.83606
2716.59824,0.83441
2714.55875,0.83242
2712.51926,0.83015
2710.47978,0.82830
2708.44029,0.82604
2706.40080,0.82280
2704.36131,0.82012
2702.32182,0.81847
2700.28234,0.81670
2698.24285,0.81486
2696.20336,0.81295
2694.16387,0.81068
2692.12438,0.80855
2690.08489,0.80660
2688.04541,0.80423
2686.00592,0.80136
2683.96643,0.79864
2681.92694,0.79669
2679.88745,0.79504
2677.84797,0.79286
2675.80848,0.79023
2673.76899,0.78771
2671.72950,0.78564
2669.69001,0.78399
2667.65052,0.78221
2665.61104,0.77985
2663.57155,0.77736
2661.53206,0.77518
2659.49257,0.77298
2657.45308,0.77029
2655.41360,0.76758
2653.37411,0.76539
2651.33462,0.76331
2649.29513,0.76090
2647.25564,0.75844
2645.21616,0.75642
2643.17667,0.75450
2641.13718,0.75226
2639.09769,0.75032
2637.05820,0.74880
2635.01871,0.74682
2632.97923,0.74433
2630.93974,0.74180
2628.90025,0.73955
2626.86076,0.73762
2624.82127,0.73577
2622.78179,0.73387
2620.74230,0.73206
2618.70281,0.73039
2616.66332,0.72847
2614.62383,0.72628
2612.58434,0.72421
2610.54486,0.72232
2608.50537,0.72078
2606.46588,0.72001
2604.42639,0.71926
2602.38690,0.71753
2600.34742,0.71525
2598.30793,0.71291
2596.26844,0.71037
2594.22895,0.70802
2592.18946,0.70654
2590.14997,0.70574
2588.11049,0.70477
2586.07100,0.70326
2584.03151,0.70099
2581.99202,0.69842
2579.95253,0.69660
2577.91305,0.69547
2575.87356,0.69420
2573.83407,0.69256
2571.79458,0.69102
2569.75509,0.68984
2567.71560,0.68859
2565.67612,0.68707
2563.63663,0.68571
2561.59714,0.68455
2559.55765,0.68319
2557.51816,0.68155
2555.47868,0.67991
2553.43919,0.67833
2551.39970,0.67666
2549.36021,0.67493
2547.32072,0.67337
2545.28123,0.67196
2543.24175,0.67049
2541.20226,0.66903
2539.16277,0.66755
2537.12328,0.66593
2535.08379,0.66429
2533.04431,0.66281
2531.00482,0.66168
2528.96533,0.66067
2526.92584,0.65915
2524.88635,0.65715
2522.84686,0.65547
2520.80738,0.65437
2518.76789,0.65342
2516.72840,0.65220
2514.68891,0.65039
2512.64942,0.64811
2510.60994,0.64605
2508.57045,0.64451
2506.53096,0.64300
2504.49147,0.64155
2502.45198,0.64045
2500.41250,0.63892
2498.37301,0.63678
2496.33352,0.63509
2494.29403,0.63388
2492.25454,0.63218
2490.21505,0.63006
2488.17557,0.62797
2486.13608,0.62584
2484.09659,0.62385
2482.05710,0.62226
2480.01761,0.62081
2477.97813,0.61914
2475.93864,0.61741
2473.89915,0.61578
2471.85966,0.61396
2469.82017,0.61203
2467.78068,0.61043
2465.74120,0.60889
2463.70171,0.60698
2461.66222,0.60499
2459.62273,0.60310
2457.58324,0.60134
2455.54376,0.59990
2453.50427,0.59851
2451.46478,0.59665
2449.42529,0.59459
2447.38580,0.59295
2445.34631,0.59156
2443.30683,0.59002
2441.26734,0.58836
2439.22785,0.58677
2437.18836,0.58524
2435.14887,0.58351
2433.10939,0.58174
2431.06990,0.58024
2429.03041,0.57873
2426.99092,0.57697
2424.95143,0.57525
2422.91194,0.57366
2420.87246,0.57199
2418.83297,0.57033
2416.79348,0.56896
2414.75399,0.56780
2412.71450,0.56636
2410.67502,0.56469
2408.63553,0.56324
2406.59604,0.56206
2404.55655,0.56093
2402.51706,0.55962
2400.47757,0.55825
2398.43809,0.55717
2396.39860,0.55636
2394.35911,0.55545
2392.31962,0.55432
2390.28013,0.55324
2388.24065,0.55252
2386.20116,0.55223
2384.16167,0.55203
2382.12218,0.55156
2380.08269,0.55110
2378.04320,0.55110
2376.00372,0.55142
2373.96423,0.55168
2371.92474,0.55180
2369.88525,0.55159
2367.84576,0.55076
2365.80628,0.54963
2363.76679,0.54929
2361.72730,0.54969
2359.68781,0.54877
2357.64832,0.54545
2355.60884,0.54222
2353.56935,0.54252
2351.52986,0.54627
2349.49037,0.54880
2347.45088,0.54659
2345.41139,0.54234
2343.37191,0.54032
2341.33242,0.54043
2339.29293,0.54060
2337.25344,0.54009
2335.21395,0.53884
2333.17447,0.53746
2331.13498,0.53615
2329.09549,0.53468
2327.05600,0.53340
2325.01651,0.53237
2322.97702,0.53117
2320.93754,0.53017
2318.89805,0.52989
2316.85856,0.52948
2314.81907,0.52807
2312.77958,0.52628
2310.74010,0.52497
2308.70061,0.52400
2306.66112,0.52304
2304.62163,0.52214
2302.58214,0.52128
2300.54265,0.52030
2298.50317,0.51936
2296.46368,0.51876
2294.42419,0.51834
2292.38470,0.51770
2290.34521,0.51677
2288.30573,0.51593
2286.26624,0.51544
2284.22675,0.51516
2282.18726,0.51475
2280.14777,0.51413
2278.10828,0.51362
2276.06880,0.51344
2274.02931,0.51349
2271.98982,0.51351
2269.95033,0.51331
2267.91084,0.51288
2265.87136,0.51260
2263.83187,0.51266
2261.79238,0.51268
2259.75289,0.51237
2257.71340,0.51203
2255.67391,0.51200
2253.63443,0.51204
2251.59494,0.51188
2249.55545,0.51164
2247.51596,0.51181
2245.47647,0.51189
2243.43699,0.51184
2241.39750,0.51191
2239.35801,0.51232
2237.31852,0.51265
2235.27903,0.51241
2233.23954,0.51202
2231.20006,0.51201
2229.16057,0.51227
2227.12108,0.51251
2225.08159,0.51236
2223.04210,0.51196
2221.00262,0.51187
2218.96313,0.51215
2216.92364,0.51259
2214.88415,0.51293
2212.84466,0.51298
2210.80518,0.51288
2208.76569,0.51293
2206.72620,0.51315
2204.68671,0.51334
2202.64722,0.51358
2200.60773,0.51404
2198.56825,0.51451
2196.52876,0.51473
2194.48927,0.51482
2192.44978,0.51505
2190.41029,0.51545
2188.37081,0.51586
2186.33132,0.51620
2184.29183,0.51655
2182.25234,0.51708
2180.21285,0.51781
2178.17336,0.51839
2176.13388,0.51870
2174.09439,0.51913
2172.05490,0.51977
2170.01541,0.52018
2167.97592,0.52033
2165.93644,0.52049
2163.89695,0.52084
2161.85746,0.52140
2159.81797,0.52186
2157.77848,0.52199
2155.73899,0.52198
2153.69951,0.52210
2151.66002,0.52208
2149.62053,0.52189
2147.58104,0.52189
2145.54155,0.52183
2143.50207,0.52157
2141.46258,0.52136
2139.42309,0.52127
2137.38360,0.52124
2135.34411,0.52127
2133.30462,0.52128
2131.26514,0.52124
2129.22565,0.52120
2127.18616,0.52108
2125.14667,0.52085
2123.10718,0.52049
2121.06770,0.51996
2119.02821,0.51953
2116.98872,0.51937
2114.94923,0.51923
2112.90974,0.51892
2110.87025,0.51855
2108.83077,0.51815
2106.79128,0.51764
2104.75179,0.51713
2102.71230,0.51671
2100.67281,0.51627
2098.63333,0.51568
2096.59384,0.51492
2094.55435,0.51414
2092.51486,0.51356
2090.47537,0.51319
2088.43588,0.51290
2086.39640,0.51258
2084.35691,0.51224
2082.31742,0.51195
2080.27793,0.51154
2078.23844,0.51096
2076.19896,0.51026
2074.15947,0.50950
2072.11998,0.50902
2070.08049,0.50898
2068.04100,0.50905
2066.00152,0.50885
2063.96203,0.50831
2061.92254,0.50779
2059.88305,0.50759
2057.84356,0.50754
2055.80407,0.50741
2053.76459,0.50721
2051.72510,0.50680
2049.68561,0.50639
2047.64612,0.50622
2045.60663,0.50599
2043.56715,0.50543
2041.52766,0.50474
2039.48817,0.50413
2037.44868,0.50350
2035.40919,0.50283
2033.36970,0.50228
2031.33022,0.50201
2029.29073,0.50177
2027.25124,0.50125
2025.21175,0.50048
2023.17226,0.49955
2021.13278,0.49861
2019.09329,0.49789
2017.05380,0.49721
2015.01431,0.49636
2012.97482,0.49555
2010.93533,0.49490
2008.89585,0.49437
2006.85636,0.49393
2004.81687,0.49350
2002.77738,0.49312
2000.73789,0.49290
1998.69841,0.49276
1996.65892,0.49264
1994.61943,0.49278
1992.57994,0.49288
1990.54045,0.49237
1988.50096,0.49176
1986.46148,0.49170
1984.42199,0.49194
1982.38250,0.49207
1980.34301,0.49205
1978.30352,0.49201
1976.26404,0.49204
1974.22455,0.49210
1972.18506,0.49214
1970.14557,0.49235
1968.10608,0.49282
1966.06659,0.49293
1964.02711,0.49252
1961.98762,0.49236
1959.94813,0.49261
1957.90864,0.49285
1955.86915,0.49306
1953.82967,0.49324
1951.79018,0.49315
1949.75069,0.49293
1947.71120,0.49312
1945.67171,0.49402
1943.63222,0.49515
1941.59274,0.49545
1939.55325,0.49490
1937.51376,0.49454
1935.47427,0.49466
1933.43478,0.49492
1931.39530,0.49520
1929.35581,0.49562
1927.31632,0.49638
1925.27683,0.49747
1923.23734,0.49848
1921.19786,0.49916
1919.15837,0.49978
1917.11888,0.50010
1915.07939,0.50017
1913.03990,0.50073
1911.00041,0.50189
1908.96093,0.50291
1906.92144,0.50327
1904.88195,0.50343
1902.84246,0.50400
1900.80297,0.50492
1898.76349,0.50592
1896.72400,0.50685
1894.68451,0.50757
1892.64502,0.50831
1890.60553,0.50927
1888.56604,0.50986
1886.52656,0.51006
1884.48707,0.51042
1882.44758,0.51102
1880.40809,0.51176
1878.36860,0.51256
1876.32912,0.51339
1874.28963,0.51454
1872.25014,0.51645
1870.21065,0.51879
1868.17116,0.52029
1866.13167,0.52042
1864.09219,0.52045
1862.05270,0.52126
1860.01321,0.52251
1857.97372,0.52375
1855.93423,0.52490
1853.89475,0.52600
1851.85526,0.52733
1849.81577,0.52928
1847.77628,0.53197
1845.73679,0.53500
1843.69730,0.53715
1841.65782,0.53808
1839.61833,0.53916
1837.57884,0.54119
1835.53935,0.54368
1833.49986,0.54666
1831.46038,0.55062
1829.42089,0.55473
1827.38140,0.55794
1825.34191,0.56069
1823.30242,0.56346
1821.26293,0.56645
1819.22345,0.57005
1817.18396,0.57424
1815.14447,0.57892
1813.10498,0.58425
1811.06549,0.59007
1809.02601,0.59573
1806.98652,0.60126
1804.94703,0.60763
1802.90754,0.61539
1800.86805,0.62399
1798.82856,0.63245
1796.78908,0.64087
1794.74959,0.65035
1792.71010,0.66144
1790.67061,0.67267
1788.63112,0.68304
1786.59164,0.69395
1784.55215,0.70610
1782.51266,0.71846
1780.47317,0.73059
1778.43368,0.74303
1776.39420,0.75660
1774.35471,0.77236
1772.31522,0.79019
1770.27573,0.80839
1768.23624,0.82722
1766.19675,0.84827
1764.15727,0.87192
1762.11778,0.89948
1760.07829,0.92992
1758.03880,0.96105
1755.99931,0.99240
1753.95983,1.02257
1751.92034,1.05396
1749.88085,1.08838
1747.84136,1.12067
1745.80187,1.14810
1743.76238,1.17251
1741.72290,1.19524
1739.68341,1.21676
1737.64392,1.23544
1735.60443,1.24987
1733.56494,1.25853
1731.52546,1.25992
1729.48597,1.25795
1727.44648,1.25637
1725.40699,1.25593
1723.36750,1.25536
1721.32801,1.25431
1719.28853,1.25478
1717.24904,1.25818
1715.20955,1.26345
1713.17006,1.26965
1711.13057,1.27649
1709.09109,1.28453
1707.05160,1.29558
1705.01211,1.31035
1702.97262,1.32795
1700.93313,1.35068
1698.89364,1.37747
1696.85416,1.40230
1694.81467,1.42758
1692.77518,1.45332
1690.73569,1.47796
1688.69620,1.50086
1686.65672,1.52123
1684.61723,1.54126
1682.57774,1.55955
1680.53825,1.57307
1678.49876,1.58485
1676.45927,1.59904
1674.41979,1.61660
1672.38030,1.63377
1670.34081,1.64565
1668.30132,1.65273
1666.26183,1.65985
1664.22235,1.66855
1662.18286,1.67572
1660.14337,1.67808
1658.10388,1.67746
1656.06439,1.67678
1654.02490,1.67356
1651.98542,1.66543
1649.94593,1.66016
1647.90644,1.65849
1645.86695,1.65723
1643.82746,1.65737
1641.78798,1.65993
1639.74849,1.66274
1637.70900,1.66237
1635.66951,1.65582
1633.63002,1.64578
1631.59054,1.63815
1629.55105,1.63248
1627.51156,1.62766
1625.47207,1.62492
1623.43258,1.62431
1621.39309,1.62465
1619.35361,1.62486
1617.31412,1.62182
1615.27463,1.61388
1613.23514,1.60561
1611.19565,1.60034
1609.15617,1.59723
1607.11668,1.59367
1605.07719,1.58819
1603.03770,1.58110
1600.99821,1.57452
1598.95872,1.56978
1596.91924,1.56555
1594.87975,1.56104
1592.84026,1.55603
1590.80077,1.54955
1588.76128,1.54212
1586.72180,1.53486
1584.68231,1.52697
1582.64282,1.51864
1580.60333,1.51044
1578.56384,1.50162
1576.52435,1.49343
1574.48487,1.48855
1572.44538,1.48363
1570.40589,1.47423
1568.36640,1.46469
1566.32691,1.46050
1564.28743,1.45859
1562.24794,1.45502
1560.20845,1.45042
1558.16896,1.44728
1556.12947,1.44499
1554.08998,1.44155
1552.05050,1.43812
1550.01101,1.43528
1547.97152,1.43163
1545.93203,1.42724
1543.89254,1.42353
1541.85306,1.42004
1539.81357,1.41521
1537.77408,1.40895
1535.73459,1.40081
1533.69510,1.39012
1531.65561,1.37968
1529.61613,1.37283
1527.57664,1.36819
1525.53715,1.36444
1523.49766,1.36287
1521.45817,1.36313
1519.41869,1.36310
1517.37920,1.36114
1515.33971,1.35606
1513.30022,1.34781
1511.26073,1.33709
1509.22124,1.32321
1507.18176,1.30689
1505.14227,1.29550
1503.10278,1.29006
1501.06329,1.28473
1499.02380,1.27681
1496.98432,1.26690
1494.94483,1.25830
1492.90534,1.25233
1490.86585,1.24657
1488.82636,1.24167
1486.78688,1.24146
1484.74739,1.24576
1482.70790,1.25303
1480.66841,1.26308
1478.62892,1.27655
1476.58943,1.29378
1474.54995,1.31348
1472.51046,1.33538
1470.47097,1.35748
1468.43148,1.37570
1466.39199,1.39122
1464.35251,1.40551
1462.31302,1.41681
1460.27353,1.42500
1458.23404,1.43213
1456.19455,1.43925
1454.15506,1.44548
1452.11558,1.44988
1450.07609,1.45281
1448.03660,1.45557
1445.99711,1.45869
1443.95762,1.46176
1441.91814,1.46540
1439.87865,1.46948
1437.83916,1.47228
1435.79967,1.47357
1433.76018,1.47471
1431.72069,1.47677
1429.68121,1.48033
1427.64172,1.48427
1425.60223,1.48839
1423.56274,1.49338
1421.52325,1.49705
1419.48377,1.49780
1417.44428,1.49649
1415.40479,1.49515
1413.36530,1.49543
1411.32581,1.49505
1409.28632,1.49194
1407.24684,1.48835
1405.20735,1.48555
1403.16786,1.48395
1401.12837,1.48489
1399.08888,1.48568
1397.04940,1.48278
1395.00991,1.47875
1392.97042,1.47736
1390.93093,1.47781
1388.89144,1.47527
1386.85195,1.46711
1384.81247,1.45964
1382.77298,1.45810
1380.73349,1.45774
1378.69400,1.45510
1376.65451,1.45514
1374.61503,1.45988
1372.57554,1.46311
1370.53605,1.46038
1368.49656,1.45073
1366.45707,1.43632
1364.41758,1.42359
1362.37810,1.41561
1360.33861,1.40908
1358.29912,1.40200
1356.25963,1.39711
1354.22014,1.39444
1352.18066,1.39052
1350.14117,1.38573
1348.10168,1.38354
1346.06219,1.38410
1344.02270,1.38369
1341.98322,1.37960
1339.94373,1.37448
1337.90424,1.37387
1335.86475,1.37761
1333.82526,1.38025
1331.78577,1.38204
1329.74629,1.38640
1327.70680,1.38986
1325.66731,1.38872
1323.62782,1.38613
1321.58833,1.38591
1319.54885,1.38759
1317.50936,1.38746
1315.46987,1.38220
1313.43038,1.37381
1311.39089,1.36707
1309.35140,1.36364
1307.31192,1.36283
1305.27243,1.36209
1303.23294,1.35889
1301.19345,1.35458
1299.15396,1.35122
1297.11448,1.34871
1295.07499,1.34660
1293.03550,1.34664
1290.99601,1.35156
1288.95652,1.35925
1286.91703,1.36429
1284.87755,1.36649
1282.83806,1.36874
1280.79857,1.37101
1278.75908,1.37328
1276.71959,1.37635
1274.68011,1.37910
1272.64062,1.38171
1270.60113,1.38555
1268.56164,1.38911
1266.52215,1.39078
1264.48266,1.39184
1262.44318,1.39416
1260.40369,1.39764
1258.36420,1.39946
1256.32471,1.39863
1254.28522,1.39871
1252.24574,1.40047
1250.20625,1.40156
1248.16676,1.40147
1246.12727,1.39964
1244.08778,1.39645
1242.04829,1.39372
1240.00881,1.39149
1237.96932,1.38817
1235.92983,1.38150
1233.89034,1.37194
1231.85085,1.36356
1229.81137,1.35768
1227.77188,1.35233
1225.73239,1.34565
1223.69290,1.33571
1221.65341,1.32424
1219.61392,1.31519
1217.57444,1.30796
1215.53495,1.30073
1213.49546,1.29460
1211.45597,1.29073
1209.41648,1.28928
1207.37700,1.28857
1205.33751,1.28642
1203.29802,1.28379
1201.25853,1.28218
1199.21904,1.28114
1197.17956,1.27985
1195.14007,1.27751
1193.10058,1.27550
1191.06109,1.27640
1189.02160,1.27877
1186.98211,1.28160
1184.94263,1.28960
1182.90314,1.30402
1180.86365,1.31937
1178.82416,1.33397
1176.78467,1.35080
1174.74519,1.37025
1172.70570,1.38950
1170.66621,1.40657
1168.62672,1.42315
1166.58723,1.43973
1164.54774,1.45364
1162.50826,1.46263
1160.46877,1.46421
1158.42928,1.46088
1156.38979,1.45959
1154.35030,1.45951
1152.31082,1.45800
1150.27133,1.45839
1148.23184,1.45996
1146.19235,1.45841
1144.15286,1.45541
1142.11337,1.45433
1140.07389,1.45549
1138.03440,1.45823
1135.99491,1.46197
1133.95542,1.46827
1131.91593,1.47928
1129.87645,1.49178
1127.83696,1.49966
1125.79747,1.50502
1123.75798,1.51474
1121.71849,1.52608
1119.67900,1.53271
1117.63952,1.53750
1115.60003,1.54654
1113.56054,1.55704
1111.52105,1.56397
1109.48156,1.56975
1107.44208,1.57251
1105.40259,1.56870
1103.36310,1.56464
1101.32361,1.56443
1099.28412,1.56373
1097.24463,1.56083
1095.20515,1.55911
1093.16566,1.55848
1091.12617,1.55772
1089.08668,1.55997
1087.04719,1.56661
1085.00771,1.57180
1082.96822,1.56940
1080.92873,1.56538
1078.88924,1.56677
1076.84975,1.56608
1074.81027,1.56116
1072.77078,1.55993
1070.73129,1.55844
1068.69180,1.55344
1066.65231,1.54810
1064.61282,1.54039
1062.57334,1.53129
1060.53385,1.52670
1058.49436,1.52722
1056.45487,1.52632
1054.41538,1.52198
1052.37590,1.51820
1050.33641,1.51609
1048.29692,1.51536
1046.25743,1.51397
1044.21794,1.50880
1042.17845,1.50196
1040.13897,1.49561
1038.09948,1.48792
1036.05999,1.48038
1034.02050,1.47332
1031.98101,1.46369
1029.94153,1.45277
1027.90204,1.44239
1025.86255,1.43250
1023.82306,1.42422
1021.78357,1.41771
1019.74408,1.41108
1017.70460,1.40201
1015.66511,1.38916
1013.62562,1.37478
1011.58613,1.36142
1009.54664,1.34765
1007.50716,1.33299
1005.46767,1.31838
1003.42818,1.30385
1001.38869,1.29130
999.34920,1.28291
997.30971,1.27720
995.27023,1.26951
993.23074,1.25693
991.19125,1.24100
989.15176,1.22432
987.11227,1.20810
985.07279,1.19251
983.03330,1.17715
980.99381,1.16246
978.95432,1.14844
976.91483,1.13512
974.87534,1.12518
972.83586,1.11909
970.79637,1.11577
968.75688,1.11483
966.71739,1.11299
964.67790,1.10892
962.63842,1.10426
960.59893,1.09878
958.55944,1.09269
956.51995,1.08682
954.48046,1.08068
952.44097,1.07311
950.40149,1.06397
948.36200,1.05445
946.32251,1.04633
944.28302,1.04009
942.24353,1.03434
940.20405,1.02962
938.16456,1.02748
936.12507,1.02681
934.08558,1.02661
932.04609,1.02725
930.00661,1.02830
927.96712,1.02978
925.92763,1.03319
923.88814,1.03783
921.84865,1.04111
919.80916,1.04374
917.76968,1.04749
915.73019,1.05227
913.69070,1.05708
911.65121,1.05936
909.61172,1.05870
907.57224,1.05967
905.53275,1.06491
903.49326,1.07137
901.45377,1.07580
899.41428,1.07773
897.37479,1.07834
895.33531,1.07849
893.29582,1.07729
891.25633,1.07413
889.21684,1.07015
887.17735,1.06713
885.13787,1.06532
883.09838,1.06305
881.05889,1.06061
879.01940,1.06029
876.97991,1.06111
874.94042,1.06151
872.90094,1.06457
870.86145,1.07133
868.82196,1.07705
866.78247,1.07869
864.74298,1.07902
862.70350,1.08199
860.66401,1.08672
858.62452,1.09075
856.58503,1.09509
854.54554,1.09990
852.50605,1.10390
850.46657,1.10697
848.42708,1.10914
846.38759,1.11213
844.34810,1.11854
842.30861,1.12894
840.26913,1.14025
838.22964,1.14804
836.19015,1.15205
834.15066,1.15353
832.11117,1.15373
830.07168,1.15412
828.03220,1.15500
825.99271,1.15881
823.95322,1.16638
821.91373,1.17452
819.87424,1.18124
817.83476,1.18629
815.79527,1.18882
813.75578,1.18985
811.71629,1.19122
809.67680,1.19271
807.63731,1.19518
805.59783,1.19812
803.55834,1.19967
801.51885,1.20278
799.47936,1.21024
797.43987,1.21822
795.40039,1.22306
793.36090,1.22669
791.32141,1.23083
789.28192,1.23642
787.24243,1.24531
785.20295,1.25508
783.16346,1.26179
781.12397,1.26549
779.08448,1.26676
777.04499,1.26739
775.00550,1.26783
772.96602,1.26901
770.92653,1.27498
768.88704,1.28283
766.84755,1.29010
764.80806,1.29777
762.76858,1.30184
760.72909,1.30092
758.68960,1.29755
756.65011,1.29398
754.61062,1.29440
752.57113,1.30033
750.53165,1.30461
748.49216,1.30390
746.45267,1.30510
744.41318,1.30937
742.37369,1.31243
740.33421,1.31511
738.29472,1.31811
736.25523,1.32067
734.21574,1.32560
732.17625,1.33522
730.13676,1.34606
728.09728,1.35522
726.05779,1.36354
724.01830,1.36542
721.97881,1.36260
719.93932,1.35937
717.89984,1.35666
715.86035,1.35972
713.82086,1.36958
711.78137,1.37922
709.74188,1.38645
707.70239,1.38915
705.66291,1.38612
703.62342,1.38465
701.58393,1.38769
699.54444,1.39037
697.50495,1.39026
695.46547,1.38644
693.42598,1.37933
691.38649,1.37308
689.34700,1.37172
687.30751,1.37695
685.26802,1.38319
683.22854,1.38337
681.18905,1.38450
679.14956,1.39244
677.11007,1.39950
675.07058,1.40542
673.03110,1.41616
670.99161,1.42368
668.95212,1.41914
666.91263,1.40911
664.87314,1.39991
662.83365,1.39050
660.79417,1.38496
658.75468,1.38587
656.71519,1.39103
654.67570,1.39716
652.63621,1.40277
650.59673,1.41123
648.55724,1.42272
646.51775,1.43153
644.47826,1.43260
642.43877,1.42611
640.39929,1.41729
638.35980,1.40949
636.32031,1.40468
634.28082,1.40693
632.24133,1.41683
630.20184,1.42409
628.16236,1.41982
626.12287,1.40824
624.08338,1.40177
622.04389,1.40944
620.00440,1.42421
617.96492,1.42932
615.92543,1.42424
613.88594,1.42466
611.84645,1.43544
609.80696,1.44100
607.76747,1.43772
605.72799,1.41474
603.68850,1.38189
601.64901,1.36522
599.60952,1.36677
597.57003,1.37255
595.53055,1.37343
593.49106,1.37179
591.45157,1.38145
589.41208,1.39713
587.37259,1.39282
585.33310,1.38417
583.29362,1.38025
581.25413,1.36382
579.21464,1.36552
577.17515,1.39868
575.13566,1.42430
573.09618,1.45885
571.05669,1.50004
569.01720,1.48446
566.97771,1.42771
564.93822,1.38257
562.89873,1.35873
560.85925,1.37080
558.81976,1.42188
556.78027,1.45267
554.74078,1.41981
552.70129,1.37925
550.66181,1.37616
548.62232,1.39213
546.58283,1.40108
544.54334,1.41680
542.50385,1.41453
540.46436,1.36289
538.42488,1.32933
536.38539,1.35068
534.34590,1.38460
532.30641,1.42198
530.26692,1.42845
528.22744,1.39720
526.18795,1.36231
524.14846,1.34374
522.10897,1.36650
520.06948,1.36119
518.02999,1.30686
515.99051,1.28307
513.95102,1.28103
511.91153,1.31286
509.87204,1.32220
507.83255,1.25298
505.79307,1.38680
503.75358,1.33877
501.71409,1.09131
499.67460,1.00275
