3997.39681,0.30069
3995.35732,0.30008
3993.31783,0.30008
3991.27835,0.30030
3989.23886,0.29999
3987.19937,0.29947
3985.15988,0.29921
3983.12039,0.29899
3981.08091,0.29874
3979.04142,0.29863
3977.00193,0.29856
3974.96244,0.29834
3972.92295,0.29778
3970.88346,0.29689
3968.84398,0.29600
3966.80449,0.29530
3964.76500,0.29461
3962.72551,0.29380
3960.68602,0.29313
3958.64654,0.29265
3956.60705,0.29236
3954.56756,0.29243
3952.52807,0.29243
3950.48858,0.29173
3948.44909,0.29087
3946.40961,0.29070
3944.37012,0.29046
3942.33063,0.28935
3940.29114,0.28789
3938.25165,0.28678
3936.21217,0.28628
3934.17268,0.28577
3932.13319,0.28498
3930.09370,0.28447
3928.05421,0.28402
3926.01473,0.28327
3923.97524,0.28275
3921.93575,0.28245
3919.89626,0.28162
3917.85677,0.28023
3915.81728,0.27881
3913.77780,0.27780
3911.73831,0.27715
3909.69882,0.27669
3907.65933,0.27625
3905.61984,0.27582
3903.58036,0.27559
3901.54087,0.27491
3899.50138,0.27370
3897.46189,0.27317
3895.42240,0.27281
3893.38291,0.27171
3891.34343,0.27080
3889.30394,0.27040
3887.26445,0.26920
3885.22496,0.26832
3883.18547,0.26841
3881.14599,0.26756
3879.10650,0.26667
3877.06701,0.26635
3875.02752,0.26593
3872.98803,0.26551
3870.94854,0.26457
3868.90906,0.26417
3866.86957,0.26412
3864.83008,0.26303
3862.79059,0.26239
3860.75110,0.26293
3858.71162,0.26343
3856.67213,0.26183
3854.63264,0.25819
3852.59315,0.25719
3850.55366,0.25973
3848.51417,0.26166
3846.47469,0.26205
3844.43520,0.26175
3842.39571,0.26098
3840.35622,0.25964
3838.31673,0.25898
3836.27725,0.25976
3834.23776,0.26029
3832.19827,0.26037
3830.15878,0.26104
3828.11929,0.26163
3826.07980,0.26189
3824.04032,0.26143
3822.00083,0.26004
3819.96134,0.26013
3817.92185,0.26043
3815.88236,0.25976
3813.84288,0.26061
3811.80339,0.26228
3809.76390,0.26299
3807.72441,0.26302
3805.68492,0.26375
3803.64543,0.26390
3801.60595,0.26349
3799.56646,0.26454
3797.52697,0.26508
3795.48748,0.26510
3793.44799,0.26610
3791.40851,0.26740
3789.36902,0.26827
3787.32953,0.26883
3785.29004,0.26978
3783.25055,0.27113
3781.21107,0.27174
3779.17158,0.27201
3777.13209,0.27302
3775.09260,0.27425
3773.05311,0.27521
3771.01362,0.27611
3768.97414,0.27765
3766.93465,0.27944
3764.89516,0.28116
3762.85567,0.28286
3760.81618,0.28383
3758.77670,0.28515
3756.73721,0.28745
3754.69772,0.28875
3752.65823,0.28860
3750.61874,0.29014
3748.57925,0.29406
3746.53977,0.29574
3744.50028,0.29637
3742.46079,0.30057
3740.42130,0.30514
3738.38181,0.30705
3736.34233,0.30806
3734.30284,0.31034
3732.26335,0.31424
3730.22386,0.31882
3728.18437,0.32256
3726.14488,0.32581
3724.10540,0.33011
3722.06591,0.33557
3720.02642,0.34183
3717.98693,0.34886
3715.94744,0.35634
3713.90796,0.36407
3711.86847,0.37420
3709.82898,0.38847
3707.78949,0.40420
3705.75000,0.41971
3703.71051,0.43678
3701.67103,0.45744
3699.63154,0.47897
3697.59205,0.49574
3695.55256,0.50597
3693.51307,0.50982
3691.47359,0.50759
3689.43410,0.50226
3687.39461,0.49862
3685.35512,0.49777
3683.31563,0.49866
3681.27614,0.50179
3679.23666,0.50746
3677.19717,0.51592
3675.15768,0.52916
3673.11819,0.54446
3671.07870,0.55771
3669.03922,0.57149
3666.99973,0.58518
3664.96024,0.59689
3662.92075,0.60893
3660.88126,0.62245
3658.84177,0.63632
3656.80229,0.65090
3654.76280,0.66685
3652.72331,0.68124
3650.68382,0.69303
3648.64433,0.70498
3646.60485,0.71760
3644.56536,0.72916
3642.52587,0.73950
3640.48638,0.74975
3638.44689,0.76052
3636.40741,0.77229
3634.36792,0.78542
3632.32843,0.79913
3630.28894,0.81362
3628.24945,0.83125
3626.20996,0.84909
3624.17048,0.86329
3622.13099,0.87473
3620.09150,0.88410
3618.05201,0.89090
3616.01252,0.89493
3613.97304,0.89858
3611.93355,0.90390
3609.89406,0.90931
3607.85457,0.91531
3605.81508,0.92422
3603.77559,0.93451
3601.73611,0.94420
3599.69662,0.95341
3597.65713,0.96240
3595.61764,0.97173
3593.57815,0.98210
3591.53867,0.99168
3589.49918,0.99891
3587.45969,1.00601
3585.42020,1.01426
3583.38071,1.02185
3581.34122,1.02867
3579.30174,1.03550
3577.26225,1.04217
3575.22276,1.04903
3573.18327,1.05669
3571.14378,1.06564
3569.10430,1.07617
3567.06481,1.08630
3565.02532,1.09274
3562.98583,1.09667
3560.94634,1.10250
3558.90685,1.11060
3556.86737,1.11784
3554.82788,1.12328
3552.78839,1.12968
3550.74890,1.13913
3548.70941,1.14904
3546.66993,1.15643
3544.63044,1.16214
3542.59095,1.16693
3540.55146,1.17060
3538.51197,1.17492
3536.47248,1.18085
3534.43300,1.18700
3532.39351,1.19304
3530.35402,1.19983
3528.31453,1.20704
3526.27504,1.21414
3524.23556,1.22142
3522.19607,1.22818
3520.15658,1.23348
3518.11709,1.23791
3516.07760,1.24243
3514.03811,1.24790
3511.99863,1.25446
3509.95914,1.26060
3507.91965,1.26594
3505.88016,1.27058
3503.84067,1.27344
3501.80119,1.27585
3499.76170,1.27940
3497.72221,1.28178
3495.68272,1.28387
3493.64323,1.28962
3491.60375,1.29847
3489.56426,1.30707
3487.52477,1.31238
3485.48528,1.31392
3483.44579,1.31527
3481.40630,1.31950
3479.36682,1.32472
3477.32733,1.32815
3475.28784,1.33161
3473.24835,1.33624
3471.20886,1.33948
3469.16938,1.34272
3467.12989,1.34850
3465.09040,1.35407
3463.05091,1.35590
3461.01142,1.35548
3458.97193,1.35715
3456.93245,1.36203
3454.89296,1.36821
3452.85347,1.37401
3450.81398,1.37900
3448.77449,1.38280
3446.73501,1.38414
3444.69552,1.38286
3442.65603,1.38142
3440.61654,1.38285
3438.57705,1.38585
3436.53756,1.38828
3434.49808,1.39219
3432.45859,1.39751
3430.41910,1.39951
3428.37961,1.39834
3426.34012,1.39989
3424.30064,1.40633
3422.26115,1.41351
3420.22166,1.41825
3418.18217,1.42197
3416.14268,1.42634
3414.10319,1.42863
3412.06371,1.42371
3410.02422,1.41656
3407.98473,1.41623
3405.94524,1.42079
3403.90575,1.42362
3401.86627,1.42146
3399.82678,1.41727
3397.78729,1.41868
3395.74780,1.42323
3393.70831,1.42371
3391.66882,1.42455
3389.62934,1.42991
3387.58985,1.43617
3385.55036,1.43954
3383.51087,1.43890
3381.47138,1.43550
3379.43190,1.43337
3377.39241,1.43455
3375.35292,1.43231
3373.31343,1.42477
3371.27394,1.42166
3369.23446,1.42622
3367.19497,1.43300
3365.15548,1.43712
3363.11599,1.43760
3361.07650,1.43835
3359.03701,1.44126
3356.99753,1.44305
3354.95804,1.44321
3352.91855,1.44491
3350.87906,1.44744
3348.83957,1.44731
3346.80009,1.44397
3344.76060,1.44111
3342.72111,1.44292
3340.68162,1.44550
3338.64213,1.44247
3336.60264,1.43730
3334.56316,1.43588
3332.52367,1.43653
3330.48418,1.43544
3328.44469,1.43429
3326.40520,1.43535
3324.36572,1.43773
3322.32623,1.43978
3320.28674,1.43831
3318.24725,1.43354
3316.20776,1.43081
3314.16827,1.43057
3312.12879,1.42947
3310.08930,1.42793
3308.04981,1.42785
3306.01032,1.43062
3303.97083,1.43323
3301.93135,1.42993
3299.89186,1.42498
3297.85237,1.42486
3295.81288,1.42496
3293.77339,1.42165
3291.73390,1.41892
3289.69442,1.41774
3287.65493,1.41501
3285.61544,1.41199
3283.57595,1.41088
3281.53646,1.40914
3279.49698,1.40404
3277.45749,1.39822
3275.41800,1.39682
3273.37851,1.39785
3271.33902,1.39548
3269.29953,1.39117
3267.26005,1.38875
3265.22056,1.38664
3263.18107,1.38178
3261.14158,1.37463
3259.10209,1.36976
3257.06261,1.37019
3255.02312,1.37286
3252.98363,1.37132
3250.94414,1.36396
3248.90465,1.35790
3246.86516,1.35561
3244.82568,1.35153
3242.78619,1.34446
3240.74670,1.33809
3238.70721,1.33447
3236.66772,1.33293
3234.62824,1.33252
3232.58875,1.33288
3230.54926,1.33317
3228.50977,1.33033
3226.47028,1.32489
3224.43080,1.32224
3222.39131,1.32110
3220.35182,1.31836
3218.31233,1.31627
3216.27284,1.31385
3214.23335,1.30921
3212.19387,1.30446
3210.15438,1.30051
3208.11489,1.29702
3206.07540,1.29525
3204.03591,1.29554
3201.99643,1.29437
3199.95694,1.29073
3197.91745,1.28817
3195.87796,1.28710
3193.83847,1.28440
3191.79898,1.27938
3189.75950,1.27517
3187.72001,1.27250
3185.68052,1.26888
3183.64103,1.26458
3181.60154,1.26175
3179.56206,1.25920
3177.52257,1.25501
3175.48308,1.25040
3173.44359,1.24640
3171.40410,1.24276
3169.36461,1.24018
3167.32513,1.23967
3165.28564,1.23942
3163.24615,1.23557
3161.20666,1.22864
3159.16717,1.22359
3157.12769,1.22100
3155.08820,1.21844
3153.04871,1.21630
3151.00922,1.21369
3148.96973,1.20947
3146.93024,1.20563
3144.89076,1.20369
3142.85127,1.20297
3140.81178,1.20242
3138.77229,1.19959
3136.73280,1.19272
3134.69332,1.18590
3132.65383,1.18351
3130.61434,1.18302
3128.57485,1.18007
3126.53536,1.17572
3124.49587,1.17271
3122.45639,1.17124
3120.41690,1.16997
3118.37741,1.16703
3116.33792,1.16342
3114.29843,1.16086
3112.25895,1.15872
3110.21946,1.15682
3108.17997,1.15519
3106.14048,1.15322
3104.10099,1.15127
3102.06150,1.14988
3100.02202,1.14772
3097.98253,1.14393
3095.94304,1.14054
3093.90355,1.13926
3091.86406,1.13924
3089.82458,1.13921
3087.78509,1.13820
3085.74560,1.13487
3083.70611,1.13008
3081.66662,1.12686
3079.62714,1.12612
3077.58765,1.12573
3075.54816,1.12336
3073.50867,1.11957
3071.46918,1.11702
3069.42969,1.11605
3067.39021,1.11415
3065.35072,1.11056
3063.31123,1.10706
3061.27174,1.10384
3059.23225,1.10034
3057.19277,1.09740
3055.15328,1.09562
3053.11379,1.09399
3051.07430,1.09061
3049.03481,1.08604
3046.99532,1.08344
3044.95584,1.08350
3042.91635,1.08291
3040.87686,1.07952
3038.83737,1.07535
3036.79788,1.07309
3034.75840,1.07212
3032.71891,1.06995
3030.67942,1.06616
3028.63993,1.06258
3026.60044,1.06002
3024.56095,1.05734
3022.52147,1.05384
3020.48198,1.05065
3018.44249,1.04878
3016.40300,1.04772
3014.36351,1.04720
3012.32403,1.04715
3010.28454,1.04640
3008.24505,1.04517
3006.20556,1.04525
3004.16607,1.04667
3002.12658,1.04723
3000.08710,1.04637
2998.04761,1.04659
2996.00812,1.04931
2993.96863,1.05249
2991.92914,1.05427
2989.88966,1.05627
2987.85017,1.06092
2985.81068,1.06735
2983.77119,1.07350
2981.73170,1.07864
2979.69221,1.08341
2977.65273,1.08934
2975.61324,1.09718
2973.57375,1.10625
2971.53426,1.11532
2969.49477,1.12313
2967.45529,1.12919
2965.41580,1.13587
2963.37631,1.14439
2961.33682,1.15124
2959.29733,1.15554
2957.25784,1.15984
2955.21836,1.16441
2953.17887,1.16756
2951.13938,1.16871
2949.09989,1.17062
2947.06040,1.17423
2945.02092,1.17957
2942.98143,1.18952
2940.94194,1.20175
2938.90245,1.21075
2936.86296,1.21828
2934.82348,1.22670
2932.78399,1.23382
2930.74450,1.23934
2928.70501,1.24457
2926.66552,1.24983
2924.62603,1.25353
2922.58655,1.25535
2920.54706,1.25567
2918.50757,1.25178
2916.46808,1.24183
2914.42859,1.22608
2912.38911,1.20708
2910.34962,1.19016
2908.31013,1.17832
2906.27064,1.16962
2904.23115,1.16202
2902.19166,1.15486
2900.15218,1.14741
2898.11269,1.14025
2896.07320,1.13444
2894.03371,1.12966
2891.99422,1.12416
2889.95474,1.11796
2887.91525,1.11288
2885.87576,1.10899
2883.83627,1.10504
2881.79678,1.10183
2879.75729,1.10044
2877.71781,1.09933
2875.67832,1.09827
2873.63883,1.09739
2871.59934,1.09432
2869.55985,1.08945
2867.52037,1.08630
2865.48088,1.08575
2863.44139,1.08677
2861.40190,1.08885
2859.36241,1.09210
2857.32292,1.09760
2855.28344,1.10507
2853.24395,1.11086
2851.20446,1.11056
2849.16497,1.09991
2847.12548,1.07709
2845.08600,1.04774
2843.04651,1.02057
2841.00702,0.99996
2838.96753,0.98524
2836.92804,0.97351
2834.88855,0.96363
2832.84907,0.95577
2830.80958,0.94868
2828.77009,0.94180
2826.73060,0.93549
2824.69111,0.92891
2822.65163,0.92218
2820.61214,0.91669
2818.57265,0.91297
2816.53316,0.91003
2814.49367,0.90614
2812.45418,0.90126
2810.41470,0.89676
2808.37521,0.89272
2806.33572,0.88887
2804.29623,0.88573
2802.25674,0.88300
2800.21726,0.87997
2798.17777,0.87655
2796.13828,0.87280
2794.09879,0.86940
2792.05930,0.86766
2790.01982,0.86664
2787.98033,0.86376
2785.94084,0.85973
2783.90135,0.85725
2781.86186,0.85611
2779.82237,0.85406
2777.78289,0.85119
2775.74340,0.84888
2773.70391,0.84677
2771.66442,0.84412
2769.62493,0.84115
2767.58545,0.83863
2765.54596,0.83664
2763.50647,0.83492
2761.46698,0.83388
2759.42749,0.83293
2757.38800,0.83102
2755.34852,0.82857
2753.30903,0.82648
2751.26954,0.82477
2749.23005,0.82343
2747.19056,0.82243
2745.15108,0.82138
2743.11159,0.82039
2741.07210,0.81880
2739.03261,0.81657
2736.99312,0.81527
2734.95363,0.81468
2732.91415,0.81336
2730.87466,0.81143
2728.83517,0.80949
2726.79568,0.80756
2724.75619,0.80604
2722.71671,0.80460
2720.67722,0.80222
2718.63773,0.79909
2716.59824,0.79591
2714.55875,0.79361
2712.51926,0.79266
2710.47978,0.79178
2708.44029,0.79005
2706.40080,0.78764
2704.36131,0.78490
2702.32182,0.78265
2700.28234,0.78102
2698.24285,0.77903
2696.20336,0.77631
2694.16387,0.77368
2692.12438,0.77165
2690.08489,0.76973
2688.04541,0.76752
2686.00592,0.76521
2683.96643,0.76287
2681.92694,0.76075
2679.88745,0.75884
2677.84797,0.75659
2675.80848,0.75417
2673.76899,0.75179
2671.72950,0.74933
2669.69001,0.74691
2667.65052,0.74459
2665.61104,0.74209
2663.57155,0.73921
2661.53206,0.73644
2659.49257,0.73401
2657.45308,0.73175
2655.41360,0.72961
2653.37411,0.72725
2651.33462,0.72471
2649.29513,0.72211
2647.25564,0.71971
2645.21616,0.71787
2643.17667,0.71575
2641.13718,0.71288
2639.09769,0.71010
2637.05820,0.70822
2635.01871,0.70688
2632.97923,0.70509
2630.93974,0.70278
2628.90025,0.70047
2626.86076,0.69857
2624.82127,0.69686
2622.78179,0.69481
2620.74230,0.69257
2618.70281,0.69037
2616.66332,0.68816
2614.62383,0.68611
2612.58434,0.68454
2610.54486,0.68308
2608.50537,0.68125
2606.46588,0.67941
2604.42639,0.67785
2602.38690,0.67624
2600.34742,0.67447
2598.30793,0.67271
2596.26844,0.67094
2594.22895,0.66932
2592.18946,0.66804
2590.14997,0.66672
2588.11049,0.66474
2586.07100,0.66242
2584.03151,0.66079
2581.99202,0.65972
2579.95253,0.65820
2577.91305,0.65628
2575.87356,0.65452
2573.83407,0.65284
2571.79458,0.65121
2569.75509,0.64990
2567.71560,0.64889
2565.67612,0.64770
2563.63663,0.64631
2561.59714,0.64522
2559.55765,0.64411
2557.51816,0.64258
2555.47868,0.64071
2553.43919,0.63869
2551.39970,0.63703
2549.36021,0.63584
2547.32072,0.63478
2545.28123,0.63369
2543.24175,0.63261
2541.20226,0.63150
2539.16277,0.63029
2537.12328,0.62887
2535.08379,0.62731
2533.04431,0.62576
2531.00482,0.62414
2528.96533,0.62222
2526.92584,0.62055
2524.88635,0.61985
2522.84686,0.61944
2520.80738,0.61839
2518.76789,0.61688
2516.72840,0.61514
2514.68891,0.61367
2512.64942,0.61264
2510.60994,0.61113
2508.57045,0.60887
2506.53096,0.60672
2504.49147,0.60546
2502.45198,0.60462
2500.41250,0.60301
2498.37301,0.60046
2496.33352,0.59809
2494.29403,0.59673
2492.25454,0.59555
2490.21505,0.59378
2488.17557,0.59194
2486.13608,0.59030
2484.09659,0.58869
2482.05710,0.58700
2480.01761,0.58508
2477.97813,0.58321
2475.93864,0.58182
2473.89915,0.58044
2471.85966,0.57850
2469.82017,0.57670
2467.78068,0.57568
2465.74120,0.57483
2463.70171,0.57316
2461.66222,0.57061
2459.62273,0.56816
2457.58324,0.56631
2455.54376,0.56472
2453.50427,0.56332
2451.46478,0.56190
2449.42529,0.56036
2447.38580,0.55887
2445.34631,0.55715
2443.30683,0.55564
2441.26734,0.55482
2439.22785,0.55406
2437.18836,0.55302
2435.14887,0.55163
2433.10939,0.55002
2431.06990,0.54864
2429.03041,0.54736
2426.99092,0.54582
2424.95143,0.54419
2422.91194,0.54261
2420.87246,0.54125
2418.83297,0.54028
2416.79348,0.53924
2414.75399,0.53790
2412.71450,0.53656
2410.67502,0.53522
2408.63553,0.53402
2406.59604,0.53293
2404.55655,0.53151
2402.51706,0.53009
2400.47757,0.52909
2398.43809,0.52796
2396.39860,0.52663
2394.35911,0.52540
2392.31962,0.52464
2390.28013,0.52446
2388.24065,0.52447
2386.20116,0.52445
2384.16167,0.52464
2382.12218,0.52518
2380.08269,0.52595
2378.04320,0.52656
2376.00372,0.52650
2373.96423,0.52592
2371.92474,0.52578
2369.88525,0.52666
2367.84576,0.52740
2365.80628,0.52648
2363.76679,0.52496
2361.72730,0.52502
2359.68781,0.52551
2357.64832,0.52395
2355.60884,0.52169
2353.56935,0.52125
2351.52986,0.52215
2349.49037,0.52308
2347.45088,0.52353
2345.41139,0.52301
2343.37191,0.52196
2341.33242,0.52143
2339.29293,0.52088
2337.25344,0.51943
2335.21395,0.51759
2333.17447,0.51631
2331.13498,0.51547
2329.09549,0.51476
2327.05600,0.51460
2325.01651,0.51478
2322.97702,0.51456
2320.93754,0.51364
2318.89805,0.51254
2316.85856,0.51194
2314.81907,0.51201
2312.77958,0.51226
2310.74010,0.51216
2308.70061,0.51149
2306.66112,0.51054
2304.62163,0.50985
2302.58214,0.50962
2300.54265,0.50934
2298.50317,0.50857
2296.46368,0.50770
2294.42419,0.50718
2292.38470,0.50693
2290.34521,0.50665
2288.30573,0.50630
2286.26624,0.50614
2284.22675,0.50624
2282.18726,0.50632
2280.14777,0.50618
2278.10828,0.50610
2276.06880,0.50642
2274.02931,0.50687
2271.98982,0.50702
2269.95033,0.50693
2267.91084,0.50682
2265.87136,0.50687
2263.83187,0.50723
2261.79238,0.50781
2259.75289,0.50813
2257.71340,0.50800
2255.67391,0.50785
2253.63443,0.50811
2251.59494,0.50861
2249.55545,0.50907
2247.51596,0.50951
2245.47647,0.50986
2243.43699,0.51033
2241.39750,0.51107
2239.35801,0.51182
2237.31852,0.51205
2235.27903,0.51166
2233.23954,0.51138
2231.20006,0.51166
2229.16057,0.51217
2227.12108,0.51265
2225.08159,0.51322
2223.04210,0.51353
2221.00262,0.51328
2218.96313,0.51301
2216.92364,0.51331
2214.88415,0.51393
2212.84466,0.51419
2210.80518,0.51421
2208.76569,0.51441
2206.72620,0.51477
2204.68671,0.51541
2202.64722,0.51609
2200.60773,0.51606
2198.56825,0.51574
2196.52876,0.51608
2194.48927,0.51659
2192.44978,0.51672
2190.41029,0.51681
2188.37081,0.51715
2186.33132,0.51782
2184.29183,0.51857
2182.25234,0.51903
2180.21285,0.51945
2178.17336,0.51995
2176.13388,0.52025
2174.09439,0.52049
2172.05490,0.52089
2170.01541,0.52120
2167.97592,0.52133
2165.93644,0.52159
2163.89695,0.52210
2161.85746,0.52261
2159.81797,0.52301
2157.77848,0.52334
2155.73899,0.52356
2153.69951,0.52365
2151.66002,0.52349
2149.62053,0.52308
2147.58104,0.52276
2145.54155,0.52256
2143.50207,0.52237
2141.46258,0.52240
2139.42309,0.52254
2137.38360,0.52257
2135.34411,0.52249
2133.30462,0.52228
2131.26514,0.52205
2129.22565,0.52168
2127.18616,0.52092
2125.14667,0.52018
2123.10718,0.51961
2121.06770,0.51889
2119.02821,0.51822
2116.98872,0.51775
2114.94923,0.51726
2112.90974,0.51683
2110.87025,0.51638
2108.83077,0.51573
2106.79128,0.51488
2104.75179,0.51403
2102.71230,0.51334
2100.67281,0.51259
2098.63333,0.51160
2096.59384,0.51063
2094.55435,0.51012
2092.51486,0.50990
2090.47537,0.50935
2088.43588,0.50834
2086.39640,0.50734
2084.35691,0.50670
2082.31742,0.50630
2080.27793,0.50579
2078.23844,0.50512
2076.19896,0.50470
2074.15947,0.50460
2072.11998,0.50433
2070.08049,0.50386
2068.04100,0.50351
2066.00152,0.50313
2063.96203,0.50257
2061.92254,0.50203
2059.88305,0.50159
2057.84356,0.50115
2055.80407,0.50058
2053.76459,0.49997
2051.72510,0.49955
2049.68561,0.49944
2047.64612,0.49955
2045.60663,0.49956
2043.56715,0.49927
2041.52766,0.49875
2039.48817,0.49835
2037.44868,0.49802
2035.40919,0.49761
2033.36970,0.49714
2031.33022,0.49642
2029.29073,0.49553
2027.25124,0.49487
2025.21175,0.49436
2023.17226,0.49369
2021.13278,0.49306
2019.09329,0.49247
2017.05380,0.49158
2015.01431,0.49059
2012.97482,0.49005
2010.93533,0.48983
2008.89585,0.48943
2006.85636,0.48871
2004.81687,0.48808
2002.77738,0.48790
2000.73789,0.48794
1998.69841,0.48765
1996.65892,0.48719
1994.61943,0.48699
1992.57994,0.48683
1990.54045,0.48651
1988.50096,0.48595
1986.46148,0.48533
1984.42199,0.48487
1982.38250,0.48437
1980.34301,0.48390
1978.30352,0.48357
1976.26404,0.48336
1974.22455,0.48324
1972.18506,0.48314
1970.14557,0.48323
1968.10608,0.48353
1966.06659,0.48359
1964.02711,0.48305
1961.98762,0.48233
1959.94813,0.48199
1957.90864,0.48199
1955.86915,0.48205
1953.82967,0.48196
1951.79018,0.48189
1949.75069,0.48196
1947.71120,0.48204
1945.67171,0.48223
1943.63222,0.48235
1941.59274,0.48219
1939.55325,0.48196
1937.51376,0.48193
1935.47427,0.48202
1933.43478,0.48185
1931.39530,0.48160
1929.35581,0.48178
1927.31632,0.48240
1925.27683,0.48321
1923.23734,0.48407
1921.19786,0.48479
1919.15837,0.48517
1917.11888,0.48586
1915.07939,0.48696
1913.03990,0.48813
1911.00041,0.48943
1908.96093,0.49057
1906.92144,0.49154
1904.88195,0.49262
1902.84246,0.49374
1900.80297,0.49468
1898.76349,0.49552
1896.72400,0.49642
1894.68451,0.49761
1892.64502,0.49908
1890.60553,0.50025
1888.56604,0.50086
1886.52656,0.50115
1884.48707,0.50152
1882.44758,0.50228
1880.40809,0.50319
1878.36860,0.50403
1876.32912,0.50492
1874.28963,0.50632
1872.25014,0.50828
1870.21065,0.50997
1868.17116,0.51076
1866.13167,0.51077
1864.09219,0.51069
1862.05270,0.51122
1860.01321,0.51216
1857.97372,0.51289
1855.93423,0.51331
1853.89475,0.51375
1851.85526,0.51443
1849.81577,0.51557
1847.77628,0.51727
1845.73679,0.51892
1843.69730,0.52011
1841.65782,0.52125
1839.61833,0.52253
1837.57884,0.52427
1835.53935,0.52666
1833.49986,0.52947
1831.46038,0.53251
1829.42089,0.53590
1827.38140,0.53912
1825.34191,0.54150
1823.30242,0.54378
1821.26293,0.54650
1819.22345,0.54971
1817.18396,0.55337
1815.14447,0.55739
1813.10498,0.56161
1811.06549,0.56592
1809.02601,0.57025
1806.98652,0.57460
1804.94703,0.57942
1802.90754,0.58500
1800.86805,0.59100
1798.82856,0.59698
1796.78908,0.60282
1794.74959,0.60849
1792.71010,0.61441
1790.67061,0.62103
1788.63112,0.62757
1786.59164,0.63416
1784.55215,0.64184
1782.51266,0.65025
1780.47317,0.65878
1778.43368,0.66772
1776.39420,0.67731
1774.35471,0.68807
1772.31522,0.70015
1770.27573,0.71210
1768.23624,0.72358
1766.19675,0.73630
1764.15727,0.75050
1762.11778,0.76699
1760.07829,0.78601
1758.03880,0.80599
1755.99931,0.82718
1753.95983,0.84903
1751.92034,0.87265
1749.88085,0.90066
1747.84136,0.93070
1745.80187,0.95923
1743.76238,0.98595
1741.72290,1.01123
1739.68341,1.03535
1737.64392,1.05575
1735.60443,1.06926
1733.56494,1.07779
1731.52546,1.08335
1729.48597,1.08622
1727.44648,1.08879
1725.40699,1.09284
1723.36750,1.09861
1721.32801,1.10549
1719.28853,1.11357
1717.24904,1.12563
1715.20955,1.14075
1713.17006,1.15486
1711.13057,1.16839
1709.09109,1.18347
1707.05160,1.20227
1705.01211,1.22534
1702.97262,1.24958
1700.93313,1.27763
1698.89364,1.31253
1696.85416,1.34474
1694.81467,1.37311
1692.77518,1.39910
1690.73569,1.42213
1688.69620,1.44196
1686.65672,1.45758
1684.61723,1.47459
1682.57774,1.49683
1680.53825,1.51701
1678.49876,1.53214
1676.45927,1.54535
1674.41979,1.55927
1672.38030,1.57042
1670.34081,1.57779
1668.30132,1.58789
1666.26183,1.59814
1664.22235,1.60255
1662.18286,1.60315
1660.14337,1.60428
1658.10388,1.60470
1656.06439,1.59819
1654.02490,1.58869
1651.98542,1.59348
1649.94593,1.60519
1647.90644,1.60571
1645.86695,1.59839
1643.82746,1.59257
1641.78798,1.58815
1639.74849,1.58256
1637.70900,1.57535
1635.66951,1.57143
1633.63002,1.57296
1631.59054,1.57319
1629.55105,1.57101
1627.51156,1.56871
1625.47207,1.56630
1623.43258,1.56613
1621.39309,1.56872
1619.35361,1.56916
1617.31412,1.56654
1615.27463,1.56352
1613.23514,1.56077
1611.19565,1.55980
1609.15617,1.56155
1607.11668,1.56175
1605.07719,1.55652
1603.03770,1.54773
1600.99821,1.54053
1598.95872,1.53806
1596.91924,1.53801
1594.87975,1.53657
1592.84026,1.53294
1590.80077,1.52812
1588.76128,1.52253
1586.72180,1.51610
1584.68231,1.50939
1582.64282,1.50486
1580.60333,1.50379
1578.56384,1.50125
1576.52435,1.49337
1574.48487,1.48606
1572.44538,1.48155
1570.40589,1.47550
1568.36640,1.46814
1566.32691,1.46173
1564.28743,1.45842
1562.24794,1.45768
1560.20845,1.45426
1558.16896,1.44917
1556.12947,1.44742
1554.08998,1.44440
1552.05050,1.43837
1550.01101,1.43293
1547.97152,1.43097
1545.93203,1.43091
1543.89254,1.42870
1541.85306,1.42072
1539.81357,1.40981
1537.77408,1.40304
1535.73459,1.39744
1533.69510,1.39106
1531.65561,1.38668
1529.61613,1.38224
1527.57664,1.37543
1525.53715,1.36927
1523.49766,1.36628
1521.45817,1.36693
1519.41869,1.36900
1517.37920,1.36468
1515.33971,1.35425
1513.30022,1.34518
1511.26073,1.33774
1509.22124,1.32621
1507.18176,1.31071
1505.14227,1.30229
1503.10278,1.30090
1501.06329,1.29775
1499.02380,1.29004
1496.98432,1.28039
1494.94483,1.27292
1492.90534,1.26792
1490.86585,1.26393
1488.82636,1.26205
1486.78688,1.26277
1484.74739,1.26464
1482.70790,1.26755
1480.66841,1.27290
1478.62892,1.28161
1476.58943,1.29464
1474.54995,1.31234
1472.51046,1.33241
1470.47097,1.34953
1468.43148,1.35959
1466.39199,1.36619
1464.35251,1.37604
1462.31302,1.38708
1460.27353,1.39209
1458.23404,1.39332
1456.19455,1.40037
1454.15506,1.41091
1452.11558,1.41565
1450.07609,1.41520
1448.03660,1.41501
1445.99711,1.41848
1443.95762,1.42480
1441.91814,1.43045
1439.87865,1.43347
1437.83916,1.43550
1435.79967,1.44012
1433.76018,1.44570
1431.72069,1.44746
1429.68121,1.44660
1427.64172,1.44816
1425.60223,1.45295
1423.56274,1.45760
1421.52325,1.45918
1419.48377,1.45860
1417.44428,1.45888
1415.40479,1.45982
1413.36530,1.46121
1411.32581,1.46415
1409.28632,1.46795
1407.24684,1.47048
1405.20735,1.47082
1403.16786,1.46919
1401.12837,1.46448
1399.08888,1.45736
1397.04940,1.45188
1395.00991,1.45125
1392.97042,1.45596
1390.93093,1.46108
1388.89144,1.45995
1386.85195,1.45408
1384.81247,1.45151
1382.77298,1.45331
1380.73349,1.45403
1378.69400,1.45187
1376.65451,1.44790
1374.61503,1.44278
1372.57554,1.43861
1370.53605,1.43511
1368.49656,1.42894
1366.45707,1.41981
1364.41758,1.41121
1362.37810,1.40568
1360.33861,1.40126
1358.29912,1.39466
1356.25963,1.38732
1354.22014,1.38289
1352.18066,1.38123
1350.14117,1.38017
1348.10168,1.37995
1346.06219,1.38049
1344.02270,1.38127
1341.98322,1.38389
1339.94373,1.38757
1337.90424,1.38810
1335.86475,1.38564
1333.82526,1.38440
1331.78577,1.38431
1329.74629,1.38399
1327.70680,1.38551
1325.66731,1.38867
1323.62782,1.38970
1321.58833,1.38749
1319.54885,1.38416
1317.50936,1.38026
1315.46987,1.37442
1313.43038,1.36687
1311.39089,1.35960
1309.35140,1.35389
1307.31192,1.34818
1305.27243,1.34049
1303.23294,1.33112
1301.19345,1.32235
1299.15396,1.31681
1297.11448,1.31403
1295.07499,1.31168
1293.03550,1.30952
1290.99601,1.30846
1288.95652,1.30854
1286.91703,1.30920
1284.87755,1.30992
1282.83806,1.31040
1280.79857,1.31131
1278.75908,1.31360
1276.71959,1.31604
1274.68011,1.31653
1272.64062,1.31631
1270.60113,1.31820
1268.56164,1.32067
1266.52215,1.32158
1264.48266,1.32239
1262.44318,1.32355
1260.40369,1.32385
1258.36420,1.32265
1256.32471,1.31989
1254.28522,1.31699
1252.24574,1.31555
1250.20625,1.31510
1248.16676,1.31523
1246.12727,1.31512
1244.08778,1.31344
1242.04829,1.31025
1240.00881,1.30640
1237.96932,1.30377
1235.92983,1.30146
1233.89034,1.29679
1231.85085,1.29141
1229.81137,1.28734
1227.77188,1.28242
1225.73239,1.27455
1223.69290,1.26567
1221.65341,1.25983
1219.61392,1.25746
1217.57444,1.25441
1215.53495,1.24910
1213.49546,1.24542
1211.45597,1.24502
1209.41648,1.24531
1207.37700,1.24521
1205.33751,1.24434
1203.29802,1.24277
1201.25853,1.24240
1199.21904,1.24278
1197.17956,1.24197
1195.14007,1.24045
1193.10058,1.23978
1191.06109,1.24089
1189.02160,1.24491
1186.98211,1.25266
1184.94263,1.26377
1182.90314,1.27779
1180.86365,1.29362
1178.82416,1.30969
1176.78467,1.32678
1174.74519,1.34633
1172.70570,1.36743
1170.66621,1.38760
1168.62672,1.40331
1166.58723,1.41435
1164.54774,1.42327
1162.50826,1.43036
1160.46877,1.43627
1158.42928,1.43974
1156.38979,1.43627
1154.35030,1.42961
1152.31082,1.42543
1150.27133,1.42025
1148.23184,1.41404
1146.19235,1.40907
1144.15286,1.40662
1142.11337,1.40982
1140.07389,1.41563
1138.03440,1.41950
1135.99491,1.42478
1133.95542,1.43580
1131.91593,1.44797
1129.87645,1.45490
1127.83696,1.46100
1125.79747,1.47131
1123.75798,1.48238
1121.71849,1.48982
1119.67900,1.49096
1117.63952,1.49043
1115.60003,1.49497
1113.56054,1.50223
1111.52105,1.50662
1109.48156,1.50336
1107.44208,1.49617
1105.40259,1.49593
1103.36310,1.50072
1101.32361,1.49930
1099.28412,1.49318
1097.24463,1.48919
1095.20515,1.48917
1093.16566,1.49220
1091.12617,1.49395
1089.08668,1.49422
1087.04719,1.49637
1085.00771,1.50123
1082.96822,1.50583
1080.92873,1.50638
1078.88924,1.50199
1076.84975,1.49572
1074.81027,1.49186
1072.77078,1.49210
1070.73129,1.49573
1068.69180,1.49708
1066.65231,1.49377
1064.61282,1.49287
1062.57334,1.49469
1060.53385,1.49468
1058.49436,1.49384
1056.45487,1.49072
1054.41538,1.48324
1052.37590,1.47614
1050.33641,1.47273
1048.29692,1.47238
1046.25743,1.47298
1044.21794,1.47033
1042.17845,1.46373
1040.13897,1.45784
1038.09948,1.45459
1036.05999,1.44934
1034.02050,1.44033
1031.98101,1.43052
1029.94153,1.41958
1027.90204,1.41138
1025.86255,1.41112
1023.82306,1.41037
1021.78357,1.40218
1019.74408,1.39228
1017.70460,1.38318
1015.66511,1.37197
1013.62562,1.35891
1011.58613,1.34712
1009.54664,1.33853
1007.50716,1.32913
1005.46767,1.31449
1003.42818,1.29973
1001.38869,1.28924
999.34920,1.27937
997.30971,1.26828
995.27023,1.25661
993.23074,1.24400
991.19125,1.23315
989.15176,1.22331
987.11227,1.20858
985.07279,1.19046
983.03330,1.17546
980.99381,1.16365
978.95432,1.15258
976.91483,1.14409
974.87534,1.13914
972.83586,1.13563
970.79637,1.13138
968.75688,1.12461
966.71739,1.11678
964.67790,1.11034
962.63842,1.10492
960.59893,1.10009
958.55944,1.09581
956.51995,1.09202
954.48046,1.08909
952.44097,1.08586
950.40149,1.08072
948.36200,1.07447
946.32251,1.06826
944.28302,1.06208
942.24353,1.05755
940.20405,1.05554
938.16456,1.05356
936.12507,1.04972
934.08558,1.04686
932.04609,1.04734
930.00661,1.04799
927.96712,1.04747
925.92763,1.04820
923.88814,1.05127
921.84865,1.05643
919.80916,1.06287
917.76968,1.06923
915.73019,1.07336
913.69070,1.07428
911.65121,1.07346
909.61172,1.07379
907.57224,1.07632
905.53275,1.07898
903.49326,1.08180
901.45377,1.08609
899.41428,1.08918
897.37479,1.08849
895.33531,1.08506
893.29582,1.08007
891.25633,1.07403
889.21684,1.06783
887.17735,1.06384
885.13787,1.06197
883.09838,1.05889
881.05889,1.05657
879.01940,1.05685
876.97991,1.05739
874.94042,1.05940
872.90094,1.06250
870.86145,1.06388
868.82196,1.06486
866.78247,1.06613
864.74298,1.06778
862.70350,1.07076
860.66401,1.07368
858.62452,1.07664
856.58503,1.08086
854.54554,1.08548
852.50605,1.09090
850.46657,1.09680
848.42708,1.10206
846.38759,1.10754
844.34810,1.11430
842.30861,1.12234
840.26913,1.12943
838.22964,1.13519
836.19015,1.14249
834.15066,1.14992
832.11117,1.15482
830.07168,1.15839
828.03220,1.16341
825.99271,1.17255
823.95322,1.18391
821.91373,1.19309
819.87424,1.19813
817.83476,1.19949
815.79527,1.20031
813.75578,1.20413
811.71629,1.21200
809.67680,1.21932
807.63731,1.22269
805.59783,1.22559
803.55834,1.23003
801.51885,1.23464
799.47936,1.23834
797.43987,1.24162
795.40039,1.24514
793.36090,1.24872
791.32141,1.25045
789.28192,1.24966
787.24243,1.25050
785.20295,1.25393
783.16346,1.25874
781.12397,1.26573
779.08448,1.26983
777.04499,1.26899
775.00550,1.26933
772.96602,1.27079
770.92653,1.27000
768.88704,1.27090
766.84755,1.27753
764.80806,1.28429
762.76858,1.28703
760.72909,1.28939
758.68960,1.29384
756.65011,1.29771
754.61062,1.29715
752.57113,1.29557
750.53165,1.29793
748.49216,1.30338
746.45267,1.30698
744.41318,1.30460
742.37369,1.30100
740.33421,1.30085
738.29472,1.30138
736.25523,1.30552
734.21574,1.31741
732.17625,1.32735
730.13676,1.32715
728.09728,1.32430
726.05779,1.32956
724.01830,1.33859
721.97881,1.34318
719.93932,1.34621
717.89984,1.35503
715.86035,1.36380
713.82086,1.36358
711.78137,1.36086
709.74188,1.36666
707.70239,1.38351
705.66291,1.40246
703.62342,1.41011
701.58393,1.40614
699.54444,1.40131
697.50495,1.40053
695.46547,1.40012
693.42598,1.39596
691.38649,1.38908
689.34700,1.38657
687.30751,1.38981
685.26802,1.39102
683.22854,1.38770
681.18905,1.38422
679.14956,1.38526
677.11007,1.39295
675.07058,1.40315
673.03110,1.40678
670.99161,1.39975
668.95212,1.38799
666.91263,1.38349
664.87314,1.38882
662.83365,1.39657
660.79417,1.40097
658.75468,1.40142
656.71519,1.40646
654.67570,1.41792
652.63621,1.42344
650.59673,1.41937
648.55724,1.41128
646.51775,1.40302
644.47826,1.40041
642.43877,1.40131
640.39929,1.39695
638.35980,1.39084
636.32031,1.39282
634.28082,1.39703
632.24133,1.39144
630.20184,1.38257
628.16236,1.38233
626.12287,1.39039
624.08338,1.40344
622.04389,1.41233
620.00440,1.40767
617.96492,1.40570
615.92543,1.41862
613.88594,1.42441
611.84645,1.41855
609.80696,1.41750
607.76747,1.41571
605.72799,1.40532
603.68850,1.40562
601.64901,1.42115
599.60952,1.44222
597.57003,1.44257
595.53055,1.40199
593.49106,1.36313
591.45157,1.36786
589.41208,1.38143
587.37259,1.37199
585.33310,1.38694
583.29362,1.43285
581.25413,1.44306
579.21464,1.40425
577.17515,1.36811
575.13566,1.35725
573.09618,1.35300
571.05669,1.37088
569.01720,1.40498
566.97771,1.39701
564.93822,1.35128
562.89873,1.32638
560.85925,1.33988
558.81976,1.36064
556.78027,1.37173
554.74078,1.40600
552.70129,1.47561
550.66181,1.54044
548.62232,1.53588
546.58283,1.45143
544.54334,1.39111
542.50385,1.39409
540.46436,1.39164
538.42488,1.36815
536.38539,1.37252
534.34590,1.39501
532.30641,1.41514
530.26692,1.42125
528.22744,1.40797
526.18795,1.37881
524.14846,1.36886
522.10897,1.40804
520.06948,1.49529
518.02999,1.51540
515.99051,1.38741
513.95102,1.23293
511.91153,1.13575
509.87204,1.07681
507.83255,1.10702
505.79307,1.23897
503.75358,1.24337
501.71409,1.03649
499.67460,0.93405
