3997.39681,0.27280
3995.35732,0.27269
3993.31783,0.27249
3991.27835,0.27190
3989.23886,0.27148
3987.19937,0.27137
3985.15988,0.27117
3983.12039,0.27102
3981.08091,0.27098
3979.04142,0.27078
3977.00193,0.27049
3974.96244,0.27029
3972.92295,0.27002
3970.88346,0.26969
3968.84398,0.26931
3966.80449,0.26857
3964.76500,0.26745
3962.72551,0.26626
3960.68602,0.26521
3958.64654,0.26467
3956.60705,0.26460
3954.56756,0.26454
3952.52807,0.26440
3950.48858,0.26410
3948.44909,0.26322
3946.40961,0.26201
3944.37012,0.26134
3942.33063,0.26101
3940.29114,0.26001
3938.25165,0.25855
3936.21217,0.25762
3934.17268,0.25741
3932.13319,0.25707
3930.09370,0.25615
3928.05421,0.25532
3926.01473,0.25476
3923.97524,0.25390
3921.93575,0.25283
3919.89626,0.25210
3917.85677,0.25128
3915.81728,0.24977
3913.77780,0.24808
3911.73831,0.24703
3909.69882,0.24670
3907.65933,0.24695
3905.61984,0.24737
3903.58036,0.24710
3901.54087,0.24582
3899.50138,0.24422
3897.46189,0.24307
3895.42240,0.24263
3893.38291,0.24255
3891.34343,0.24193
3889.30394,0.24041
3887.26445,0.23905
3885.22496,0.23855
3883.18547,0.23847
3881.14599,0.23815
3879.10650,0.23708
3877.06701,0.23597
3875.02752,0.23563
3872.98803,0.23541
3870.94854,0.23475
3868.90906,0.23413
3866.86957,0.23415
3864.83008,0.23434
3862.79059,0.23350
3860.75110,0.23203
3858.71162,0.23130
3856.67213,0.23116
3854.63264,0.23059
3852.59315,0.22956
3850.55366,0.22912
3848.51417,0.22948
3846.47469,0.23020
3844.43520,0.23082
3842.39571,0.23069
3840.35622,0.22990
3838.31673,0.22951
3836.27725,0.22954
3834.23776,0.22920
3832.19827,0.22868
3830.15878,0.22861
3828.11929,0.22912
3826.07980,0.22985
3824.04032,0.23038
3822.00083,0.23068
3819.96134,0.23048
3817.92185,0.22979
3815.88236,0.22928
3813.84288,0.22934
3811.80339,0.22998
3809.76390,0.23098
3807.72441,0.23202
3805.68492,0.23265
3803.64543,0.23286
3801.60595,0.23311
3799.56646,0.23358
3797.52697,0.23422
3795.48748,0.23495
3793.44799,0.23581
3791.40851,0.23661
3789.36902,0.23702
3787.32953,0.23731
3785.29004,0.23819
3783.25055,0.23963
3781.21107,0.24110
3779.17158,0.24229
3777.13209,0.24315
3775.09260,0.24400
3773.05311,0.24509
3771.01362,0.24630
3768.97414,0.24744
3766.93465,0.24875
3764.89516,0.25024
3762.85567,0.25153
3760.81618,0.25276
3758.77670,0.25413
3756.73721,0.25531
3754.69772,0.25624
3752.65823,0.25722
3750.61874,0.25839
3748.57925,0.25984
3746.53977,0.26198
3744.50028,0.26528
3742.46079,0.26874
3740.42130,0.27121
3738.38181,0.27322
3736.34233,0.27543
3734.30284,0.27770
3732.26335,0.28042
3730.22386,0.28397
3728.18437,0.28791
3726.14488,0.29184
3724.10540,0.29570
3722.06591,0.29967
3720.02642,0.30372
3717.98693,0.30786
3715.94744,0.31229
3713.90796,0.31779
3711.86847,0.32542
3709.82898,0.33471
3707.78949,0.34378
3705.75000,0.35240
3703.71051,0.36227
3701.67103,0.37477
3699.63154,0.38817
3697.59205,0.39943
3695.55256,0.40759
3693.51307,0.41350
3691.47359,0.41831
3689.43410,0.42221
3687.39461,0.42582
3685.35512,0.43070
3683.31563,0.43738
3681.27614,0.44535
3679.23666,0.45442
3677.19717,0.46634
3675.15768,0.48183
3673.11819,0.49651
3671.07870,0.50993
3669.03922,0.52572
3666.99973,0.54218
3664.96024,0.55744
3662.92075,0.57266
3660.88126,0.58831
3658.84177,0.60454
3656.80229,0.62176
3654.76280,0.63827
3652.72331,0.65299
3650.68382,0.66878
3648.64433,0.68590
3646.60485,0.70040
3644.56536,0.71304
3642.52587,0.72677
3640.48638,0.74107
3638.44689,0.75483
3636.40741,0.76835
3634.36792,0.78167
3632.32843,0.79495
3630.28894,0.80971
3628.24945,0.82601
3626.20996,0.84057
3624.17048,0.85372
3622.13099,0.86770
3620.09150,0.88177
3618.05201,0.89298
3616.01252,0.90087
3613.97304,0.90877
3611.93355,0.91806
3609.89406,0.92695
3607.85457,0.93572
3605.81508,0.94669
3603.77559,0.95979
3601.73611,0.97278
3599.69662,0.98310
3597.65713,0.99052
3595.61764,0.99869
3593.57815,1.00948
3591.53867,1.01949
3589.49918,1.02694
3587.45969,1.03489
3585.42020,1.04526
3583.38071,1.05584
3581.34122,1.06431
3579.30174,1.07131
3577.26225,1.07942
3575.22276,1.08999
3573.18327,1.10141
3571.14378,1.11057
3569.10430,1.11701
3567.06481,1.12363
3565.02532,1.13177
3562.98583,1.14084
3560.94634,1.15050
3558.90685,1.15900
3556.86737,1.16548
3554.82788,1.17193
3552.78839,1.17927
3550.74890,1.18680
3548.70941,1.19591
3546.66993,1.20593
3544.63044,1.21276
3542.59095,1.21608
3540.55146,1.21995
3538.51197,1.22673
3536.47248,1.23428
3534.43300,1.23967
3532.39351,1.24343
3530.35402,1.24880
3528.31453,1.25706
3526.27504,1.26601
3524.23556,1.27375
3522.19607,1.27921
3520.15658,1.28202
3518.11709,1.28446
3516.07760,1.28891
3514.03811,1.29522
3511.99863,1.30050
3509.95914,1.30145
3507.91965,1.30157
3505.88016,1.30863
3503.84067,1.32084
3501.80119,1.32985
3499.76170,1.33473
3497.72221,1.33800
3495.68272,1.33984
3493.64323,1.34044
3491.60375,1.34076
3489.56426,1.34404
3487.52477,1.35068
3485.48528,1.35580
3483.44579,1.36018
3481.40630,1.36890
3479.36682,1.37993
3477.32733,1.38712
3475.28784,1.38736
3473.24835,1.38583
3471.20886,1.39108
3469.16938,1.39965
3467.12989,1.40157
3465.09040,1.39899
3463.05091,1.40199
3461.01142,1.40894
3458.97193,1.41203
3456.93245,1.41278
3454.89296,1.41313
3452.85347,1.41451
3450.81398,1.42301
3448.77449,1.43671
3446.73501,1.44289
3444.69552,1.43881
3442.65603,1.43529
3440.61654,1.43742
3438.57705,1.44312
3436.53756,1.44772
3434.49808,1.44951
3432.45859,1.45380
3430.41910,1.45841
3428.37961,1.45649
3426.34012,1.45356
3424.30064,1.45510
3422.26115,1.45497
3420.22166,1.45283
3418.18217,1.45303
3416.14268,1.45453
3414.10319,1.45715
3412.06371,1.45990
3410.02422,1.45956
3407.98473,1.45875
3405.94524,1.46325
3403.90575,1.46901
3401.86627,1.46977
3399.82678,1.46947
3397.78729,1.47070
3395.74780,1.47153
3393.70831,1.47389
3391.66882,1.47685
3389.62934,1.47422
3387.58985,1.46809
3385.55036,1.46674
3383.51087,1.46981
3381.47138,1.47154
3379.43190,1.47425
3377.39241,1.47941
3375.35292,1.48100
3373.31343,1.47884
3371.27394,1.47844
3369.23446,1.48120
3367.19497,1.48539
3365.15548,1.48923
3363.11599,1.49154
3361.07650,1.49213
3359.03701,1.48941
3356.99753,1.48453
3354.95804,1.48307
3352.91855,1.48440
3350.87906,1.48485
3348.83957,1.48508
3346.80009,1.48660
3344.76060,1.48794
3342.72111,1.48887
3340.68162,1.49100
3338.64213,1.49145
3336.60264,1.49054
3334.56316,1.49070
3332.52367,1.49087
3330.48418,1.49024
3328.44469,1.48721
3326.40520,1.48263
3324.36572,1.48047
3322.32623,1.48184
3320.28674,1.48370
3318.24725,1.48337
3316.20776,1.48017
3314.16827,1.47631
3312.12879,1.47672
3310.08930,1.47963
3308.04981,1.48053
3306.01032,1.48261
3303.97083,1.48460
3301.93135,1.48110
3299.89186,1.47543
3297.85237,1.46942
3295.81288,1.46244
3293.77339,1.45944
3291.73390,1.46179
3289.69442,1.46593
3287.65493,1.46697
3285.61544,1.46097
3283.57595,1.45203
3281.53646,1.44983
3279.49698,1.45419
3277.45749,1.45407
3275.41800,1.44673
3273.37851,1.43949
3271.33902,1.43678
3269.29953,1.43825
3267.26005,1.44258
3265.22056,1.44539
3263.18107,1.44010
3261.14158,1.42929
3259.10209,1.42233
3257.06261,1.42276
3255.02312,1.42487
3252.98363,1.42118
3250.94414,1.41311
3248.90465,1.40766
3246.86516,1.40546
3244.82568,1.39981
3242.78619,1.39252
3240.74670,1.39196
3238.70721,1.39458
3236.66772,1.39353
3234.62824,1.38966
3232.58875,1.38673
3230.54926,1.38674
3228.50977,1.38671
3226.47028,1.38353
3224.43080,1.37908
3222.39131,1.37500
3220.35182,1.37088
3218.31233,1.36928
3216.27284,1.37037
3214.23335,1.36812
3212.19387,1.36230
3210.15438,1.35806
3208.11489,1.35559
3206.07540,1.35215
3204.03591,1.34644
3201.99643,1.34069
3199.95694,1.33745
3197.91745,1.33520
3195.87796,1.33318
3193.83847,1.33327
3191.79898,1.33406
3189.75950,1.33099
3187.72001,1.32407
3185.68052,1.31835
3183.64103,1.31589
3181.60154,1.31368
3179.56206,1.31031
3177.52257,1.30789
3175.48308,1.30618
3173.44359,1.30224
3171.40410,1.29681
3169.36461,1.29354
3167.32513,1.29272
3165.28564,1.29205
3163.24615,1.29076
3161.20666,1.28831
3159.16717,1.28362
3157.12769,1.27854
3155.08820,1.27571
3153.04871,1.27362
3151.00922,1.26989
3148.96973,1.26580
3146.93024,1.26334
3144.89076,1.26078
3142.85127,1.25642
3140.81178,1.25213
3138.77229,1.24891
3136.73280,1.24607
3134.69332,1.24328
3132.65383,1.24039
3130.61434,1.23907
3128.57485,1.23887
3126.53536,1.23665
3124.49587,1.23349
3122.45639,1.23151
3120.41690,1.22867
3118.37741,1.22363
3116.33792,1.21922
3114.29843,1.21737
3112.25895,1.21585
3110.21946,1.21288
3108.17997,1.20940
3106.14048,1.20625
3104.10099,1.20377
3102.06150,1.20212
3100.02202,1.20054
3097.98253,1.19947
3095.94304,1.19944
3093.90355,1.19893
3091.86406,1.19722
3089.82458,1.19479
3087.78509,1.19245
3085.74560,1.19055
3083.70611,1.18847
3081.66662,1.18586
3079.62714,1.18289
3077.58765,1.18100
3075.54816,1.17982
3073.50867,1.17727
3071.46918,1.17463
3069.42969,1.17297
3067.39021,1.17084
3065.35072,1.16742
3063.31123,1.16295
3061.27174,1.15903
3059.23225,1.15625
3057.19277,1.15340
3055.15328,1.15148
3053.11379,1.15077
3051.07430,1.14884
3049.03481,1.14576
3046.99532,1.14292
3044.95584,1.13997
3042.91635,1.13636
3040.87686,1.13272
3038.83737,1.13031
3036.79788,1.12920
3034.75840,1.12720
3032.71891,1.12267
3030.67942,1.11883
3028.63993,1.11841
3026.60044,1.11789
3024.56095,1.11447
3022.52147,1.11059
3020.48198,1.10859
3018.44249,1.10759
3016.40300,1.10579
3014.36351,1.10240
3012.32403,1.09911
3010.28454,1.09752
3008.24505,1.09711
3006.20556,1.09748
3004.16607,1.09881
3002.12658,1.10025
3000.08710,1.10055
2998.04761,1.10106
2996.00812,1.10343
2993.96863,1.10606
2991.92914,1.10763
2989.88966,1.10992
2987.85017,1.11408
2985.81068,1.11936
2983.77119,1.12537
2981.73170,1.13195
2979.69221,1.13953
2977.65273,1.14863
2975.61324,1.15665
2973.57375,1.16175
2971.53426,1.16693
2969.49477,1.17390
2967.45529,1.18200
2965.41580,1.19145
2963.37631,1.19970
2961.33682,1.20385
2959.29733,1.20727
2957.25784,1.21268
2955.21836,1.21684
2953.17887,1.21820
2951.13938,1.21964
2949.09989,1.22274
2947.06040,1.22668
2945.02092,1.23043
2942.98143,1.23494
2940.94194,1.24262
2938.90245,1.25186
2936.86296,1.26115
2934.82348,1.27109
2932.78399,1.27956
2930.74450,1.28442
2928.70501,1.28583
2926.66552,1.28711
2924.62603,1.28987
2922.58655,1.29104
2920.54706,1.28842
2918.50757,1.28239
2916.46808,1.27194
2914.42859,1.25462
2912.38911,1.23504
2910.34962,1.22113
2908.31013,1.21319
2906.27064,1.20687
2904.23115,1.20118
2902.19166,1.19656
2900.15218,1.19048
2898.11269,1.18297
2896.07320,1.17735
2894.03371,1.17355
2891.99422,1.16930
2889.95474,1.16428
2887.91525,1.15872
2885.87576,1.15231
2883.83627,1.14675
2881.79678,1.14430
2879.75729,1.14357
2877.71781,1.14193
2875.67832,1.13964
2873.63883,1.13801
2871.59934,1.13654
2869.55985,1.13424
2867.52037,1.13087
2865.48088,1.12664
2863.44139,1.12384
2861.40190,1.12518
2859.36241,1.12969
2857.32292,1.13456
2855.28344,1.13962
2853.24395,1.14454
2851.20446,1.14378
2849.16497,1.13093
2847.12548,1.10838
2845.08600,1.08396
2843.04651,1.06190
2841.00702,1.04369
2838.96753,1.02944
2836.92804,1.01780
2834.88855,1.00795
2832.84907,0.99977
2830.80958,0.99255
2828.77009,0.98555
2826.73060,0.97943
2824.69111,0.97470
2822.65163,0.97039
2820.61214,0.96556
2818.57265,0.96107
2816.53316,0.95770
2814.49367,0.95444
2812.45418,0.95088
2810.41470,0.94726
2808.37521,0.94324
2806.33572,0.93866
2804.29623,0.93413
2802.25674,0.93039
2800.21726,0.92773
2798.17777,0.92616
2796.13828,0.92488
2794.09879,0.92236
2792.05930,0.91842
2790.01982,0.91467
2787.98033,0.91171
2785.94084,0.90917
2783.90135,0.90707
2781.86186,0.90507
2779.82237,0.90258
2777.78289,0.89967
2775.74340,0.89714
2773.70391,0.89521
2771.66442,0.89320
2769.62493,0.89097
2767.58545,0.88902
2765.54596,0.88741
2763.50647,0.88640
2761.46698,0.88574
2759.42749,0.88381
2757.38800,0.88057
2755.34852,0.87811
2753.30903,0.87779
2751.26954,0.87807
2749.23005,0.87705
2747.19056,0.87510
2745.15108,0.87285
2743.11159,0.87080
2741.07210,0.86908
2739.03261,0.86766
2736.99312,0.86654
2734.95363,0.86495
2732.91415,0.86299
2730.87466,0.86097
2728.83517,0.85886
2726.79568,0.85733
2724.75619,0.85641
2722.71671,0.85503
2720.67722,0.85312
2718.63773,0.85151
2716.59824,0.84939
2714.55875,0.84592
2712.51926,0.84268
2710.47978,0.84088
2708.44029,0.83989
2706.40080,0.83863
2704.36131,0.83640
2702.32182,0.83346
2700.28234,0.83046
2698.24285,0.82800
2696.20336,0.82639
2694.16387,0.82493
2692.12438,0.82280
2690.08489,0.82015
2688.04541,0.81754
2686.00592,0.81517
2683.96643,0.81298
2681.92694,0.81123
2679.88745,0.80981
2677.84797,0.80784
2675.80848,0.80525
2673.76899,0.80281
2671.72950,0.80032
2669.69001,0.79723
2667.65052,0.79399
2665.61104,0.79145
2663.57155,0.78956
2661.53206,0.78717
2659.49257,0.78428
2657.45308,0.78185
2655.41360,0.77958
2653.37411,0.77695
2651.33462,0.77446
2649.29513,0.77261
2647.25564,0.77104
2645.21616,0.76871
2643.17667,0.76577
2641.13718,0.76344
2639.09769,0.76117
2637.05820,0.75853
2635.01871,0.75661
2632.97923,0.75489
2630.93974,0.75243
2628.90025,0.74995
2626.86076,0.74786
2624.82127,0.74557
2622.78179,0.74326
2620.74230,0.74184
2618.70281,0.74062
2616.66332,0.73858
2614.62383,0.73600
2612.58434,0.73326
2610.54486,0.73101
2608.50537,0.72949
2606.46588,0.72824
2604.42639,0.72692
2602.38690,0.72518
2600.34742,0.72338
2598.30793,0.72210
2596.26844,0.72080
2594.22895,0.71884
2592.18946,0.71660
2590.14997,0.71476
2588.11049,0.71334
2586.07100,0.71206
2584.03151,0.71073
2581.99202,0.70928
2579.95253,0.70767
2577.91305,0.70574
2575.87356,0.70339
2573.83407,0.70111
2571.79458,0.69980
2569.75509,0.69906
2567.71560,0.69759
2565.67612,0.69538
2563.63663,0.69333
2561.59714,0.69206
2559.55765,0.69145
2557.51816,0.69070
2555.47868,0.68898
2553.43919,0.68656
2551.39970,0.68482
2549.36021,0.68368
2547.32072,0.68212
2545.28123,0.68034
2543.24175,0.67874
2541.20226,0.67719
2539.16277,0.67585
2537.12328,0.67474
2535.08379,0.67368
2533.04431,0.67236
2531.00482,0.67053
2528.96533,0.66870
2526.92584,0.66700
2524.88635,0.66498
2522.84686,0.66313
2520.80738,0.66176
2518.76789,0.66016
2516.72840,0.65830
2514.68891,0.65683
2512.64942,0.65563
2510.60994,0.65436
2508.57045,0.65267
2506.53096,0.65073
2504.49147,0.64890
2502.45198,0.64709
2500.41250,0.64548
2498.37301,0.64386
2496.33352,0.64208
2494.29403,0.64027
2492.25454,0.63794
2490.21505,0.63522
2488.17557,0.63300
2486.13608,0.63134
2484.09659,0.62978
2482.05710,0.62806
2480.01761,0.62601
2477.97813,0.62366
2475.93864,0.62133
2473.89915,0.61949
2471.85966,0.61784
2469.82017,0.61595
2467.78068,0.61387
2465.74120,0.61142
2463.70171,0.60903
2461.66222,0.60721
2459.62273,0.60570
2457.58324,0.60436
2455.54376,0.60305
2453.50427,0.60122
2451.46478,0.59892
2449.42529,0.59677
2447.38580,0.59523
2445.34631,0.59408
2443.30683,0.59270
2441.26734,0.59100
2439.22785,0.58893
2437.18836,0.58642
2435.14887,0.58411
2433.10939,0.58253
2431.06990,0.58140
2429.03041,0.58027
2426.99092,0.57893
2424.95143,0.57695
2422.91194,0.57431
2420.87246,0.57205
2418.83297,0.57064
2416.79348,0.56948
2414.75399,0.56816
2412.71450,0.56666
2410.67502,0.56533
2408.63553,0.56418
2406.59604,0.56283
2404.55655,0.56136
2402.51706,0.55989
2400.47757,0.55827
2398.43809,0.55678
2396.39860,0.55537
2394.35911,0.55393
2392.31962,0.55237
2390.28013,0.55114
2388.24065,0.55060
2386.20116,0.55054
2384.16167,0.55073
2382.12218,0.55092
2380.08269,0.55078
2378.04320,0.55024
2376.00372,0.54961
2373.96423,0.54929
2371.92474,0.54936
2369.88525,0.54923
2367.84576,0.54844
2365.80628,0.54727
2363.76679,0.54621
2361.72730,0.54593
2359.68781,0.54600
2357.64832,0.54453
2355.60884,0.54249
2353.56935,0.54281
2351.52986,0.54497
2349.49037,0.54585
2347.45088,0.54409
2345.41139,0.54129
2343.37191,0.53946
2341.33242,0.53880
2339.29293,0.53855
2337.25344,0.53836
2335.21395,0.53779
2333.17447,0.53665
2331.13498,0.53614
2329.09549,0.53675
2327.05600,0.53720
2325.01651,0.53682
2322.97702,0.53573
2320.93754,0.53434
2318.89805,0.53333
2316.85856,0.53271
2314.81907,0.53199
2312.77958,0.53111
2310.74010,0.53014
2308.70061,0.52904
2306.66112,0.52812
2304.62163,0.52748
2302.58214,0.52675
2300.54265,0.52575
2298.50317,0.52480
2296.46368,0.52398
2294.42419,0.52314
2292.38470,0.52231
2290.34521,0.52151
2288.30573,0.52069
2286.26624,0.51984
2284.22675,0.51912
2282.18726,0.51870
2280.14777,0.51857
2278.10828,0.51853
2276.06880,0.51843
2274.02931,0.51835
2271.98982,0.51822
2269.95033,0.51788
2267.91084,0.51755
2265.87136,0.51753
2263.83187,0.51779
2261.79238,0.51800
2259.75289,0.51791
2257.71340,0.51773
2255.67391,0.51767
2253.63443,0.51760
2251.59494,0.51776
2249.55545,0.51845
2247.51596,0.51883
2245.47647,0.51911
2243.43699,0.51938
2241.39750,0.51951
2239.35801,0.51939
2237.31852,0.51916
2235.27903,0.51917
2233.23954,0.51942
2231.20006,0.51963
2229.16057,0.51974
2227.12108,0.51980
2225.08159,0.51986
2223.04210,0.51996
2221.00262,0.52009
2218.96313,0.52044
2216.92364,0.52113
2214.88415,0.52165
2212.84466,0.52151
2210.80518,0.52115
2208.76569,0.52133
2206.72620,0.52197
2204.68671,0.52258
2202.64722,0.52288
2200.60773,0.52302
2198.56825,0.52317
2196.52876,0.52332
2194.48927,0.52363
2192.44978,0.52394
2190.41029,0.52414
2188.37081,0.52483
2186.33132,0.52591
2184.29183,0.52648
2182.25234,0.52649
2180.21285,0.52680
2178.17336,0.52756
2176.13388,0.52810
2174.09439,0.52846
2172.05490,0.52893
2170.01541,0.52944
2167.97592,0.52995
2165.93644,0.53037
2163.89695,0.53072
2161.85746,0.53110
2159.81797,0.53143
2157.77848,0.53165
2155.73899,0.53187
2153.69951,0.53210
2151.66002,0.53230
2149.62053,0.53227
2147.58104,0.53209
2145.54155,0.53204
2143.50207,0.53172
2141.46258,0.53112
2139.42309,0.53078
2137.38360,0.53073
2135.34411,0.53060
2133.30462,0.53051
2131.26514,0.53050
2129.22565,0.53028
2127.18616,0.52982
2125.14667,0.52925
2123.10718,0.52886
2121.06770,0.52874
2119.02821,0.52843
2116.98872,0.52764
2114.94923,0.52689
2112.90974,0.52639
2110.87025,0.52583
2108.83077,0.52524
2106.79128,0.52491
2104.75179,0.52479
2102.71230,0.52455
2100.67281,0.52402
2098.63333,0.52320
2096.59384,0.52211
2094.55435,0.52090
2092.51486,0.52009
2090.47537,0.51985
2088.43588,0.51959
2086.39640,0.51899
2084.35691,0.51838
2082.31742,0.51791
2080.27793,0.51739
2078.23844,0.51675
2076.19896,0.51602
2074.15947,0.51525
2072.11998,0.51461
2070.08049,0.51411
2068.04100,0.51393
2066.00152,0.51402
2063.96203,0.51382
2061.92254,0.51328
2059.88305,0.51282
2057.84356,0.51252
2055.80407,0.51217
2053.76459,0.51195
2051.72510,0.51189
2049.68561,0.51164
2047.64612,0.51115
2045.60663,0.51050
2043.56715,0.50992
2041.52766,0.50954
2039.48817,0.50907
2037.44868,0.50845
2035.40919,0.50796
2033.36970,0.50754
2031.33022,0.50684
2029.29073,0.50583
2027.25124,0.50493
2025.21175,0.50433
2023.17226,0.50353
2021.13278,0.50265
2019.09329,0.50232
2017.05380,0.50197
2015.01431,0.50104
2012.97482,0.49990
2010.93533,0.49894
2008.89585,0.49834
2006.85636,0.49802
2004.81687,0.49772
2002.77738,0.49740
2000.73789,0.49706
1998.69841,0.49652
1996.65892,0.49585
1994.61943,0.49553
1992.57994,0.49571
1990.54045,0.49595
1988.50096,0.49576
1986.46148,0.49520
1984.42199,0.49482
1982.38250,0.49472
1980.34301,0.49461
1978.30352,0.49437
1976.26404,0.49419
1974.22455,0.49426
1972.18506,0.49462
1970.14557,0.49525
1968.10608,0.49574
1966.06659,0.49561
1964.02711,0.49514
1961.98762,0.49486
1959.94813,0.49488
1957.90864,0.49497
1955.86915,0.49488
1953.82967,0.49474
1951.79018,0.49487
1949.75069,0.49525
1947.71120,0.49582
1945.67171,0.49663
1943.63222,0.49736
1941.59274,0.49723
1939.55325,0.49631
1937.51376,0.49566
1935.47427,0.49564
1933.43478,0.49602
1931.39530,0.49655
1929.35581,0.49699
1927.31632,0.49736
1925.27683,0.49824
1923.23734,0.49969
1921.19786,0.50089
1919.15837,0.50176
1917.11888,0.50243
1915.07939,0.50281
1913.03990,0.50339
1911.00041,0.50439
1908.96093,0.50541
1906.92144,0.50598
1904.88195,0.50623
1902.84246,0.50682
1900.80297,0.50797
1898.76349,0.50925
1896.72400,0.51031
1894.68451,0.51114
1892.64502,0.51204
1890.60553,0.51339
1888.56604,0.51454
1886.52656,0.51490
1884.48707,0.51493
1882.44758,0.51519
1880.40809,0.51586
1878.36860,0.51682
1876.32912,0.51780
1874.28963,0.51891
1872.25014,0.52072
1870.21065,0.52321
1868.17116,0.52494
1866.13167,0.52497
1864.09219,0.52471
1862.05270,0.52522
1860.01321,0.52604
1857.97372,0.52681
1855.93423,0.52773
1853.89475,0.52894
1851.85526,0.53050
1849.81577,0.53268
1847.77628,0.53553
1845.73679,0.53845
1843.69730,0.54025
1841.65782,0.54081
1839.61833,0.54164
1837.57884,0.54356
1835.53935,0.54619
1833.49986,0.54946
1831.46038,0.55341
1829.42089,0.55717
1827.38140,0.56030
1825.34191,0.56347
1823.30242,0.56658
1821.26293,0.56957
1819.22345,0.57314
1817.18396,0.57733
1815.14447,0.58215
1813.10498,0.58798
1811.06549,0.59447
1809.02601,0.60047
1806.98652,0.60592
1804.94703,0.61207
1802.90754,0.61982
1800.86805,0.62854
1798.82856,0.63705
1796.78908,0.64565
1794.74959,0.65550
1792.71010,0.66673
1790.67061,0.67754
1788.63112,0.68704
1786.59164,0.69703
1784.55215,0.70831
1782.51266,0.71992
1780.47317,0.73157
1778.43368,0.74342
1776.39420,0.75593
1774.35471,0.77042
1772.31522,0.78715
1770.27573,0.80428
1768.23624,0.82137
1766.19675,0.83963
1764.15727,0.86034
1762.11778,0.88554
1760.07829,0.91362
1758.03880,0.94169
1755.99931,0.96974
1753.95983,0.99781
1751.92034,1.02838
1749.88085,1.06161
1747.84136,1.09233
1745.80187,1.11950
1743.76238,1.14572
1741.72290,1.17101
1739.68341,1.19302
1737.64392,1.20924
1735.60443,1.22055
1733.56494,1.22764
1731.52546,1.22913
1729.48597,1.22743
1727.44648,1.22640
1725.40699,1.22736
1723.36750,1.22843
1721.32801,1.22903
1719.28853,1.23116
1717.24904,1.23590
1715.20955,1.24131
1713.17006,1.24531
1711.13057,1.24946
1709.09109,1.25663
1707.05160,1.26815
1705.01211,1.28229
1702.97262,1.29783
1700.93313,1.32033
1698.89364,1.35034
1696.85416,1.37679
1694.81467,1.39608
1692.77518,1.41100
1690.73569,1.42605
1688.69620,1.44192
1686.65672,1.45789
1684.61723,1.48006
1682.57774,1.50881
1680.53825,1.53112
1678.49876,1.54466
1676.45927,1.55697
1674.41979,1.57159
1672.38030,1.58589
1670.34081,1.59684
1668.30132,1.60319
1666.26183,1.60737
1664.22235,1.61293
1662.18286,1.61863
1660.14337,1.62245
1658.10388,1.62547
1656.06439,1.62821
1654.02490,1.63029
1651.98542,1.62949
1649.94593,1.62445
1647.90644,1.61666
1645.86695,1.60964
1643.82746,1.60560
1641.78798,1.60224
1639.74849,1.59993
1637.70900,1.59977
1635.66951,1.59855
1633.63002,1.59507
1631.59054,1.59233
1629.55105,1.59092
1627.51156,1.59161
1625.47207,1.59455
1623.43258,1.59485
1621.39309,1.58803
1619.35361,1.57891
1617.31412,1.57418
1615.27463,1.57354
1613.23514,1.57255
1611.19565,1.57100
1609.15617,1.57025
1607.11668,1.56888
1605.07719,1.56487
1603.03770,1.55910
1600.99821,1.55474
1598.95872,1.55220
1596.91924,1.54860
1594.87975,1.54205
1592.84026,1.53405
1590.80077,1.52697
1588.76128,1.52125
1586.72180,1.51612
1584.68231,1.51041
1582.64282,1.50457
1580.60333,1.50007
1578.56384,1.49589
1576.52435,1.48903
1574.48487,1.47916
1572.44538,1.47000
1570.40589,1.46352
1568.36640,1.45923
1566.32691,1.45600
1564.28743,1.45319
1562.24794,1.45169
1560.20845,1.45212
1558.16896,1.45146
1556.12947,1.44779
1554.08998,1.44409
1552.05050,1.44111
1550.01101,1.43578
1547.97152,1.42652
1545.93203,1.41740
1543.89254,1.41193
1541.85306,1.40770
1539.81357,1.40076
1537.77408,1.39370
1535.73459,1.38883
1533.69510,1.38379
1531.65561,1.37748
1529.61613,1.37145
1527.57664,1.36620
1525.53715,1.36174
1523.49766,1.35719
1521.45817,1.35245
1519.41869,1.35030
1517.37920,1.34987
1515.33971,1.34851
1513.30022,1.34641
1511.26073,1.34217
1509.22124,1.33192
1507.18176,1.31508
1505.14227,1.29885
1503.10278,1.28920
1501.06329,1.28328
1499.02380,1.27726
1496.98432,1.27046
1494.94483,1.26448
1492.90534,1.26061
1490.86585,1.25847
1488.82636,1.25700
1486.78688,1.25614
1484.74739,1.25727
1482.70790,1.26264
1480.66841,1.27271
1478.62892,1.28560
1476.58943,1.30081
1474.54995,1.31979
1472.51046,1.34271
1470.47097,1.36433
1468.43148,1.37966
1466.39199,1.39096
1464.35251,1.40143
1462.31302,1.41060
1460.27353,1.41740
1458.23404,1.42210
1456.19455,1.42563
1454.15506,1.43081
1452.11558,1.43764
1450.07609,1.44242
1448.03660,1.44402
1445.99711,1.44602
1443.95762,1.45067
1441.91814,1.45658
1439.87865,1.46294
1437.83916,1.46943
1435.79967,1.47359
1433.76018,1.47403
1431.72069,1.47369
1429.68121,1.47500
1427.64172,1.47557
1425.60223,1.47515
1423.56274,1.47914
1421.52325,1.48710
1419.48377,1.49158
1417.44428,1.48927
1415.40479,1.48362
1413.36530,1.47918
1411.32581,1.47822
1409.28632,1.47891
1407.24684,1.47890
1405.20735,1.47962
1403.16786,1.48149
1401.12837,1.48160
1399.08888,1.47908
1397.04940,1.47658
1395.00991,1.47591
1392.97042,1.47609
1390.93093,1.47630
1388.89144,1.47557
1386.85195,1.47197
1384.81247,1.46751
1382.77298,1.46677
1380.73349,1.46879
1378.69400,1.46974
1376.65451,1.46970
1374.61503,1.46965
1372.57554,1.46688
1370.53605,1.45935
1368.49656,1.44911
1366.45707,1.43881
1364.41758,1.42919
1362.37810,1.42012
1360.33861,1.41263
1358.29912,1.40761
1356.25963,1.40438
1354.22014,1.40125
1352.18066,1.39769
1350.14117,1.39533
1348.10168,1.39516
1346.06219,1.39646
1344.02270,1.39843
1341.98322,1.40057
1339.94373,1.40262
1337.90424,1.40462
1335.86475,1.40613
1333.82526,1.40688
1331.78577,1.40630
1329.74629,1.40398
1327.70680,1.40128
1325.66731,1.40056
1323.62782,1.40186
1321.58833,1.40149
1319.54885,1.39837
1317.50936,1.39690
1315.46987,1.39805
1313.43038,1.39635
1311.39089,1.38869
1309.35140,1.37946
1307.31192,1.37342
1305.27243,1.36854
1303.23294,1.36143
1301.19345,1.35473
1299.15396,1.35202
1297.11448,1.35127
1295.07499,1.35081
1293.03550,1.35322
1290.99601,1.35785
1288.95652,1.36127
1286.91703,1.36391
1284.87755,1.36695
1282.83806,1.36959
1280.79857,1.37110
1278.75908,1.37131
1276.71959,1.37257
1274.68011,1.37720
1272.64062,1.38244
1270.60113,1.38502
1268.56164,1.38570
1266.52215,1.38603
1264.48266,1.38701
1262.44318,1.38910
1260.40369,1.39022
1258.36420,1.38879
1256.32471,1.38696
1254.28522,1.38697
1252.24574,1.38865
1250.20625,1.38977
1248.16676,1.38891
1246.12727,1.38716
1244.08778,1.38573
1242.04829,1.38547
1240.00881,1.38515
1237.96932,1.38244
1235.92983,1.37831
1233.89034,1.37386
1231.85085,1.36845
1229.81137,1.36224
1227.77188,1.35442
1225.73239,1.34541
1223.69290,1.33707
1221.65341,1.32789
1219.61392,1.31746
1217.57444,1.30981
1215.53495,1.30616
1213.49546,1.30447
1211.45597,1.30468
1209.41648,1.30574
1207.37700,1.30496
1205.33751,1.30311
1203.29802,1.30282
1201.25853,1.30274
1199.21904,1.29970
1197.17956,1.29449
1195.14007,1.29030
1193.10058,1.28851
1191.06109,1.28976
1189.02160,1.29562
1186.98211,1.30491
1184.94263,1.31569
1182.90314,1.33030
1180.86365,1.34730
1178.82416,1.36248
1176.78467,1.37768
1174.74519,1.39419
1172.70570,1.41074
1170.66621,1.42904
1168.62672,1.44771
1166.58723,1.46286
1164.54774,1.47553
1162.50826,1.48341
1160.46877,1.48481
1158.42928,1.48416
1156.38979,1.47927
1154.35030,1.47041
1152.31082,1.46679
1150.27133,1.46834
1148.23184,1.46811
1146.19235,1.46459
1144.15286,1.46038
1142.11337,1.46100
1140.07389,1.46871
1138.03440,1.47703
1135.99491,1.48055
1133.95542,1.48424
1131.91593,1.49450
1129.87645,1.50888
1127.83696,1.51799
1125.79747,1.52019
1123.75798,1.52539
1121.71849,1.53642
1119.67900,1.54586
1117.63952,1.55147
1115.60003,1.55462
1113.56054,1.55417
1111.52105,1.55236
1109.48156,1.55468
1107.44208,1.55955
1105.40259,1.55951
1103.36310,1.55525
1101.32361,1.55364
1099.28412,1.55324
1097.24463,1.54939
1095.20515,1.54161
1093.16566,1.53286
1091.12617,1.52896
1089.08668,1.53183
1087.04719,1.53755
1085.00771,1.54280
1082.96822,1.54729
1080.92873,1.55337
1078.88924,1.55912
1076.84975,1.55831
1074.81027,1.55435
1072.77078,1.55087
1070.73129,1.54774
1068.69180,1.54740
1066.65231,1.54544
1064.61282,1.53938
1062.57334,1.53371
1060.53385,1.52997
1058.49436,1.52626
1056.45487,1.52082
1054.41538,1.51511
1052.37590,1.50960
1050.33641,1.50547
1048.29692,1.50527
1046.25743,1.50297
1044.21794,1.49562
1042.17845,1.49135
1040.13897,1.49065
1038.09948,1.48647
1036.05999,1.47476
1034.02050,1.45859
1031.98101,1.44886
1029.94153,1.44706
1027.90204,1.44353
1025.86255,1.43465
1023.82306,1.42191
1021.78357,1.40717
1019.74408,1.39527
1017.70460,1.38686
1015.66511,1.37854
1013.62562,1.37000
1011.58613,1.35957
1009.54664,1.34684
1007.50716,1.33567
1005.46767,1.32564
1003.42818,1.31453
1001.38869,1.30281
999.34920,1.29004
997.30971,1.27696
995.27023,1.26556
993.23074,1.25535
991.19125,1.24508
989.15176,1.23269
987.11227,1.21755
985.07279,1.20291
983.03330,1.19098
980.99381,1.17967
978.95432,1.16812
976.91483,1.15800
974.87534,1.14976
972.83586,1.14314
970.79637,1.13778
968.75688,1.13380
966.71739,1.13055
964.67790,1.12691
962.63842,1.12364
960.59893,1.12081
958.55944,1.11680
956.51995,1.11062
954.48046,1.10359
952.44097,1.09750
950.40149,1.08972
948.36200,1.07909
946.32251,1.06925
944.28302,1.06157
942.24353,1.05629
940.20405,1.05224
938.16456,1.04791
936.12507,1.04531
934.08558,1.04456
932.04609,1.04468
930.00661,1.04675
927.96712,1.05011
925.92763,1.05258
923.88814,1.05372
921.84865,1.05478
919.80916,1.05767
917.76968,1.06188
915.73019,1.06555
913.69070,1.06877
911.65121,1.07147
909.61172,1.07371
907.57224,1.07692
905.53275,1.08201
903.49326,1.08910
901.45377,1.09724
899.41428,1.10104
897.37479,1.09680
895.33531,1.09022
893.29582,1.08763
891.25633,1.08678
889.21684,1.08246
887.17735,1.07725
885.13787,1.07393
883.09838,1.06985
881.05889,1.06707
879.01940,1.06921
876.97991,1.07362
874.94042,1.07609
872.90094,1.07477
870.86145,1.07128
868.82196,1.07049
866.78247,1.07375
864.74298,1.07972
862.70350,1.08718
860.66401,1.09265
858.62452,1.09538
856.58503,1.09926
854.54554,1.10594
852.50605,1.11226
850.46657,1.11644
848.42708,1.11961
846.38759,1.12320
844.34810,1.12874
842.30861,1.13757
840.26913,1.14807
838.22964,1.15584
836.19015,1.16077
834.15066,1.16496
832.11117,1.16770
830.07168,1.17013
828.03220,1.17370
825.99271,1.17690
823.95322,1.18120
821.91373,1.18786
819.87424,1.19293
817.83476,1.19596
815.79527,1.20288
813.75578,1.21437
811.71629,1.22235
809.67680,1.22372
807.63731,1.22339
805.59783,1.22113
803.55834,1.21749
801.51885,1.21954
799.47936,1.22738
797.43987,1.23555
795.40039,1.24093
793.36090,1.24369
791.32141,1.24883
789.28192,1.25921
787.24243,1.26995
785.20295,1.27476
783.16346,1.27775
781.12397,1.28454
779.08448,1.29225
777.04499,1.29530
775.00550,1.29104
772.96602,1.28755
770.92653,1.29054
768.88704,1.29408
766.84755,1.29690
764.80806,1.29964
762.76858,1.30079
760.72909,1.30243
758.68960,1.30426
756.65011,1.30273
754.61062,1.29857
752.57113,1.29948
750.53165,1.30501
748.49216,1.30591
746.45267,1.30506
744.41318,1.30860
742.37369,1.31178
740.33421,1.31417
738.29472,1.32072
736.25523,1.32820
734.21574,1.33178
732.17625,1.33378
730.13676,1.33980
728.09728,1.34761
726.05779,1.35129
724.01830,1.35418
721.97881,1.35913
719.93932,1.36928
717.89984,1.38006
715.86035,1.38258
713.82086,1.37974
711.78137,1.37802
709.74188,1.38025
707.70239,1.38892
705.66291,1.39937
703.62342,1.40102
701.58393,1.39546
699.54444,1.39099
697.50495,1.39050
695.46547,1.39475
693.42598,1.39918
691.38649,1.39702
689.34700,1.39287
687.30751,1.39576
685.26802,1.40416
683.22854,1.41109
681.18905,1.41200
679.14956,1.40887
677.11007,1.40854
675.07058,1.41240
673.03110,1.41540
670.99161,1.40853
668.95212,1.39417
666.91263,1.39277
664.87314,1.40327
662.83365,1.41120
660.79417,1.41885
658.75468,1.42686
656.71519,1.43024
654.67570,1.43604
652.63621,1.44743
650.59673,1.45096
648.55724,1.44046
646.51775,1.43161
644.47826,1.43905
642.43877,1.44909
640.39929,1.43725
638.35980,1.41133
636.32031,1.39660
634.28082,1.40211
632.24133,1.41814
630.20184,1.42686
628.16236,1.43023
626.12287,1.44026
624.08338,1.43340
622.04389,1.40184
620.00440,1.37379
617.96492,1.36123
615.92543,1.37842
613.88594,1.41231
611.84645,1.41791
609.80696,1.39743
607.76747,1.38253
605.72799,1.38439
603.68850,1.39312
601.64901,1.40602
599.60952,1.42607
597.57003,1.42940
595.53055,1.40463
593.49106,1.38848
591.45157,1.39390
589.41208,1.39227
587.37259,1.38747
585.33310,1.38872
583.29362,1.36625
581.25413,1.32828
579.21464,1.34089
577.17515,1.40423
575.13566,1.42240
573.09618,1.39604
571.05669,1.39706
569.01720,1.41660
566.97771,1.40670
564.93822,1.41651
562.89873,1.47609
560.85925,1.50762
558.81976,1.47186
556.78027,1.41492
554.74078,1.36437
552.70129,1.35898
550.66181,1.40511
548.62232,1.44336
546.58283,1.46776
544.54334,1.48077
542.50385,1.45627
540.46436,1.42716
538.42488,1.40302
536.38539,1.36974
534.34590,1.33397
532.30641,1.33828
530.26692,1.40201
528.22744,1.46917
526.18795,1.45915
524.14846,1.44889
522.10897,1.53038
520.06948,1.52902
518.02999,1.48798
515.99051,1.43229
513.95102,1.40118
511.91153,1.37615
509.87204,1.44420
507.83255,1.67648
505.79307,1.91954
503.75358,1.50870
501.71409,1.13036
499.67460,0.91406
