3997.39681,0.35012
3995.35732,0.35011
3993.31783,0.34994
3991.27835,0.34970
3989.23886,0.34952
3987.19937,0.34931
3985.15988,0.34884
3983.12039,0.34841
3981.08091,0.34850
3979.04142,0.34876
3977.00193,0.34871
3974.96244,0.34844
3972.92295,0.34809
3970.88346,0.34768
3968.84398,0.34715
3966.80449,0.34671
3964.76500,0.34654
3962.72551,0.34616
3960.68602,0.34519
3958.64654,0.34423
3956.60705,0.34394
3954.56756,0.34388
3952.52807,0.34330
3950.48858,0.34235
3948.44909,0.34179
3946.40961,0.34176
3944.37012,0.34139
3942.33063,0.34011
3940.29114,0.33853
3938.25165,0.33746
3936.21217,0.33712
3934.17268,0.33689
3932.13319,0.33595
3930.09370,0.33496
3928.05421,0.33482
3926.01473,0.33498
3923.97524,0.33474
3921.93575,0.33409
3919.89626,0.33321
3917.85677,0.33225
3915.81728,0.33133
3913.77780,0.33066
3911.73831,0.32988
3909.69882,0.32853
3907.65933,0.32711
3905.61984,0.32660
3903.58036,0.32687
3901.54087,0.32674
3899.50138,0.32583
3897.46189,0.32499
3895.42240,0.32475
3893.38291,0.32447
3891.34343,0.32359
3889.30394,0.32274
3887.26445,0.32248
3885.22496,0.32237
3883.18547,0.32177
3881.14599,0.32046
3879.10650,0.31926
3877.06701,0.31879
3875.02752,0.31872
3872.98803,0.31852
3870.94854,0.31783
3868.90906,0.31717
3866.86957,0.31721
3864.83008,0.31741
3862.79059,0.31743
3860.75110,0.31750
3858.71162,0.31734
3856.67213,0.31588
3854.63264,0.31314
3852.59315,0.31217
3850.55366,0.31405
3848.51417,0.31585
3846.47469,0.31665
3844.43520,0.31678
3842.39571,0.31591
3840.35622,0.31443
3838.31673,0.31380
3836.27725,0.31440
3834.23776,0.31484
3832.19827,0.31467
3830.15878,0.31465
3828.11929,0.31484
3826.07980,0.31506
3824.04032,0.31537
3822.00083,0.31580
3819.96134,0.31636
3817.92185,0.31636
3815.88236,0.31569
3813.84288,0.31566
3811.80339,0.31642
3809.76390,0.31683
3807.72441,0.31662
3805.68492,0.31658
3803.64543,0.31697
3801.60595,0.31765
3799.56646,0.31875
3797.52697,0.31944
3795.48748,0.31945
3793.44799,0.31966
3791.40851,0.32037
3789.36902,0.32138
3787.32953,0.32258
3785.29004,0.32397
3783.25055,0.32528
3781.21107,0.32599
3779.17158,0.32618
3777.13209,0.32670
3775.09260,0.32774
3773.05311,0.32888
3771.01362,0.33008
3768.97414,0.33164
3766.93465,0.33345
3764.89516,0.33519
3762.85567,0.33682
3760.81618,0.33829
3758.77670,0.33956
3756.73721,0.34073
3754.69772,0.34169
3752.65823,0.34243
3750.61874,0.34395
3748.57925,0.34656
3746.53977,0.34844
3744.50028,0.35002
3742.46079,0.35357
3740.42130,0.35753
3738.38181,0.35972
3736.34233,0.36092
3734.30284,0.36276
3732.26335,0.36562
3730.22386,0.36907
3728.18437,0.37251
3726.14488,0.37563
3724.10540,0.37879
3722.06591,0.38282
3720.02642,0.38788
3717.98693,0.39301
3715.94744,0.39764
3713.90796,0.40254
3711.86847,0.40976
3709.82898,0.42022
3707.78949,0.43137
3705.75000,0.44146
3703.71051,0.45195
3701.67103,0.46455
3699.63154,0.47813
3697.59205,0.49000
3695.55256,0.49856
3693.51307,0.50362
3691.47359,0.50619
3689.43410,0.50822
3687.39461,0.51155
3685.35512,0.51617
3683.31563,0.52145
3681.27614,0.52784
3679.23666,0.53607
3677.19717,0.54711
3675.15768,0.56154
3673.11819,0.57643
3671.07870,0.59000
3669.03922,0.60435
3666.99973,0.61903
3664.96024,0.63257
3662.92075,0.64591
3660.88126,0.66024
3658.84177,0.67568
3656.80229,0.69212
3654.76280,0.70838
3652.72331,0.72319
3650.68382,0.73820
3648.64433,0.75429
3646.60485,0.76904
3644.56536,0.78175
3642.52587,0.79400
3640.48638,0.80688
3638.44689,0.82095
3636.40741,0.83555
3634.36792,0.84853
3632.32843,0.85965
3630.28894,0.87264
3628.24945,0.89008
3626.20996,0.90824
3624.17048,0.92348
3622.13099,0.93528
3620.09150,0.94426
3618.05201,0.95223
3616.01252,0.96030
3613.97304,0.96866
3611.93355,0.97826
3609.89406,0.98966
3607.85457,1.00158
3605.81508,1.01216
3603.77559,1.02126
3601.73611,1.03025
3599.69662,1.03946
3597.65713,1.04879
3595.61764,1.05885
3593.57815,1.06932
3591.53867,1.07945
3589.49918,1.08969
3587.45969,1.10055
3585.42020,1.11036
3583.38071,1.11740
3581.34122,1.12324
3579.30174,1.12978
3577.26225,1.13726
3575.22276,1.14566
3573.18327,1.15519
3571.14378,1.16631
3569.10430,1.17889
3567.06481,1.19076
3565.02532,1.19958
3562.98583,1.20529
3560.94634,1.20883
3558.90685,1.21321
3556.86737,1.22041
3554.82788,1.22849
3552.78839,1.23689
3550.74890,1.24645
3548.70941,1.25584
3546.66993,1.26464
3544.63044,1.27264
3542.59095,1.27725
3540.55146,1.28090
3538.51197,1.28881
3536.47248,1.29939
3534.43300,1.30868
3532.39351,1.31616
3530.35402,1.32244
3528.31453,1.32815
3526.27504,1.33297
3524.23556,1.33560
3522.19607,1.33786
3520.15658,1.34316
3518.11709,1.34993
3516.07760,1.35561
3514.03811,1.36212
3511.99863,1.36953
3509.95914,1.37506
3507.91965,1.37902
3505.88016,1.38184
3503.84067,1.38236
3501.80119,1.38431
3499.76170,1.39360
3497.72221,1.40650
3495.68272,1.41452
3493.64323,1.41839
3491.60375,1.42385
3489.56426,1.43300
3487.52477,1.44402
3485.48528,1.45245
3483.44579,1.45570
3481.40630,1.45393
3479.36682,1.45064
3477.32733,1.45139
3475.28784,1.45505
3473.24835,1.45963
3471.20886,1.46781
3469.16938,1.47678
3467.12989,1.48116
3465.09040,1.48349
3463.05091,1.48584
3461.01142,1.48449
3458.97193,1.48141
3456.93245,1.48345
3454.89296,1.49105
3452.85347,1.49798
3450.81398,1.50141
3448.77449,1.50518
3446.73501,1.51102
3444.69552,1.51497
3442.65603,1.51375
3440.61654,1.51025
3438.57705,1.50867
3436.53756,1.50797
3434.49808,1.50960
3432.45859,1.51389
3430.41910,1.51527
3428.37961,1.51802
3426.34012,1.52801
3424.30064,1.53630
3422.26115,1.53344
3420.22166,1.52727
3418.18217,1.52834
3416.14268,1.53089
3414.10319,1.53110
3412.06371,1.53555
3410.02422,1.54435
3407.98473,1.55170
3405.94524,1.55328
3403.90575,1.54764
3401.86627,1.54237
3399.82678,1.54567
3397.78729,1.55235
3395.74780,1.55030
3393.70831,1.54016
3391.66882,1.53480
3389.62934,1.53975
3387.58985,1.55083
3385.55036,1.55909
3383.51087,1.56013
3381.47138,1.56316
3379.43190,1.57283
3377.39241,1.57728
3375.35292,1.57002
3373.31343,1.56013
3371.27394,1.55217
3369.23446,1.54584
3367.19497,1.54644
3365.15548,1.55269
3363.11599,1.55674
3361.07650,1.55791
3359.03701,1.55915
3356.99753,1.56209
3354.95804,1.56704
3352.91855,1.57425
3350.87906,1.58010
3348.83957,1.57841
3346.80009,1.57091
3344.76060,1.56596
3342.72111,1.56709
3340.68162,1.56803
3338.64213,1.56411
3336.60264,1.56160
3334.56316,1.56602
3332.52367,1.57126
3330.48418,1.57224
3328.44469,1.57030
3326.40520,1.56711
3324.36572,1.56519
3322.32623,1.56642
3320.28674,1.56806
3318.24725,1.56564
3316.20776,1.56411
3314.16827,1.56695
3312.12879,1.56919
3310.08930,1.57132
3308.04981,1.57411
3306.01032,1.57635
3303.97083,1.57603
3301.93135,1.56887
3299.89186,1.55842
3297.85237,1.55175
3295.81288,1.54944
3293.77339,1.54791
3291.73390,1.54579
3289.69442,1.54564
3287.65493,1.54622
3285.61544,1.54496
3283.57595,1.54451
3281.53646,1.54482
3279.49698,1.54348
3277.45749,1.54062
3275.41800,1.53866
3273.37851,1.53729
3271.33902,1.53166
3269.29953,1.52356
3267.26005,1.51786
3265.22056,1.51251
3263.18107,1.50848
3261.14158,1.50831
3259.10209,1.50605
3257.06261,1.49769
3255.02312,1.48998
3252.98363,1.48741
3250.94414,1.48510
3248.90465,1.48277
3246.86516,1.48441
3244.82568,1.48575
3242.78619,1.48246
3240.74670,1.47703
3238.70721,1.47038
3236.66772,1.46392
3234.62824,1.46076
3232.58875,1.45911
3230.54926,1.45750
3228.50977,1.45532
3226.47028,1.45092
3224.43080,1.44574
3222.39131,1.44135
3220.35182,1.43934
3218.31233,1.43915
3216.27284,1.43725
3214.23335,1.43449
3212.19387,1.43179
3210.15438,1.42680
3208.11489,1.42233
3206.07540,1.42196
3204.03591,1.42248
3201.99643,1.42090
3199.95694,1.41813
3197.91745,1.41527
3195.87796,1.41281
3193.83847,1.40999
3191.79898,1.40713
3189.75950,1.40543
3187.72001,1.40072
3185.68052,1.39112
3183.64103,1.38446
3181.60154,1.38601
3179.56206,1.38992
3177.52257,1.38738
3175.48308,1.38015
3173.44359,1.37427
3171.40410,1.36878
3169.36461,1.36391
3167.32513,1.36077
3165.28564,1.35582
3163.24615,1.35009
3161.20666,1.34678
3159.16717,1.34268
3157.12769,1.33622
3155.08820,1.33142
3153.04871,1.32912
3151.00922,1.32702
3148.96973,1.32520
3146.93024,1.32225
3144.89076,1.31767
3142.85127,1.31497
3140.81178,1.31371
3138.77229,1.31108
3136.73280,1.30835
3134.69332,1.30526
3132.65383,1.30022
3130.61434,1.29594
3128.57485,1.29374
3126.53536,1.29105
3124.49587,1.28724
3122.45639,1.28438
3120.41690,1.28213
3118.37741,1.27861
3116.33792,1.27648
3114.29843,1.27768
3112.25895,1.27809
3110.21946,1.27516
3108.17997,1.27015
3106.14048,1.26540
3104.10099,1.26439
3102.06150,1.26614
3100.02202,1.26520
3097.98253,1.26143
3095.94304,1.25907
3093.90355,1.25844
3091.86406,1.25728
3089.82458,1.25532
3087.78509,1.25359
3085.74560,1.25288
3083.70611,1.25219
3081.66662,1.25066
3079.62714,1.24857
3077.58765,1.24461
3075.54816,1.23900
3073.50867,1.23532
3071.46918,1.23469
3069.42969,1.23358
3067.39021,1.23019
3065.35072,1.22700
3063.31123,1.22516
3061.27174,1.22307
3059.23225,1.21927
3057.19277,1.21473
3055.15328,1.21176
3053.11379,1.20964
3051.07430,1.20655
3049.03481,1.20338
3046.99532,1.20100
3044.95584,1.19824
3042.91635,1.19435
3040.87686,1.19087
3038.83737,1.18827
3036.79788,1.18567
3034.75840,1.18291
3032.71891,1.17879
3030.67942,1.17368
3028.63993,1.17013
3026.60044,1.16865
3024.56095,1.16772
3022.52147,1.16634
3020.48198,1.16485
3018.44249,1.16321
3016.40300,1.16147
3014.36351,1.16059
3012.32403,1.15960
3010.28454,1.15674
3008.24505,1.15404
3006.20556,1.15404
3004.16607,1.15514
3002.12658,1.15593
3000.08710,1.15759
2998.04761,1.15987
2996.00812,1.16091
2993.96863,1.16148
2991.92914,1.16467
2989.88966,1.16975
2987.85017,1.17333
2985.81068,1.17645
2983.77119,1.18090
2981.73170,1.18669
2979.69221,1.19486
2977.65273,1.20430
2975.61324,1.21178
2973.57375,1.21766
2971.53426,1.22547
2969.49477,1.23460
2967.45529,1.24213
2965.41580,1.25050
2963.37631,1.26067
2961.33682,1.26800
2959.29733,1.27060
2957.25784,1.27019
2955.21836,1.26981
2953.17887,1.27219
2951.13938,1.27643
2949.09989,1.27994
2947.06040,1.28363
2945.02092,1.29002
2942.98143,1.29862
2940.94194,1.30724
2938.90245,1.31343
2936.86296,1.31685
2934.82348,1.32192
2932.78399,1.33100
2930.74450,1.33804
2928.70501,1.33782
2926.66552,1.33610
2924.62603,1.33926
2922.58655,1.34476
2920.54706,1.34675
2918.50757,1.34167
2916.46808,1.32845
2914.42859,1.30978
2912.38911,1.29148
2910.34962,1.27662
2908.31013,1.26390
2906.27064,1.25331
2904.23115,1.24669
2902.19166,1.24215
2900.15218,1.23617
2898.11269,1.22909
2896.07320,1.22388
2894.03371,1.22031
2891.99422,1.21454
2889.95474,1.20676
2887.91525,1.20051
2885.87576,1.19659
2883.83627,1.19464
2881.79678,1.19364
2879.75729,1.19203
2877.71781,1.19029
2875.67832,1.18832
2873.63883,1.18492
2871.59934,1.18097
2869.55985,1.17786
2867.52037,1.17590
2865.48088,1.17458
2863.44139,1.17335
2861.40190,1.17207
2859.36241,1.17167
2857.32292,1.17478
2855.28344,1.18179
2853.24395,1.18846
2851.20446,1.18857
2849.16497,1.17638
2847.12548,1.15263
2845.08600,1.12603
2843.04651,1.10406
2841.00702,1.08690
2838.96753,1.07210
2836.92804,1.05954
2834.88855,1.04894
2832.84907,1.04064
2830.80958,1.03490
2828.77009,1.02934
2826.73060,1.02340
2824.69111,1.01751
2822.65163,1.01080
2820.61214,1.00387
2818.57265,0.99851
2816.53316,0.99528
2814.49367,0.99284
2812.45418,0.98960
2810.41470,0.98521
2808.37521,0.98034
2806.33572,0.97571
2804.29623,0.97201
2802.25674,0.96972
2800.21726,0.96777
2798.17777,0.96468
2796.13828,0.96078
2794.09879,0.95748
2792.05930,0.95480
2790.01982,0.95181
2787.98033,0.94916
2785.94084,0.94725
2783.90135,0.94457
2781.86186,0.94148
2779.82237,0.93964
2777.78289,0.93863
2775.74340,0.93698
2773.70391,0.93400
2771.66442,0.93049
2769.62493,0.92762
2767.58545,0.92590
2765.54596,0.92515
2763.50647,0.92411
2761.46698,0.92214
2759.42749,0.91959
2757.38800,0.91685
2755.34852,0.91494
2753.30903,0.91404
2751.26954,0.91296
2749.23005,0.91174
2747.19056,0.91071
2745.15108,0.90912
2743.11159,0.90683
2741.07210,0.90437
2739.03261,0.90239
2736.99312,0.90088
2734.95363,0.89960
2732.91415,0.89832
2730.87466,0.89674
2728.83517,0.89499
2726.79568,0.89309
2724.75619,0.89140
2722.71671,0.89011
2720.67722,0.88837
2718.63773,0.88578
2716.59824,0.88276
2714.55875,0.87990
2712.51926,0.87774
2710.47978,0.87585
2708.44029,0.87334
2706.40080,0.87083
2704.36131,0.86882
2702.32182,0.86609
2700.28234,0.86299
2698.24285,0.86064
2696.20336,0.85858
2694.16387,0.85685
2692.12438,0.85541
2690.08489,0.85335
2688.04541,0.85083
2686.00592,0.84861
2683.96643,0.84662
2681.92694,0.84433
2679.88745,0.84178
2677.84797,0.83950
2675.80848,0.83780
2673.76899,0.83630
2671.72950,0.83423
2669.69001,0.83144
2667.65052,0.82851
2665.61104,0.82599
2663.57155,0.82417
2661.53206,0.82271
2659.49257,0.82089
2657.45308,0.81828
2655.41360,0.81531
2653.37411,0.81252
2651.33462,0.80971
2649.29513,0.80709
2647.25564,0.80518
2645.21616,0.80362
2643.17667,0.80191
2641.13718,0.79986
2639.09769,0.79735
2637.05820,0.79463
2635.01871,0.79242
2632.97923,0.79085
2630.93974,0.78919
2628.90025,0.78717
2626.86076,0.78524
2624.82127,0.78336
2622.78179,0.78137
2620.74230,0.77927
2618.70281,0.77671
2616.66332,0.77410
2614.62383,0.77223
2612.58434,0.77066
2610.54486,0.76879
2608.50537,0.76663
2606.46588,0.76415
2604.42639,0.76190
2602.38690,0.76046
2600.34742,0.75911
2598.30793,0.75702
2596.26844,0.75490
2594.22895,0.75354
2592.18946,0.75244
2590.14997,0.75093
2588.11049,0.74877
2586.07100,0.74640
2584.03151,0.74430
2581.99202,0.74263
2579.95253,0.74168
2577.91305,0.74099
2575.87356,0.74007
2573.83407,0.73904
2571.79458,0.73754
2569.75509,0.73545
2567.71560,0.73344
2565.67612,0.73192
2563.63663,0.73067
2561.59714,0.72915
2559.55765,0.72731
2557.51816,0.72569
2555.47868,0.72387
2553.43919,0.72172
2551.39970,0.72012
2549.36021,0.71883
2547.32072,0.71788
2545.28123,0.71766
2543.24175,0.71670
2541.20226,0.71428
2539.16277,0.71212
2537.12328,0.71086
2535.08379,0.70947
2533.04431,0.70805
2531.00482,0.70727
2528.96533,0.70660
2526.92584,0.70535
2524.88635,0.70365
2522.84686,0.70210
2520.80738,0.70065
2518.76789,0.69895
2516.72840,0.69740
2514.68891,0.69630
2512.64942,0.69511
2510.60994,0.69325
2508.57045,0.69115
2506.53096,0.68956
2504.49147,0.68821
2502.45198,0.68656
2500.41250,0.68465
2498.37301,0.68279
2496.33352,0.68118
2494.29403,0.67944
2492.25454,0.67722
2490.21505,0.67490
2488.17557,0.67312
2486.13608,0.67181
2484.09659,0.67044
2482.05710,0.66830
2480.01761,0.66553
2477.97813,0.66344
2475.93864,0.66200
2473.89915,0.66055
2471.85966,0.65915
2469.82017,0.65757
2467.78068,0.65565
2465.74120,0.65372
2463.70171,0.65184
2461.66222,0.65002
2459.62273,0.64839
2457.58324,0.64656
2455.54376,0.64463
2453.50427,0.64356
2451.46478,0.64309
2449.42529,0.64198
2447.38580,0.64008
2445.34631,0.63824
2443.30683,0.63687
2441.26734,0.63552
2439.22785,0.63397
2437.18836,0.63244
2435.14887,0.63100
2433.10939,0.62925
2431.06990,0.62735
2429.03041,0.62585
2426.99092,0.62459
2424.95143,0.62326
2422.91194,0.62177
2420.87246,0.62029
2418.83297,0.61903
2416.79348,0.61777
2414.75399,0.61637
2412.71450,0.61479
2410.67502,0.61336
2408.63553,0.61228
2406.59604,0.61127
2404.55655,0.61038
2402.51706,0.60961
2400.47757,0.60861
2398.43809,0.60739
2396.39860,0.60623
2394.35911,0.60513
2392.31962,0.60394
2390.28013,0.60285
2388.24065,0.60200
2386.20116,0.60135
2384.16167,0.60111
2382.12218,0.60145
2380.08269,0.60200
2378.04320,0.60234
2376.00372,0.60226
2373.96423,0.60200
2371.92474,0.60177
2369.88525,0.60135
2367.84576,0.60111
2365.80628,0.60185
2363.76679,0.60327
2361.72730,0.60387
2359.68781,0.60234
2357.64832,0.59953
2355.60884,0.59812
2353.56935,0.59947
2351.52986,0.60164
2349.49037,0.60180
2347.45088,0.59940
2345.41139,0.59636
2343.37191,0.59497
2341.33242,0.59567
2339.29293,0.59706
2337.25344,0.59746
2335.21395,0.59644
2333.17447,0.59442
2331.13498,0.59237
2329.09549,0.59191
2327.05600,0.59262
2325.01651,0.59247
2322.97702,0.59103
2320.93754,0.58944
2318.89805,0.58834
2316.85856,0.58736
2314.81907,0.58627
2312.77958,0.58552
2310.74010,0.58500
2308.70061,0.58416
2306.66112,0.58330
2304.62163,0.58287
2302.58214,0.58252
2300.54265,0.58188
2298.50317,0.58106
2296.46368,0.58054
2294.42419,0.58040
2292.38470,0.58004
2290.34521,0.57924
2288.30573,0.57853
2286.26624,0.57819
2284.22675,0.57802
2282.18726,0.57782
2280.14777,0.57756
2278.10828,0.57732
2276.06880,0.57716
2274.02931,0.57699
2271.98982,0.57678
2269.95033,0.57668
2267.91084,0.57673
2265.87136,0.57672
2263.83187,0.57658
2261.79238,0.57665
2259.75289,0.57700
2257.71340,0.57736
2255.67391,0.57745
2253.63443,0.57741
2251.59494,0.57744
2249.55545,0.57741
2247.51596,0.57729
2245.47647,0.57739
2243.43699,0.57772
2241.39750,0.57810
2239.35801,0.57830
2237.31852,0.57837
2235.27903,0.57854
2233.23954,0.57885
2231.20006,0.57913
2229.16057,0.57942
2227.12108,0.57969
2225.08159,0.57979
2223.04210,0.57986
2221.00262,0.58007
2218.96313,0.58042
2216.92364,0.58076
2214.88415,0.58090
2212.84466,0.58087
2210.80518,0.58082
2208.76569,0.58079
2206.72620,0.58092
2204.68671,0.58128
2202.64722,0.58159
2200.60773,0.58166
2198.56825,0.58190
2196.52876,0.58244
2194.48927,0.58295
2192.44978,0.58356
2190.41029,0.58428
2188.37081,0.58466
2186.33132,0.58473
2184.29183,0.58489
2182.25234,0.58539
2180.21285,0.58613
2178.17336,0.58669
2176.13388,0.58688
2174.09439,0.58711
2172.05490,0.58775
2170.01541,0.58841
2167.97592,0.58892
2165.93644,0.58929
2163.89695,0.58940
2161.85746,0.58953
2159.81797,0.58970
2157.77848,0.58973
2155.73899,0.58975
2153.69951,0.58966
2151.66002,0.58943
2149.62053,0.58943
2147.58104,0.58972
2145.54155,0.59007
2143.50207,0.59023
2141.46258,0.59006
2139.42309,0.58977
2137.38360,0.58944
2135.34411,0.58933
2133.30462,0.58949
2131.26514,0.58927
2129.22565,0.58871
2127.18616,0.58833
2125.14667,0.58788
2123.10718,0.58711
2121.06770,0.58638
2119.02821,0.58602
2116.98872,0.58586
2114.94923,0.58537
2112.90974,0.58447
2110.87025,0.58366
2108.83077,0.58317
2106.79128,0.58268
2104.75179,0.58208
2102.71230,0.58163
2100.67281,0.58133
2098.63333,0.58089
2096.59384,0.58012
2094.55435,0.57936
2092.51486,0.57881
2090.47537,0.57813
2088.43588,0.57744
2086.39640,0.57699
2084.35691,0.57663
2082.31742,0.57639
2080.27793,0.57619
2078.23844,0.57592
2076.19896,0.57546
2074.15947,0.57472
2072.11998,0.57405
2070.08049,0.57377
2068.04100,0.57368
2066.00152,0.57364
2063.96203,0.57348
2061.92254,0.57302
2059.88305,0.57242
2057.84356,0.57192
2055.80407,0.57145
2053.76459,0.57096
2051.72510,0.57079
2049.68561,0.57081
2047.64612,0.57043
2045.60663,0.56977
2043.56715,0.56947
2041.52766,0.56939
2039.48817,0.56916
2037.44868,0.56888
2035.40919,0.56864
2033.36970,0.56824
2031.33022,0.56780
2029.29073,0.56756
2027.25124,0.56727
2025.21175,0.56656
2023.17226,0.56578
2021.13278,0.56544
2019.09329,0.56529
2017.05380,0.56467
2015.01431,0.56367
2012.97482,0.56296
2010.93533,0.56263
2008.89585,0.56241
2006.85636,0.56206
2004.81687,0.56158
2002.77738,0.56125
2000.73789,0.56115
1998.69841,0.56095
1996.65892,0.56057
1994.61943,0.56047
1992.57994,0.56068
1990.54045,0.56061
1988.50096,0.55992
1986.46148,0.55897
1984.42199,0.55857
1982.38250,0.55878
1980.34301,0.55907
1978.30352,0.55912
1976.26404,0.55887
1974.22455,0.55866
1972.18506,0.55873
1970.14557,0.55891
1968.10608,0.55907
1966.06659,0.55914
1964.02711,0.55918
1961.98762,0.55920
1959.94813,0.55899
1957.90864,0.55888
1955.86915,0.55894
1953.82967,0.55874
1951.79018,0.55849
1949.75069,0.55862
1947.71120,0.55900
1945.67171,0.55965
1943.63222,0.56042
1941.59274,0.56057
1939.55325,0.56014
1937.51376,0.55986
1935.47427,0.55993
1933.43478,0.56028
1931.39530,0.56090
1929.35581,0.56140
1927.31632,0.56175
1925.27683,0.56267
1923.23734,0.56397
1921.19786,0.56473
1919.15837,0.56534
1917.11888,0.56643
1915.07939,0.56771
1913.03990,0.56905
1911.00041,0.57043
1908.96093,0.57162
1906.92144,0.57269
1904.88195,0.57394
1902.84246,0.57520
1900.80297,0.57613
1898.76349,0.57701
1896.72400,0.57820
1894.68451,0.57953
1892.64502,0.58090
1890.60553,0.58238
1888.56604,0.58336
1886.52656,0.58364
1884.48707,0.58392
1882.44758,0.58465
1880.40809,0.58576
1878.36860,0.58702
1876.32912,0.58813
1874.28963,0.58930
1872.25014,0.59121
1870.21065,0.59380
1868.17116,0.59540
1866.13167,0.59519
1864.09219,0.59482
1862.05270,0.59542
1860.01321,0.59623
1857.97372,0.59641
1855.93423,0.59620
1853.89475,0.59620
1851.85526,0.59692
1849.81577,0.59872
1847.77628,0.60151
1845.73679,0.60449
1843.69730,0.60625
1841.65782,0.60662
1839.61833,0.60718
1837.57884,0.60870
1835.53935,0.61080
1833.49986,0.61374
1831.46038,0.61800
1829.42089,0.62255
1827.38140,0.62571
1825.34191,0.62790
1823.30242,0.63029
1821.26293,0.63315
1819.22345,0.63669
1817.18396,0.64101
1815.14447,0.64584
1813.10498,0.65111
1811.06549,0.65669
1809.02601,0.66202
1806.98652,0.66706
1804.94703,0.67279
1802.90754,0.67987
1800.86805,0.68772
1798.82856,0.69537
1796.78908,0.70300
1794.74959,0.71171
1792.71010,0.72163
1790.67061,0.73071
1788.63112,0.73813
1786.59164,0.74620
1784.55215,0.75626
1782.51266,0.76755
1780.47317,0.77933
1778.43368,0.79092
1776.39420,0.80226
1774.35471,0.81529
1772.31522,0.83157
1770.27573,0.84892
1768.23624,0.86521
1766.19675,0.88186
1764.15727,0.90110
1762.11778,0.92482
1760.07829,0.95121
1758.03880,0.97772
1755.99931,1.00473
1753.95983,1.03184
1751.92034,1.06176
1749.88085,1.09674
1747.84136,1.13075
1745.80187,1.16011
1743.76238,1.18875
1741.72290,1.21804
1739.68341,1.24372
1737.64392,1.26182
1735.60443,1.27547
1733.56494,1.28806
1731.52546,1.29454
1729.48597,1.29306
1727.44648,1.28944
1725.40699,1.28890
1723.36750,1.29213
1721.32801,1.29823
1719.28853,1.30778
1717.24904,1.31925
1715.20955,1.32642
1713.17006,1.32991
1711.13057,1.33617
1709.09109,1.34791
1707.05160,1.36359
1705.01211,1.38012
1702.97262,1.39608
1700.93313,1.41434
1698.89364,1.43850
1696.85416,1.47041
1694.81467,1.50735
1692.77518,1.53777
1690.73569,1.56117
1688.69620,1.58401
1686.65672,1.60676
1684.61723,1.62949
1682.57774,1.64984
1680.53825,1.66487
1678.49876,1.67827
1676.45927,1.69407
1674.41979,1.71138
1672.38030,1.72376
1670.34081,1.72897
1668.30132,1.73471
1666.26183,1.74492
1664.22235,1.75382
1662.18286,1.75588
1660.14337,1.75498
1658.10388,1.75706
1656.06439,1.75862
1654.02490,1.75485
1651.98542,1.74866
1649.94593,1.74422
1647.90644,1.74250
1645.86695,1.74622
1643.82746,1.75319
1641.78798,1.75833
1639.74849,1.75860
1637.70900,1.75255
1635.66951,1.74319
1633.63002,1.73819
1631.59054,1.73874
1629.55105,1.73989
1627.51156,1.73952
1625.47207,1.73690
1623.43258,1.73101
1621.39309,1.72328
1619.35361,1.71422
1617.31412,1.70486
1615.27463,1.70143
1613.23514,1.70287
1611.19565,1.70176
1609.15617,1.69846
1607.11668,1.69733
1605.07719,1.69759
1603.03770,1.69418
1600.99821,1.68642
1598.95872,1.68032
1596.91924,1.67971
1594.87975,1.68019
1592.84026,1.67523
1590.80077,1.66436
1588.76128,1.65242
1586.72180,1.64260
1584.68231,1.63410
1582.64282,1.62593
1580.60333,1.61834
1578.56384,1.61154
1576.52435,1.60483
1574.48487,1.59846
1572.44538,1.59159
1570.40589,1.58341
1568.36640,1.57864
1566.32691,1.57853
1564.28743,1.57754
1562.24794,1.57356
1560.20845,1.56556
1558.16896,1.55458
1556.12947,1.54879
1554.08998,1.54793
1552.05050,1.54773
1550.01101,1.54612
1547.97152,1.54368
1545.93203,1.54118
1543.89254,1.53632
1541.85306,1.52826
1539.81357,1.52046
1537.77408,1.51423
1535.73459,1.50676
1533.69510,1.49803
1531.65561,1.49226
1529.61613,1.48950
1527.57664,1.48430
1525.53715,1.47579
1523.49766,1.46955
1521.45817,1.46771
1519.41869,1.46566
1517.37920,1.46077
1515.33971,1.45620
1513.30022,1.45273
1511.26073,1.44666
1509.22124,1.43422
1507.18176,1.41648
1505.14227,1.40303
1503.10278,1.39703
1501.06329,1.39335
1499.02380,1.38848
1496.98432,1.38042
1494.94483,1.37137
1492.90534,1.36434
1490.86585,1.35827
1488.82636,1.35394
1486.78688,1.35441
1484.74739,1.35909
1482.70790,1.36556
1480.66841,1.37237
1478.62892,1.38037
1476.58943,1.39249
1474.54995,1.41096
1472.51046,1.43445
1470.47097,1.45647
1468.43148,1.47302
1466.39199,1.48717
1464.35251,1.50017
1462.31302,1.50915
1460.27353,1.51569
1458.23404,1.52460
1456.19455,1.53435
1454.15506,1.54004
1452.11558,1.54380
1450.07609,1.54841
1448.03660,1.55332
1445.99711,1.55724
1443.95762,1.56050
1441.91814,1.56402
1439.87865,1.56779
1437.83916,1.57161
1435.79967,1.57679
1433.76018,1.58368
1431.72069,1.58954
1429.68121,1.59304
1427.64172,1.59459
1425.60223,1.59397
1423.56274,1.59283
1421.52325,1.59401
1419.48377,1.59786
1417.44428,1.60251
1415.40479,1.60383
1413.36530,1.60210
1411.32581,1.60188
1409.28632,1.60134
1407.24684,1.59624
1405.20735,1.59073
1403.16786,1.58992
1401.12837,1.58983
1399.08888,1.58412
1397.04940,1.57776
1395.00991,1.58062
1392.97042,1.58863
1390.93093,1.59219
1388.89144,1.59014
1386.85195,1.58554
1384.81247,1.58160
1382.77298,1.57859
1380.73349,1.57628
1378.69400,1.57640
1376.65451,1.57771
1374.61503,1.57707
1372.57554,1.57239
1370.53605,1.56315
1368.49656,1.55292
1366.45707,1.54502
1364.41758,1.53798
1362.37810,1.53018
1360.33861,1.52257
1358.29912,1.51555
1356.25963,1.50953
1354.22014,1.50525
1352.18066,1.50185
1350.14117,1.49961
1348.10168,1.49970
1346.06219,1.50045
1344.02270,1.49959
1341.98322,1.49780
1339.94373,1.49870
1337.90424,1.50310
1335.86475,1.50655
1333.82526,1.50711
1331.78577,1.50642
1329.74629,1.50596
1327.70680,1.50631
1325.66731,1.50629
1323.62782,1.50487
1321.58833,1.50363
1319.54885,1.50201
1317.50936,1.49818
1315.46987,1.49349
1313.43038,1.48810
1311.39089,1.48174
1309.35140,1.47578
1307.31192,1.47078
1305.27243,1.46624
1303.23294,1.46028
1301.19345,1.45196
1299.15396,1.44369
1297.11448,1.43904
1295.07499,1.43917
1293.03550,1.44088
1290.99601,1.44111
1288.95652,1.44171
1286.91703,1.44342
1284.87755,1.44516
1282.83806,1.44817
1280.79857,1.45061
1278.75908,1.45001
1276.71959,1.45031
1274.68011,1.45388
1272.64062,1.45775
1270.60113,1.46187
1268.56164,1.46671
1266.52215,1.47016
1264.48266,1.47120
1262.44318,1.46897
1260.40369,1.46506
1258.36420,1.46215
1256.32471,1.46013
1254.28522,1.45998
1252.24574,1.46235
1250.20625,1.46512
1248.16676,1.46622
1246.12727,1.46341
1244.08778,1.45624
1242.04829,1.44909
1240.00881,1.44444
1237.96932,1.44111
1235.92983,1.43774
1233.89034,1.43094
1231.85085,1.42032
1229.81137,1.41048
1227.77188,1.40328
1225.73239,1.39783
1223.69290,1.39195
1221.65341,1.38370
1219.61392,1.37599
1217.57444,1.37125
1215.53495,1.36719
1213.49546,1.36358
1211.45597,1.36111
1209.41648,1.35873
1207.37700,1.35933
1205.33751,1.36260
1203.29802,1.36175
1201.25853,1.35671
1199.21904,1.35227
1197.17956,1.34867
1195.14007,1.34495
1193.10058,1.34443
1191.06109,1.34849
1189.02160,1.35288
1186.98211,1.35755
1184.94263,1.36800
1182.90314,1.38388
1180.86365,1.39873
1178.82416,1.41253
1176.78467,1.42829
1174.74519,1.44401
1172.70570,1.46110
1170.66621,1.48253
1168.62672,1.50388
1166.58723,1.51714
1164.54774,1.52248
1162.50826,1.52983
1160.46877,1.54043
1158.42928,1.54500
1156.38979,1.54226
1154.35030,1.53828
1152.31082,1.53371
1150.27133,1.52723
1148.23184,1.52191
1146.19235,1.51794
1144.15286,1.51291
1142.11337,1.51199
1140.07389,1.51993
1138.03440,1.52833
1135.99491,1.52963
1133.95542,1.53159
1131.91593,1.54201
1129.87645,1.55558
1127.83696,1.56140
1125.79747,1.56228
1123.75798,1.56680
1121.71849,1.57149
1119.67900,1.57309
1117.63952,1.57911
1115.60003,1.59278
1113.56054,1.60123
1111.52105,1.60068
1109.48156,1.60586
1107.44208,1.61799
1105.40259,1.62313
1103.36310,1.61778
1101.32361,1.60765
1099.28412,1.60177
1097.24463,1.60180
1095.20515,1.60436
1093.16566,1.60539
1091.12617,1.60454
1089.08668,1.60545
1087.04719,1.60508
1085.00771,1.60194
1082.96822,1.60106
1080.92873,1.60546
1078.88924,1.61305
1076.84975,1.61977
1074.81027,1.62397
1072.77078,1.62533
1070.73129,1.62521
1068.69180,1.62728
1066.65231,1.63368
1064.61282,1.63668
1062.57334,1.63063
1060.53385,1.62565
1058.49436,1.62808
1056.45487,1.62411
1054.41538,1.61165
1052.37590,1.60674
1050.33641,1.60785
1048.29692,1.60595
1046.25743,1.60549
1044.21794,1.60847
1042.17845,1.61055
1040.13897,1.61441
1038.09948,1.61910
1036.05999,1.61171
1034.02050,1.59027
1031.98101,1.56737
1029.94153,1.55247
1027.90204,1.54543
1025.86255,1.54007
1023.82306,1.53420
1021.78357,1.52886
1019.74408,1.51709
1017.70460,1.49941
1015.66511,1.48741
1013.62562,1.48213
1011.58613,1.47482
1009.54664,1.46153
1007.50716,1.44258
1005.46767,1.42213
1003.42818,1.40634
1001.38869,1.39528
999.34920,1.38608
997.30971,1.37611
995.27023,1.36327
993.23074,1.34972
991.19125,1.33731
989.15176,1.32391
987.11227,1.30901
985.07279,1.29471
983.03330,1.28037
980.99381,1.26570
978.95432,1.25325
976.91483,1.24388
974.87534,1.23688
972.83586,1.23111
970.79637,1.22444
968.75688,1.21870
966.71739,1.21722
964.67790,1.21869
962.63842,1.21881
960.59893,1.21571
958.55944,1.21151
956.51995,1.20603
954.48046,1.19764
952.44097,1.18705
950.40149,1.17616
948.36200,1.16621
946.32251,1.15661
944.28302,1.14774
942.24353,1.14065
940.20405,1.13496
938.16456,1.13012
936.12507,1.12645
934.08558,1.12492
932.04609,1.12551
930.00661,1.12617
927.96712,1.12591
925.92763,1.12654
923.88814,1.12967
921.84865,1.13483
919.80916,1.13898
917.76968,1.14142
915.73019,1.14480
913.69070,1.14910
911.65121,1.15381
909.61172,1.15746
907.57224,1.15862
905.53275,1.16114
903.49326,1.16694
901.45377,1.17285
899.41428,1.17600
897.37479,1.17613
895.33531,1.17529
893.29582,1.17289
891.25633,1.16813
889.21684,1.16289
887.17735,1.15622
885.13787,1.14933
883.09838,1.14648
881.05889,1.14773
879.01940,1.15091
876.97991,1.15365
874.94042,1.15436
872.90094,1.15423
870.86145,1.15451
868.82196,1.15481
866.78247,1.15777
864.74298,1.16596
862.70350,1.17414
860.66401,1.17860
858.62452,1.18291
856.58503,1.18770
854.54554,1.19063
852.50605,1.19222
850.46657,1.19529
848.42708,1.20080
846.38759,1.20769
844.34810,1.21645
842.30861,1.22679
840.26913,1.23648
838.22964,1.24477
836.19015,1.25292
834.15066,1.26033
832.11117,1.26316
830.07168,1.26369
828.03220,1.26873
825.99271,1.27648
823.95322,1.28176
821.91373,1.28805
819.87424,1.29949
817.83476,1.30955
815.79527,1.31472
813.75578,1.32213
811.71629,1.33090
809.67680,1.33358
807.63731,1.33152
805.59783,1.32839
803.55834,1.32753
801.51885,1.33170
799.47936,1.33820
797.43987,1.34603
795.40039,1.35386
793.36090,1.35754
791.32141,1.35813
789.28192,1.35869
787.24243,1.35992
785.20295,1.36366
783.16346,1.37057
781.12397,1.37671
779.08448,1.38260
777.04499,1.39100
775.00550,1.39319
772.96602,1.38580
770.92653,1.38294
768.88704,1.39011
766.84755,1.39723
764.80806,1.39689
762.76858,1.39315
760.72909,1.39530
758.68960,1.40277
756.65011,1.40636
754.61062,1.40691
752.57113,1.40929
750.53165,1.41169
748.49216,1.41336
746.45267,1.41325
744.41318,1.41218
742.37369,1.41731
740.33421,1.42935
738.29472,1.43867
736.25523,1.44316
734.21574,1.45006
732.17625,1.45727
730.13676,1.45780
728.09728,1.45515
726.05779,1.45840
724.01830,1.46756
721.97881,1.47763
719.93932,1.48937
717.89984,1.50206
715.86035,1.50536
713.82086,1.49227
711.78137,1.47399
709.74188,1.47240
707.70239,1.49385
705.66291,1.51730
703.62342,1.52078
701.58393,1.51152
699.54444,1.50810
697.50495,1.50934
695.46547,1.50788
693.42598,1.51117
691.38649,1.52012
689.34700,1.51817
687.30751,1.50465
685.26802,1.49917
683.22854,1.50705
681.18905,1.51743
679.14956,1.52403
677.11007,1.52813
675.07058,1.53031
673.03110,1.52964
670.99161,1.52367
668.95212,1.50996
666.91263,1.49999
664.87314,1.51011
662.83365,1.52368
660.79417,1.51857
658.75468,1.50605
656.71519,1.50587
654.67570,1.51298
652.63621,1.52250
650.59673,1.54031
648.55724,1.55295
646.51775,1.54508
644.47826,1.53437
642.43877,1.53571
640.39929,1.53591
638.35980,1.52685
636.32031,1.52010
634.28082,1.52751
632.24133,1.54304
630.20184,1.55124
628.16236,1.55466
626.12287,1.56752
624.08338,1.56912
622.04389,1.54384
620.00440,1.53185
617.96492,1.54578
615.92543,1.57019
613.88594,1.59487
611.84645,1.59617
609.80696,1.58770
607.76747,1.57647
605.72799,1.57453
603.68850,1.59671
601.64901,1.62033
599.60952,1.60220
597.57003,1.55335
595.53055,1.52359
593.49106,1.52963
591.45157,1.55426
589.41208,1.58874
587.37259,1.60956
585.33310,1.59383
583.29362,1.56174
581.25413,1.53404
579.21464,1.52422
577.17515,1.53137
575.13566,1.54512
573.09618,1.55431
571.05669,1.55141
569.01720,1.50050
566.97771,1.40326
564.93822,1.35849
562.89873,1.40751
560.85925,1.49609
558.81976,1.54630
556.78027,1.56344
554.74078,1.55582
552.70129,1.52871
550.66181,1.53352
548.62232,1.53462
546.58283,1.50068
544.54334,1.47731
542.50385,1.47844
540.46436,1.47442
538.42488,1.46553
536.38539,1.50556
534.34590,1.59566
532.30641,1.67436
530.26692,1.55212
528.22744,1.39424
526.18795,1.31390
524.14846,1.32011
522.10897,1.36556
520.06948,1.43948
518.02999,1.48923
515.99051,1.53549
513.95102,1.56907
511.91153,1.46733
509.87204,1.42735
507.83255,1.55230
505.79307,1.61985
503.75358,1.50826
501.71409,1.37818
499.67460,1.37704
