3997.39681,0.29957
3995.35732,0.29925
3993.31783,0.29911
3991.27835,0.29896
3989.23886,0.29871
3987.19937,0.29847
3985.15988,0.29792
3983.12039,0.29707
3981.08091,0.29660
3979.04142,0.29673
3977.00193,0.29683
3974.96244,0.29646
3972.92295,0.29570
3970.88346,0.29479
3968.84398,0.29397
3966.80449,0.29339
3964.76500,0.29283
3962.72551,0.29211
3960.68602,0.29141
3958.64654,0.29079
3956.60705,0.29036
3954.56756,0.29026
3952.52807,0.28993
3950.48858,0.28901
3948.44909,0.28823
3946.40961,0.28782
3944.37012,0.28701
3942.33063,0.28601
3940.29114,0.28522
3938.25165,0.28437
3936.21217,0.28368
3934.17268,0.28316
3932.13319,0.28265
3930.09370,0.28214
3928.05421,0.28132
3926.01473,0.28025
3923.97524,0.27956
3921.93575,0.27887
3919.89626,0.27764
3917.85677,0.27639
3915.81728,0.27552
3913.77780,0.27473
3911.73831,0.27388
3909.69882,0.27314
3907.65933,0.27231
3905.61984,0.27145
3903.58036,0.27099
3901.54087,0.27039
3899.50138,0.26930
3897.46189,0.26851
3895.42240,0.26772
3893.38291,0.26659
3891.34343,0.26627
3889.30394,0.26657
3887.26445,0.26588
3885.22496,0.26513
3883.18547,0.26448
3881.14599,0.26307
3879.10650,0.26257
3877.06701,0.26230
3875.02752,0.26112
3872.98803,0.26004
3870.94854,0.25941
3868.90906,0.25999
3866.86957,0.26035
3864.83008,0.25918
3862.79059,0.25848
3860.75110,0.25876
3858.71162,0.25869
3856.67213,0.25663
3854.63264,0.25344
3852.59315,0.25350
3850.55366,0.25587
3848.51417,0.25655
3846.47469,0.25588
3844.43520,0.25572
3842.39571,0.25629
3840.35622,0.25607
3838.31673,0.25519
3836.27725,0.25491
3834.23776,0.25459
3832.19827,0.25415
3830.15878,0.25444
3828.11929,0.25512
3826.07980,0.25599
3824.04032,0.25607
3822.00083,0.25515
3819.96134,0.25530
3817.92185,0.25471
3815.88236,0.25373
3813.84288,0.25518
3811.80339,0.25683
3809.76390,0.25678
3807.72441,0.25648
3805.68492,0.25726
3803.64543,0.25707
3801.60595,0.25673
3799.56646,0.25832
3797.52697,0.25925
3795.48748,0.25970
3793.44799,0.26069
3791.40851,0.26138
3789.36902,0.26180
3787.32953,0.26234
3785.29004,0.26342
3783.25055,0.26477
3781.21107,0.26535
3779.17158,0.26587
3777.13209,0.26704
3775.09260,0.26804
3773.05311,0.26874
3771.01362,0.26965
3768.97414,0.27125
3766.93465,0.27283
3764.89516,0.27425
3762.85567,0.27556
3760.81618,0.27621
3758.77670,0.27756
3756.73721,0.27966
3754.69772,0.28035
3752.65823,0.28005
3750.61874,0.28214
3748.57925,0.28612
3746.53977,0.28738
3744.50028,0.28823
3742.46079,0.29245
3740.42130,0.29630
3738.38181,0.29780
3736.34233,0.29864
3734.30284,0.30026
3732.26335,0.30314
3730.22386,0.30656
3728.18437,0.30940
3726.14488,0.31246
3724.10540,0.31609
3722.06591,0.31923
3720.02642,0.32268
3717.98693,0.32729
3715.94744,0.33206
3713.90796,0.33626
3711.86847,0.34231
3709.82898,0.35190
3707.78949,0.36187
3705.75000,0.37046
3703.71051,0.37971
3701.67103,0.39201
3699.63154,0.40605
3697.59205,0.41825
3695.55256,0.42722
3693.51307,0.43288
3691.47359,0.43611
3689.43410,0.43884
3687.39461,0.44208
3685.35512,0.44587
3683.31563,0.45108
3681.27614,0.45838
3679.23666,0.46668
3677.19717,0.47631
3675.15768,0.49074
3673.11819,0.50691
3671.07870,0.52036
3669.03922,0.53476
3666.99973,0.54951
3664.96024,0.56246
3662.92075,0.57579
3660.88126,0.58993
3658.84177,0.60414
3656.80229,0.62001
3654.76280,0.63665
3652.72331,0.65054
3650.68382,0.66467
3648.64433,0.68244
3646.60485,0.69871
3644.56536,0.71108
3642.52587,0.72251
3640.48638,0.73487
3638.44689,0.74823
3636.40741,0.76260
3634.36792,0.77770
3632.32843,0.79242
3630.28894,0.80717
3628.24945,0.82418
3626.20996,0.84050
3624.17048,0.85363
3622.13099,0.86578
3620.09150,0.87898
3618.05201,0.89294
3616.01252,0.90450
3613.97304,0.91238
3611.93355,0.91896
3609.89406,0.92651
3607.85457,0.93642
3605.81508,0.94793
3603.77559,0.95875
3601.73611,0.96880
3599.69662,0.97896
3597.65713,0.98953
3595.61764,1.00047
3593.57815,1.01096
3591.53867,1.01968
3589.49918,1.02790
3587.45969,1.03892
3585.42020,1.05161
3583.38071,1.06267
3581.34122,1.07190
3579.30174,1.08007
3577.26225,1.08829
3575.22276,1.09755
3573.18327,1.10754
3571.14378,1.11763
3569.10430,1.12748
3567.06481,1.13713
3565.02532,1.14630
3562.98583,1.15451
3560.94634,1.16190
3558.90685,1.16835
3556.86737,1.17444
3554.82788,1.18235
3552.78839,1.19308
3550.74890,1.20491
3548.70941,1.21566
3546.66993,1.22368
3544.63044,1.22978
3542.59095,1.23782
3540.55146,1.24737
3538.51197,1.25382
3536.47248,1.25682
3534.43300,1.26076
3532.39351,1.26915
3530.35402,1.28035
3528.31453,1.28890
3526.27504,1.29365
3524.23556,1.29790
3522.19607,1.30343
3520.15658,1.30963
3518.11709,1.31476
3516.07760,1.31979
3514.03811,1.32661
3511.99863,1.33362
3509.95914,1.33944
3507.91965,1.34495
3505.88016,1.35204
3503.84067,1.36103
3501.80119,1.36825
3499.76170,1.37287
3497.72221,1.37678
3495.68272,1.38028
3493.64323,1.38540
3491.60375,1.39094
3489.56426,1.39398
3487.52477,1.39838
3485.48528,1.40628
3483.44579,1.41058
3481.40630,1.40931
3479.36682,1.41218
3477.32733,1.42073
3475.28784,1.42477
3473.24835,1.42368
3471.20886,1.42528
3469.16938,1.42992
3467.12989,1.43499
3465.09040,1.44015
3463.05091,1.44421
3461.01142,1.44867
3458.97193,1.45306
3456.93245,1.45164
3454.89296,1.44662
3452.85347,1.44825
3450.81398,1.45645
3448.77449,1.45985
3446.73501,1.45754
3444.69552,1.45914
3442.65603,1.46597
3440.61654,1.47168
3438.57705,1.47446
3436.53756,1.47923
3434.49808,1.48467
3432.45859,1.48504
3430.41910,1.48345
3428.37961,1.48395
3426.34012,1.48204
3424.30064,1.47870
3422.26115,1.48236
3420.22166,1.49550
3418.18217,1.50754
3416.14268,1.50918
3414.10319,1.50888
3412.06371,1.51213
3410.02422,1.51248
3407.98473,1.50932
3405.94524,1.50677
3403.90575,1.50700
3401.86627,1.51156
3399.82678,1.51650
3397.78729,1.51650
3395.74780,1.51621
3393.70831,1.51805
3391.66882,1.51576
3389.62934,1.51116
3387.58985,1.51132
3385.55036,1.51381
3383.51087,1.51413
3381.47138,1.51393
3379.43190,1.51707
3377.39241,1.52285
3375.35292,1.52533
3373.31343,1.52510
3371.27394,1.52642
3369.23446,1.52738
3367.19497,1.52622
3365.15548,1.52534
3363.11599,1.52677
3361.07650,1.53002
3359.03701,1.53340
3356.99753,1.53525
3354.95804,1.53523
3352.91855,1.53455
3350.87906,1.53522
3348.83957,1.53898
3346.80009,1.54353
3344.76060,1.54225
3342.72111,1.53495
3340.68162,1.53102
3338.64213,1.53265
3336.60264,1.53318
3334.56316,1.53200
3332.52367,1.53324
3330.48418,1.53481
3328.44469,1.53073
3326.40520,1.52382
3324.36572,1.52155
3322.32623,1.52305
3320.28674,1.52533
3318.24725,1.52713
3316.20776,1.52632
3314.16827,1.52570
3312.12879,1.52599
3310.08930,1.52453
3308.04981,1.52393
3306.01032,1.52454
3303.97083,1.52376
3301.93135,1.52229
3299.89186,1.52181
3297.85237,1.52273
3295.81288,1.52455
3293.77339,1.52552
3291.73390,1.52160
3289.69442,1.51479
3287.65493,1.51160
3285.61544,1.50867
3283.57595,1.50192
3281.53646,1.49785
3279.49698,1.49907
3277.45749,1.49768
3275.41800,1.49111
3273.37851,1.48739
3271.33902,1.49021
3269.29953,1.49428
3267.26005,1.49209
3265.22056,1.48344
3263.18107,1.47770
3261.14158,1.47851
3259.10209,1.47751
3257.06261,1.46960
3255.02312,1.46092
3252.98363,1.45772
3250.94414,1.45824
3248.90465,1.45748
3246.86516,1.45218
3244.82568,1.44234
3242.78619,1.43267
3240.74670,1.42796
3238.70721,1.42969
3236.66772,1.43545
3234.62824,1.43744
3232.58875,1.43092
3230.54926,1.42203
3228.50977,1.41749
3226.47028,1.41762
3224.43080,1.41942
3222.39131,1.41890
3220.35182,1.41587
3218.31233,1.41255
3216.27284,1.40797
3214.23335,1.40261
3212.19387,1.39817
3210.15438,1.39384
3208.11489,1.39119
3206.07540,1.39017
3204.03591,1.38679
3201.99643,1.38194
3199.95694,1.37789
3197.91745,1.37422
3195.87796,1.37179
3193.83847,1.37043
3191.79898,1.36837
3189.75950,1.36551
3187.72001,1.36224
3185.68052,1.35855
3183.64103,1.35383
3181.60154,1.34843
3179.56206,1.34372
3177.52257,1.33959
3175.48308,1.33685
3173.44359,1.33602
3171.40410,1.33418
3169.36461,1.32949
3167.32513,1.32377
3165.28564,1.31812
3163.24615,1.31265
3161.20666,1.30939
3159.16717,1.30785
3157.12769,1.30570
3155.08820,1.30364
3153.04871,1.30170
3151.00922,1.29840
3148.96973,1.29459
3146.93024,1.29127
3144.89076,1.28655
3142.85127,1.28036
3140.81178,1.27549
3138.77229,1.27326
3136.73280,1.27267
3134.69332,1.27145
3132.65383,1.26836
3130.61434,1.26444
3128.57485,1.26044
3126.53536,1.25676
3124.49587,1.25444
3122.45639,1.25222
3120.41690,1.24803
3118.37741,1.24327
3116.33792,1.23973
3114.29843,1.23787
3112.25895,1.23758
3110.21946,1.23646
3108.17997,1.23316
3106.14048,1.23010
3104.10099,1.22855
3102.06150,1.22736
3100.02202,1.22560
3097.98253,1.22269
3095.94304,1.21922
3093.90355,1.21620
3091.86406,1.21472
3089.82458,1.21578
3087.78509,1.21656
3085.74560,1.21407
3083.70611,1.20978
3081.66662,1.20552
3079.62714,1.20163
3077.58765,1.19866
3075.54816,1.19668
3073.50867,1.19527
3071.46918,1.19386
3069.42969,1.19147
3067.39021,1.18863
3065.35072,1.18666
3063.31123,1.18452
3061.27174,1.18128
3059.23225,1.17810
3057.19277,1.17506
3055.15328,1.17151
3053.11379,1.16831
3051.07430,1.16609
3049.03481,1.16396
3046.99532,1.16087
3044.95584,1.15723
3042.91635,1.15380
3040.87686,1.14976
3038.83737,1.14502
3036.79788,1.14212
3034.75840,1.14118
3032.71891,1.13929
3030.67942,1.13581
3028.63993,1.13212
3026.60044,1.12934
3024.56095,1.12700
3022.52147,1.12447
3020.48198,1.12322
3018.44249,1.12396
3016.40300,1.12457
3014.36351,1.12325
3012.32403,1.12030
3010.28454,1.11602
3008.24505,1.11164
3006.20556,1.10994
3004.16607,1.11111
3002.12658,1.11257
3000.08710,1.11355
2998.04761,1.11472
2996.00812,1.11547
2993.96863,1.11681
2991.92914,1.12081
2989.88966,1.12681
2987.85017,1.13289
2985.81068,1.13862
2983.77119,1.14391
2981.73170,1.14908
2979.69221,1.15545
2977.65273,1.16332
2975.61324,1.17144
2973.57375,1.17979
2971.53426,1.18871
2969.49477,1.19646
2967.45529,1.20364
2965.41580,1.21249
2963.37631,1.22141
2961.33682,1.22715
2959.29733,1.22881
2957.25784,1.22998
2955.21836,1.23280
2953.17887,1.23409
2951.13938,1.23473
2949.09989,1.23825
2947.06040,1.24436
2945.02092,1.25361
2942.98143,1.26337
2940.94194,1.26831
2938.90245,1.27220
2936.86296,1.28000
2934.82348,1.28845
2932.78399,1.29341
2930.74450,1.29582
2928.70501,1.29887
2926.66552,1.30187
2924.62603,1.30246
2922.58655,1.30084
2920.54706,1.29754
2918.50757,1.29199
2916.46808,1.28209
2914.42859,1.26729
2912.38911,1.25052
2910.34962,1.23538
2908.31013,1.22450
2906.27064,1.21747
2904.23115,1.21142
2902.19166,1.20534
2900.15218,1.20038
2898.11269,1.19565
2896.07320,1.18962
2894.03371,1.18397
2891.99422,1.17987
2889.95474,1.17515
2887.91525,1.16980
2885.87576,1.16659
2883.83627,1.16468
2881.79678,1.16166
2879.75729,1.15759
2877.71781,1.15453
2875.67832,1.15368
2873.63883,1.15219
2871.59934,1.14802
2869.55985,1.14310
2867.52037,1.13866
2865.48088,1.13428
2863.44139,1.13141
2861.40190,1.13208
2859.36241,1.13500
2857.32292,1.13772
2855.28344,1.13948
2853.24395,1.14090
2851.20446,1.14039
2849.16497,1.13199
2847.12548,1.11257
2845.08600,1.08624
2843.04651,1.06107
2841.00702,1.04330
2838.96753,1.03217
2836.92804,1.02386
2834.88855,1.01627
2832.84907,1.00874
2830.80958,1.00209
2828.77009,0.99585
2826.73060,0.98916
2824.69111,0.98345
2822.65163,0.97889
2820.61214,0.97421
2818.57265,0.96960
2816.53316,0.96529
2814.49367,0.96081
2812.45418,0.95666
2810.41470,0.95397
2808.37521,0.95140
2806.33572,0.94713
2804.29623,0.94291
2802.25674,0.94027
2800.21726,0.93783
2798.17777,0.93479
2796.13828,0.93150
2794.09879,0.92838
2792.05930,0.92560
2790.01982,0.92312
2787.98033,0.92070
2785.94084,0.91834
2783.90135,0.91631
2781.86186,0.91420
2779.82237,0.91175
2777.78289,0.90997
2775.74340,0.90856
2773.70391,0.90604
2771.66442,0.90317
2769.62493,0.90086
2767.58545,0.89840
2765.54596,0.89614
2763.50647,0.89455
2761.46698,0.89337
2759.42749,0.89264
2757.38800,0.89194
2755.34852,0.89030
2753.30903,0.88825
2751.26954,0.88693
2749.23005,0.88576
2747.19056,0.88371
2745.15108,0.88127
2743.11159,0.87981
2741.07210,0.87918
2739.03261,0.87796
2736.99312,0.87596
2734.95363,0.87429
2732.91415,0.87317
2730.87466,0.87151
2728.83517,0.86925
2726.79568,0.86766
2724.75619,0.86611
2722.71671,0.86321
2720.67722,0.86002
2718.63773,0.85769
2716.59824,0.85575
2714.55875,0.85396
2712.51926,0.85220
2710.47978,0.85013
2708.44029,0.84783
2706.40080,0.84530
2704.36131,0.84285
2702.32182,0.84068
2700.28234,0.83832
2698.24285,0.83592
2696.20336,0.83380
2694.16387,0.83169
2692.12438,0.82931
2690.08489,0.82700
2688.04541,0.82513
2686.00592,0.82310
2683.96643,0.82059
2681.92694,0.81842
2679.88745,0.81685
2677.84797,0.81490
2675.80848,0.81199
2673.76899,0.80877
2671.72950,0.80563
2669.69001,0.80286
2667.65052,0.80105
2665.61104,0.79958
2663.57155,0.79767
2661.53206,0.79545
2659.49257,0.79287
2657.45308,0.78995
2655.41360,0.78682
2653.37411,0.78377
2651.33462,0.78119
2649.29513,0.77925
2647.25564,0.77783
2645.21616,0.77614
2643.17667,0.77346
2641.13718,0.77016
2639.09769,0.76746
2637.05820,0.76559
2635.01871,0.76375
2632.97923,0.76158
2630.93974,0.75894
2628.90025,0.75628
2626.86076,0.75410
2624.82127,0.75227
2622.78179,0.75061
2620.74230,0.74883
2618.70281,0.74715
2616.66332,0.74564
2614.62383,0.74344
2612.58434,0.74036
2610.54486,0.73783
2608.50537,0.73618
2606.46588,0.73430
2604.42639,0.73235
2602.38690,0.73071
2600.34742,0.72896
2598.30793,0.72697
2596.26844,0.72474
2594.22895,0.72281
2592.18946,0.72160
2590.14997,0.72033
2588.11049,0.71811
2586.07100,0.71571
2584.03151,0.71413
2581.99202,0.71270
2579.95253,0.71125
2577.91305,0.71036
2575.87356,0.70925
2573.83407,0.70735
2571.79458,0.70504
2569.75509,0.70286
2567.71560,0.70120
2565.67612,0.69985
2563.63663,0.69846
2561.59714,0.69702
2559.55765,0.69595
2557.51816,0.69513
2555.47868,0.69383
2553.43919,0.69197
2551.39970,0.68992
2549.36021,0.68784
2547.32072,0.68600
2545.28123,0.68467
2543.24175,0.68365
2541.20226,0.68263
2539.16277,0.68124
2537.12328,0.67930
2535.08379,0.67733
2533.04431,0.67587
2531.00482,0.67452
2528.96533,0.67297
2526.92584,0.67141
2524.88635,0.66982
2522.84686,0.66797
2520.80738,0.66603
2518.76789,0.66419
2516.72840,0.66251
2514.68891,0.66104
2512.64942,0.65959
2510.60994,0.65820
2508.57045,0.65703
2506.53096,0.65553
2504.49147,0.65328
2502.45198,0.65113
2500.41250,0.64976
2498.37301,0.64860
2496.33352,0.64687
2494.29403,0.64439
2492.25454,0.64209
2490.21505,0.64056
2488.17557,0.63898
2486.13608,0.63688
2484.09659,0.63472
2482.05710,0.63283
2480.01761,0.63104
2477.97813,0.62920
2475.93864,0.62738
2473.89915,0.62545
2471.85966,0.62339
2469.82017,0.62163
2467.78068,0.62002
2465.74120,0.61802
2463.70171,0.61596
2461.66222,0.61418
2459.62273,0.61233
2457.58324,0.61053
2455.54376,0.60921
2453.50427,0.60776
2451.46478,0.60602
2449.42529,0.60460
2447.38580,0.60338
2445.34631,0.60198
2443.30683,0.60034
2441.26734,0.59841
2439.22785,0.59641
2437.18836,0.59497
2435.14887,0.59381
2433.10939,0.59199
2431.06990,0.59006
2429.03041,0.58881
2426.99092,0.58726
2424.95143,0.58490
2422.91194,0.58288
2420.87246,0.58160
2418.83297,0.58042
2416.79348,0.57909
2414.75399,0.57749
2412.71450,0.57564
2410.67502,0.57402
2408.63553,0.57262
2406.59604,0.57086
2404.55655,0.56913
2402.51706,0.56823
2400.47757,0.56761
2398.43809,0.56645
2396.39860,0.56508
2394.35911,0.56372
2392.31962,0.56254
2390.28013,0.56148
2388.24065,0.56042
2386.20116,0.55968
2384.16167,0.55967
2382.12218,0.56016
2380.08269,0.56058
2378.04320,0.56064
2376.00372,0.56048
2373.96423,0.56042
2371.92474,0.56045
2369.88525,0.56018
2367.84576,0.55978
2365.80628,0.56027
2363.76679,0.56127
2361.72730,0.56031
2359.68781,0.55703
2357.64832,0.55429
2355.60884,0.55342
2353.56935,0.55306
2351.52986,0.55261
2349.49037,0.55165
2347.45088,0.54930
2345.41139,0.54663
2343.37191,0.54556
2341.33242,0.54608
2339.29293,0.54659
2337.25344,0.54582
2335.21395,0.54378
2333.17447,0.54174
2331.13498,0.54065
2329.09549,0.54059
2327.05600,0.54055
2325.01651,0.53894
2322.97702,0.53592
2320.93754,0.53338
2318.89805,0.53214
2316.85856,0.53151
2314.81907,0.53114
2312.77958,0.53109
2310.74010,0.53091
2308.70061,0.53011
2306.66112,0.52880
2304.62163,0.52731
2302.58214,0.52593
2300.54265,0.52469
2298.50317,0.52342
2296.46368,0.52237
2294.42419,0.52209
2292.38470,0.52230
2290.34521,0.52224
2288.30573,0.52189
2286.26624,0.52152
2284.22675,0.52091
2282.18726,0.51995
2280.14777,0.51897
2278.10828,0.51841
2276.06880,0.51835
2274.02931,0.51866
2271.98982,0.51897
2269.95033,0.51882
2267.91084,0.51805
2265.87136,0.51728
2263.83187,0.51718
2261.79238,0.51739
2259.75289,0.51731
2257.71340,0.51716
2255.67391,0.51728
2253.63443,0.51724
2251.59494,0.51672
2249.55545,0.51630
2247.51596,0.51649
2245.47647,0.51716
2243.43699,0.51766
2241.39750,0.51777
2239.35801,0.51793
2237.31852,0.51812
2235.27903,0.51797
2233.23954,0.51773
2231.20006,0.51796
2229.16057,0.51840
2227.12108,0.51860
2225.08159,0.51876
2223.04210,0.51886
2221.00262,0.51880
2218.96313,0.51900
2216.92364,0.51952
2214.88415,0.52016
2212.84466,0.52058
2210.80518,0.52084
2208.76569,0.52134
2206.72620,0.52177
2204.68671,0.52185
2202.64722,0.52174
2200.60773,0.52161
2198.56825,0.52178
2196.52876,0.52235
2194.48927,0.52301
2192.44978,0.52363
2190.41029,0.52423
2188.37081,0.52464
2186.33132,0.52481
2184.29183,0.52513
2182.25234,0.52585
2180.21285,0.52657
2178.17336,0.52706
2176.13388,0.52760
2174.09439,0.52815
2172.05490,0.52873
2170.01541,0.52942
2167.97592,0.52988
2165.93644,0.53007
2163.89695,0.53041
2161.85746,0.53112
2159.81797,0.53177
2157.77848,0.53200
2155.73899,0.53207
2153.69951,0.53221
2151.66002,0.53243
2149.62053,0.53266
2147.58104,0.53279
2145.54155,0.53274
2143.50207,0.53248
2141.46258,0.53193
2139.42309,0.53151
2137.38360,0.53176
2135.34411,0.53217
2133.30462,0.53202
2131.26514,0.53154
2129.22565,0.53113
2127.18616,0.53060
2125.14667,0.53007
2123.10718,0.52999
2121.06770,0.53005
2119.02821,0.52977
2116.98872,0.52931
2114.94923,0.52882
2112.90974,0.52818
2110.87025,0.52730
2108.83077,0.52658
2106.79128,0.52619
2104.75179,0.52573
2102.71230,0.52522
2100.67281,0.52481
2098.63333,0.52441
2096.59384,0.52410
2094.55435,0.52362
2092.51486,0.52291
2090.47537,0.52223
2088.43588,0.52155
2086.39640,0.52075
2084.35691,0.52020
2082.31742,0.51998
2080.27793,0.51987
2078.23844,0.51978
2076.19896,0.51955
2074.15947,0.51898
2072.11998,0.51821
2070.08049,0.51771
2068.04100,0.51755
2066.00152,0.51747
2063.96203,0.51722
2061.92254,0.51656
2059.88305,0.51577
2057.84356,0.51541
2055.80407,0.51518
2053.76459,0.51459
2051.72510,0.51383
2049.68561,0.51324
2047.64612,0.51292
2045.60663,0.51281
2043.56715,0.51270
2041.52766,0.51221
2039.48817,0.51133
2037.44868,0.51041
2035.40919,0.50953
2033.36970,0.50873
2031.33022,0.50800
2029.29073,0.50708
2027.25124,0.50590
2025.21175,0.50474
2023.17226,0.50398
2021.13278,0.50355
2019.09329,0.50295
2017.05380,0.50185
2015.01431,0.50046
2012.97482,0.49924
2010.93533,0.49838
2008.89585,0.49773
2006.85636,0.49711
2004.81687,0.49652
2002.77738,0.49612
2000.73789,0.49594
1998.69841,0.49570
1996.65892,0.49533
1994.61943,0.49512
1992.57994,0.49510
1990.54045,0.49501
1988.50096,0.49445
1986.46148,0.49372
1984.42199,0.49336
1982.38250,0.49320
1980.34301,0.49285
1978.30352,0.49256
1976.26404,0.49270
1974.22455,0.49327
1972.18506,0.49397
1970.14557,0.49444
1968.10608,0.49475
1966.06659,0.49484
1964.02711,0.49456
1961.98762,0.49425
1959.94813,0.49416
1957.90864,0.49425
1955.86915,0.49466
1953.82967,0.49519
1951.79018,0.49547
1949.75069,0.49562
1947.71120,0.49599
1945.67171,0.49659
1943.63222,0.49687
1941.59274,0.49669
1939.55325,0.49632
1937.51376,0.49603
1935.47427,0.49599
1933.43478,0.49620
1931.39530,0.49661
1929.35581,0.49708
1927.31632,0.49781
1925.27683,0.49891
1923.23734,0.49997
1921.19786,0.50050
1919.15837,0.50064
1917.11888,0.50109
1915.07939,0.50171
1913.03990,0.50219
1911.00041,0.50279
1908.96093,0.50347
1906.92144,0.50410
1904.88195,0.50456
1902.84246,0.50491
1900.80297,0.50538
1898.76349,0.50604
1896.72400,0.50678
1894.68451,0.50769
1892.64502,0.50862
1890.60553,0.50926
1888.56604,0.50961
1886.52656,0.50972
1884.48707,0.51001
1882.44758,0.51087
1880.40809,0.51194
1878.36860,0.51289
1876.32912,0.51382
1874.28963,0.51517
1872.25014,0.51691
1870.21065,0.51838
1868.17116,0.51941
1866.13167,0.52001
1864.09219,0.52033
1862.05270,0.52083
1860.01321,0.52166
1857.97372,0.52272
1855.93423,0.52408
1853.89475,0.52566
1851.85526,0.52740
1849.81577,0.52958
1847.77628,0.53231
1845.73679,0.53486
1843.69730,0.53672
1841.65782,0.53806
1839.61833,0.53937
1837.57884,0.54144
1835.53935,0.54423
1833.49986,0.54725
1831.46038,0.55059
1829.42089,0.55459
1827.38140,0.55836
1825.34191,0.56115
1823.30242,0.56389
1821.26293,0.56702
1819.22345,0.57062
1817.18396,0.57480
1815.14447,0.57964
1813.10498,0.58503
1811.06549,0.59074
1809.02601,0.59670
1806.98652,0.60285
1804.94703,0.60947
1802.90754,0.61696
1800.86805,0.62539
1798.82856,0.63409
1796.78908,0.64251
1794.74959,0.65120
1792.71010,0.66146
1790.67061,0.67288
1788.63112,0.68320
1786.59164,0.69286
1784.55215,0.70385
1782.51266,0.71603
1780.47317,0.72878
1778.43368,0.74166
1776.39420,0.75427
1774.35471,0.76851
1772.31522,0.78658
1770.27573,0.80624
1768.23624,0.82540
1766.19675,0.84583
1764.15727,0.86848
1762.11778,0.89521
1760.07829,0.92552
1758.03880,0.95599
1755.99931,0.98576
1753.95983,1.01370
1751.92034,1.04352
1749.88085,1.07967
1747.84136,1.11603
1745.80187,1.14610
1743.76238,1.17123
1741.72290,1.19413
1739.68341,1.21595
1737.64392,1.23419
1735.60443,1.24615
1733.56494,1.25389
1731.52546,1.25801
1729.48597,1.25758
1727.44648,1.25526
1725.40699,1.25412
1723.36750,1.25561
1721.32801,1.25876
1719.28853,1.26101
1717.24904,1.26300
1715.20955,1.26721
1713.17006,1.27327
1711.13057,1.28047
1709.09109,1.28977
1707.05160,1.30199
1705.01211,1.31675
1702.97262,1.33318
1700.93313,1.35526
1698.89364,1.38592
1696.85416,1.41570
1694.81467,1.44018
1692.77518,1.45959
1690.73569,1.47799
1688.69620,1.49928
1686.65672,1.52133
1684.61723,1.54485
1682.57774,1.56857
1680.53825,1.58508
1678.49876,1.59618
1676.45927,1.60899
1674.41979,1.62658
1672.38030,1.64259
1670.34081,1.65195
1668.30132,1.65882
1666.26183,1.66544
1664.22235,1.67249
1662.18286,1.68114
1660.14337,1.68928
1658.10388,1.69522
1656.06439,1.69931
1654.02490,1.69990
1651.98542,1.69404
1649.94593,1.68582
1647.90644,1.67968
1645.86695,1.67704
1643.82746,1.67574
1641.78798,1.67298
1639.74849,1.66897
1637.70900,1.66592
1635.66951,1.66779
1633.63002,1.67266
1631.59054,1.67245
1629.55105,1.66614
1627.51156,1.65806
1625.47207,1.65224
1623.43258,1.65081
1621.39309,1.65095
1619.35361,1.64748
1617.31412,1.63910
1615.27463,1.63028
1613.23514,1.62734
1611.19565,1.62983
1609.15617,1.63175
1607.11668,1.62841
1605.07719,1.62252
1603.03770,1.61801
1600.99821,1.61319
1598.95872,1.60454
1596.91924,1.59318
1594.87975,1.58417
1592.84026,1.57859
1590.80077,1.57219
1588.76128,1.56448
1586.72180,1.55941
1584.68231,1.55602
1582.64282,1.54937
1580.60333,1.53878
1578.56384,1.52687
1576.52435,1.51770
1574.48487,1.51475
1572.44538,1.51122
1570.40589,1.50186
1568.36640,1.49277
1566.32691,1.48869
1564.28743,1.48578
1562.24794,1.47702
1560.20845,1.46172
1558.16896,1.45322
1556.12947,1.45619
1554.08998,1.45868
1552.05050,1.45826
1550.01101,1.45771
1547.97152,1.45775
1545.93203,1.45617
1543.89254,1.45032
1541.85306,1.43983
1539.81357,1.43094
1537.77408,1.42798
1535.73459,1.42367
1533.69510,1.41736
1531.65561,1.41437
1529.61613,1.41275
1527.57664,1.41009
1525.53715,1.40691
1523.49766,1.40077
1521.45817,1.39135
1519.41869,1.38345
1517.37920,1.37860
1515.33971,1.37545
1513.30022,1.37186
1511.26073,1.36594
1509.22124,1.35561
1507.18176,1.34012
1505.14227,1.32756
1503.10278,1.32143
1501.06329,1.31517
1499.02380,1.30563
1496.98432,1.29602
1494.94483,1.29088
1492.90534,1.28866
1490.86585,1.28591
1488.82636,1.28362
1486.78688,1.28430
1484.74739,1.28834
1482.70790,1.29549
1480.66841,1.30666
1478.62892,1.32223
1476.58943,1.34087
1474.54995,1.36156
1472.51046,1.38458
1470.47097,1.40638
1468.43148,1.42169
1466.39199,1.43261
1464.35251,1.44322
1462.31302,1.45169
1460.27353,1.45679
1458.23404,1.46323
1456.19455,1.47378
1454.15506,1.48409
1452.11558,1.49154
1450.07609,1.49613
1448.03660,1.49916
1445.99711,1.50359
1443.95762,1.50934
1441.91814,1.51431
1439.87865,1.51769
1437.83916,1.51993
1435.79967,1.52504
1433.76018,1.53367
1431.72069,1.53962
1429.68121,1.54196
1427.64172,1.54629
1425.60223,1.55230
1423.56274,1.55382
1421.52325,1.55012
1419.48377,1.54746
1417.44428,1.54886
1415.40479,1.54981
1413.36530,1.54895
1411.32581,1.55010
1409.28632,1.55524
1407.24684,1.55962
1405.20735,1.55696
1403.16786,1.54992
1401.12837,1.54479
1399.08888,1.54309
1397.04940,1.54482
1395.00991,1.54829
1392.97042,1.54955
1390.93093,1.54677
1388.89144,1.54339
1386.85195,1.54323
1384.81247,1.54340
1382.77298,1.53959
1380.73349,1.53340
1378.69400,1.52905
1376.65451,1.52796
1374.61503,1.52750
1372.57554,1.52470
1370.53605,1.52015
1368.49656,1.51500
1366.45707,1.50837
1364.41758,1.49948
1362.37810,1.49069
1360.33861,1.48501
1358.29912,1.48031
1356.25963,1.47371
1354.22014,1.46718
1352.18066,1.46385
1350.14117,1.46325
1348.10168,1.46332
1346.06219,1.46338
1344.02270,1.46372
1341.98322,1.46414
1339.94373,1.46263
1337.90424,1.45831
1335.86475,1.45438
1333.82526,1.45269
1331.78577,1.45242
1329.74629,1.45222
1327.70680,1.45104
1325.66731,1.44981
1323.62782,1.44876
1321.58833,1.44678
1319.54885,1.44256
1317.50936,1.43598
1315.46987,1.43084
1313.43038,1.42851
1311.39089,1.42559
1309.35140,1.42017
1307.31192,1.41320
1305.27243,1.40693
1303.23294,1.40113
1301.19345,1.39360
1299.15396,1.38830
1297.11448,1.38903
1295.07499,1.39139
1293.03550,1.39215
1290.99601,1.39316
1288.95652,1.39509
1286.91703,1.39640
1284.87755,1.39689
1282.83806,1.39825
1280.79857,1.40108
1278.75908,1.40387
1276.71959,1.40499
1274.68011,1.40469
1272.64062,1.40651
1270.60113,1.41122
1268.56164,1.41475
1266.52215,1.41657
1264.48266,1.41805
1262.44318,1.41945
1260.40369,1.42126
1258.36420,1.42282
1256.32471,1.42390
1254.28522,1.42519
1252.24574,1.42593
1250.20625,1.42600
1248.16676,1.42663
1246.12727,1.42680
1244.08778,1.42432
1242.04829,1.41832
1240.00881,1.41217
1237.96932,1.41004
1235.92983,1.40909
1233.89034,1.40482
1231.85085,1.39740
1229.81137,1.38829
1227.77188,1.37947
1225.73239,1.37262
1223.69290,1.36436
1221.65341,1.35153
1219.61392,1.33871
1217.57444,1.33170
1215.53495,1.32923
1213.49546,1.32669
1211.45597,1.32412
1209.41648,1.32191
1207.37700,1.31920
1205.33751,1.31774
1203.29802,1.31740
1201.25853,1.31626
1199.21904,1.31361
1197.17956,1.31045
1195.14007,1.30709
1193.10058,1.30394
1191.06109,1.30336
1189.02160,1.30667
1186.98211,1.31459
1184.94263,1.32588
1182.90314,1.33752
1180.86365,1.35170
1178.82416,1.37269
1176.78467,1.39780
1174.74519,1.42038
1172.70570,1.43910
1170.66621,1.45694
1168.62672,1.47551
1166.58723,1.49493
1164.54774,1.51303
1162.50826,1.52386
1160.46877,1.52683
1158.42928,1.52583
1156.38979,1.52327
1154.35030,1.52331
1152.31082,1.52368
1150.27133,1.51991
1148.23184,1.51456
1146.19235,1.50977
1144.15286,1.50589
1142.11337,1.50446
1140.07389,1.50689
1138.03440,1.50960
1135.99491,1.51050
1133.95542,1.51588
1131.91593,1.52792
1129.87645,1.54125
1127.83696,1.55121
1125.79747,1.55843
1123.75798,1.56917
1121.71849,1.58228
1119.67900,1.59163
1117.63952,1.59773
1115.60003,1.60458
1113.56054,1.61626
1111.52105,1.62803
1109.48156,1.63275
1107.44208,1.63252
1105.40259,1.62872
1103.36310,1.62309
1101.32361,1.61951
1099.28412,1.61957
1097.24463,1.62079
1095.20515,1.61886
1093.16566,1.61534
1091.12617,1.61772
1089.08668,1.62704
1087.04719,1.63416
1085.00771,1.63736
1082.96822,1.64009
1080.92873,1.63993
1078.88924,1.63520
1076.84975,1.62688
1074.81027,1.62018
1072.77078,1.61868
1070.73129,1.61787
1068.69180,1.61281
1066.65231,1.60494
1064.61282,1.59934
1062.57334,1.59701
1060.53385,1.59560
1058.49436,1.59615
1056.45487,1.59218
1054.41538,1.57736
1052.37590,1.56329
1050.33641,1.55810
1048.29692,1.55695
1046.25743,1.55610
1044.21794,1.55534
1042.17845,1.55440
1040.13897,1.55392
1038.09948,1.55109
1036.05999,1.54358
1034.02050,1.53355
1031.98101,1.52119
1029.94153,1.50871
1027.90204,1.49981
1025.86255,1.49516
1023.82306,1.48964
1021.78357,1.47953
1019.74408,1.46773
1017.70460,1.45639
1015.66511,1.44485
1013.62562,1.43124
1011.58613,1.41816
1009.54664,1.40801
1007.50716,1.39679
1005.46767,1.38133
1003.42818,1.36323
1001.38869,1.34677
999.34920,1.33266
997.30971,1.31856
995.27023,1.30503
993.23074,1.29240
991.19125,1.27868
989.15176,1.26233
987.11227,1.24367
985.07279,1.22360
983.03330,1.20360
980.99381,1.18555
978.95432,1.16956
976.91483,1.15590
974.87534,1.14653
972.83586,1.14195
970.79637,1.13866
968.75688,1.13425
966.71739,1.13158
964.67790,1.13051
962.63842,1.12697
960.59893,1.12165
958.55944,1.11717
956.51995,1.11185
954.48046,1.10401
952.44097,1.09633
950.40149,1.09000
948.36200,1.08294
946.32251,1.07479
944.28302,1.06742
942.24353,1.06304
940.20405,1.06092
938.16456,1.05868
936.12507,1.05621
934.08558,1.05377
932.04609,1.05308
930.00661,1.05523
927.96712,1.05773
925.92763,1.05976
923.88814,1.06123
921.84865,1.06197
919.80916,1.06360
917.76968,1.06635
915.73019,1.07002
913.69070,1.07425
911.65121,1.07684
909.61172,1.07730
907.57224,1.07847
905.53275,1.08211
903.49326,1.08752
901.45377,1.09368
899.41428,1.09858
897.37479,1.10075
895.33531,1.10035
893.29582,1.09740
891.25633,1.09322
889.21684,1.08848
887.17735,1.08289
885.13787,1.07963
883.09838,1.07897
881.05889,1.07751
879.01940,1.07691
876.97991,1.07859
874.94042,1.08046
872.90094,1.08383
870.86145,1.08963
868.82196,1.09518
866.78247,1.09968
864.74298,1.10268
862.70350,1.10206
860.66401,1.10074
858.62452,1.10379
856.58503,1.10911
854.54554,1.11323
852.50605,1.11726
850.46657,1.11970
848.42708,1.12065
846.38759,1.12470
844.34810,1.13191
842.30861,1.14049
840.26913,1.14965
838.22964,1.15778
836.19015,1.16495
834.15066,1.17236
832.11117,1.17833
830.07168,1.18078
828.03220,1.18055
825.99271,1.17991
823.95322,1.18225
821.91373,1.18771
819.87424,1.19306
817.83476,1.19631
815.79527,1.19800
813.75578,1.20079
811.71629,1.20578
809.67680,1.21134
807.63731,1.21519
805.59783,1.21912
803.55834,1.22707
801.51885,1.23507
799.47936,1.23907
797.43987,1.24275
795.40039,1.24559
793.36090,1.24757
791.32141,1.25298
789.28192,1.25972
787.24243,1.26699
785.20295,1.27640
783.16346,1.28308
781.12397,1.28606
779.08448,1.29010
777.04499,1.29538
775.00550,1.29998
772.96602,1.30561
770.92653,1.31431
768.88704,1.32181
766.84755,1.32293
764.80806,1.31920
762.76858,1.31482
760.72909,1.31259
758.68960,1.31421
756.65011,1.32033
754.61062,1.32620
752.57113,1.32779
750.53165,1.32950
748.49216,1.33298
746.45267,1.33430
744.41318,1.33470
742.37369,1.33854
740.33421,1.34425
738.29472,1.34648
736.25523,1.34825
734.21574,1.35518
732.17625,1.36216
730.13676,1.36265
728.09728,1.36304
726.05779,1.37147
724.01830,1.38376
721.97881,1.39345
719.93932,1.39956
717.89984,1.40155
715.86035,1.39793
713.82086,1.39360
711.78137,1.39192
709.74188,1.38873
707.70239,1.38818
705.66291,1.39789
703.62342,1.40991
701.58393,1.41244
699.54444,1.40937
697.50495,1.40605
695.46547,1.39908
693.42598,1.39328
691.38649,1.39934
689.34700,1.41581
687.30751,1.43062
685.26802,1.43408
683.22854,1.43063
681.18905,1.43123
679.14956,1.43510
677.11007,1.43839
675.07058,1.44515
673.03110,1.45563
670.99161,1.46155
668.95212,1.45529
666.91263,1.44350
664.87314,1.43983
662.83365,1.44148
660.79417,1.44526
658.75468,1.45066
656.71519,1.45198
654.67570,1.44695
652.63621,1.44323
650.59673,1.44742
648.55724,1.45351
646.51775,1.45068
644.47826,1.43868
642.43877,1.43041
640.39929,1.43710
638.35980,1.44924
636.32031,1.45367
634.28082,1.45231
632.24133,1.44768
630.20184,1.44120
628.16236,1.43470
626.12287,1.43242
624.08338,1.44631
622.04389,1.45874
620.00440,1.44736
617.96492,1.43421
615.92543,1.42685
613.88594,1.41145
611.84645,1.40016
609.80696,1.39227
607.76747,1.38662
605.72799,1.39931
603.68850,1.41512
601.64901,1.43021
599.60952,1.45967
597.57003,1.47357
595.53055,1.45026
593.49106,1.42003
591.45157,1.40453
589.41208,1.40521
587.37259,1.40949
585.33310,1.40365
583.29362,1.39900
581.25413,1.41190
579.21464,1.44151
577.17515,1.45122
575.13566,1.43553
573.09618,1.41483
571.05669,1.38979
569.01720,1.38065
566.97771,1.38886
564.93822,1.40722
562.89873,1.43161
560.85925,1.45839
558.81976,1.48357
556.78027,1.50106
554.74078,1.49314
552.70129,1.45820
550.66181,1.42341
548.62232,1.39948
546.58283,1.41692
544.54334,1.47544
542.50385,1.51005
540.46436,1.43254
538.42488,1.35555
536.38539,1.35960
534.34590,1.37895
532.30641,1.36026
530.26692,1.35283
528.22744,1.37311
526.18795,1.39844
524.14846,1.39591
522.10897,1.36248
520.06948,1.32090
518.02999,1.31762
515.99051,1.33410
513.95102,1.36663
511.91153,1.39114
509.87204,1.31926
507.83255,1.17743
505.79307,1.09815
503.75358,1.21348
501.71409,1.25360
499.67460,1.05470
