3997.39681,0.30206
3995.35732,0.30204
3993.31783,0.30214
3991.27835,0.30209
3989.23886,0.30211
3987.19937,0.30221
3985.15988,0.30186
3983.12039,0.30109
3981.08091,0.30048
3979.04142,0.30035
3977.00193,0.30047
3974.96244,0.30038
3972.92295,0.29957
3970.88346,0.29838
3968.84398,0.29759
3966.80449,0.29717
3964.76500,0.29676
3962.72551,0.29618
3960.68602,0.29541
3958.64654,0.29467
3956.60705,0.29404
3954.56756,0.29355
3952.52807,0.29345
3950.48858,0.29359
3948.44909,0.29313
3946.40961,0.29213
3944.37012,0.29148
3942.33063,0.29093
3940.29114,0.28972
3938.25165,0.28832
3936.21217,0.28762
3934.17268,0.28767
3932.13319,0.28759
3930.09370,0.28691
3928.05421,0.28625
3926.01473,0.28585
3923.97524,0.28510
3921.93575,0.28392
3919.89626,0.28250
3917.85677,0.28062
3915.81728,0.27876
3913.77780,0.27786
3911.73831,0.27773
3909.69882,0.27810
3907.65933,0.27914
3905.61984,0.27989
3903.58036,0.27931
3901.54087,0.27800
3899.50138,0.27634
3897.46189,0.27448
3895.42240,0.27355
3893.38291,0.27349
3891.34343,0.27291
3889.30394,0.27186
3887.26445,0.27132
3885.22496,0.27097
3883.18547,0.27058
3881.14599,0.27021
3879.10650,0.26942
3877.06701,0.26881
3875.02752,0.26891
3872.98803,0.26895
3870.94854,0.26806
3868.90906,0.26671
3866.86957,0.26619
3864.83008,0.26626
3862.79059,0.26578
3860.75110,0.26491
3858.71162,0.26461
3856.67213,0.26455
3854.63264,0.26347
3852.59315,0.26193
3850.55366,0.26217
3848.51417,0.26375
3846.47469,0.26528
3844.43520,0.26609
3842.39571,0.26585
3840.35622,0.26470
3838.31673,0.26321
3836.27725,0.26208
3834.23776,0.26174
3832.19827,0.26212
3830.15878,0.26307
3828.11929,0.26423
3826.07980,0.26513
3824.04032,0.26553
3822.00083,0.26547
3819.96134,0.26515
3817.92185,0.26467
3815.88236,0.26392
3813.84288,0.26389
3811.80339,0.26513
3809.76390,0.26635
3807.72441,0.26663
3805.68492,0.26670
3803.64543,0.26722
3801.60595,0.26790
3799.56646,0.26866
3797.52697,0.26938
3795.48748,0.26983
3793.44799,0.27058
3791.40851,0.27180
3789.36902,0.27285
3787.32953,0.27366
3785.29004,0.27462
3783.25055,0.27586
3781.21107,0.27716
3779.17158,0.27819
3777.13209,0.27912
3775.09260,0.28041
3773.05311,0.28193
3771.01362,0.28328
3768.97414,0.28459
3766.93465,0.28597
3764.89516,0.28696
3762.85567,0.28771
3760.81618,0.28920
3758.77670,0.29150
3756.73721,0.29364
3754.69772,0.29491
3752.65823,0.29539
3750.61874,0.29606
3748.57925,0.29782
3746.53977,0.30013
3744.50028,0.30309
3742.46079,0.30730
3740.42130,0.31162
3738.38181,0.31452
3736.34233,0.31597
3734.30284,0.31786
3732.26335,0.32160
3730.22386,0.32613
3728.18437,0.33038
3726.14488,0.33436
3724.10540,0.33861
3722.06591,0.34417
3720.02642,0.35107
3717.98693,0.35808
3715.94744,0.36487
3713.90796,0.37307
3711.86847,0.38424
3709.82898,0.39766
3707.78949,0.41192
3705.75000,0.42720
3703.71051,0.44510
3701.67103,0.46665
3699.63154,0.48896
3697.59205,0.50725
3695.55256,0.51944
3693.51307,0.52563
3691.47359,0.52631
3689.43410,0.52213
3687.39461,0.51609
3685.35512,0.51232
3683.31563,0.51168
3681.27614,0.51315
3679.23666,0.51644
3677.19717,0.52245
3675.15768,0.53176
3673.11819,0.54295
3671.07870,0.55506
3669.03922,0.56780
3666.99973,0.57983
3664.96024,0.59096
3662.92075,0.60186
3660.88126,0.61318
3658.84177,0.62571
3656.80229,0.63934
3654.76280,0.65214
3652.72331,0.66308
3650.68382,0.67376
3648.64433,0.68485
3646.60485,0.69460
3644.56536,0.70263
3642.52587,0.71043
3640.48638,0.71906
3638.44689,0.72895
3636.40741,0.73962
3634.36792,0.75031
3632.32843,0.76176
3630.28894,0.77518
3628.24945,0.78985
3626.20996,0.80475
3624.17048,0.82025
3622.13099,0.83470
3620.09150,0.84497
3618.05201,0.85049
3616.01252,0.85428
3613.97304,0.85804
3611.93355,0.86158
3609.89406,0.86639
3607.85457,0.87293
3605.81508,0.87987
3603.77559,0.88772
3601.73611,0.89687
3599.69662,0.90573
3597.65713,0.91354
3595.61764,0.92099
3593.57815,0.92812
3591.53867,0.93544
3589.49918,0.94393
3587.45969,0.95182
3585.42020,0.95696
3583.38071,0.96235
3581.34122,0.97095
3579.30174,0.97982
3577.26225,0.98570
3575.22276,0.98999
3573.18327,0.99557
3571.14378,1.00484
3569.10430,1.01669
3567.06481,1.02544
3565.02532,1.02909
3562.98583,1.03249
3560.94634,1.03788
3558.90685,1.04406
3556.86737,1.05082
3554.82788,1.05785
3552.78839,1.06380
3550.74890,1.06939
3548.70941,1.07651
3546.66993,1.08489
3544.63044,1.09312
3542.59095,1.09868
3540.55146,1.10147
3538.51197,1.10527
3536.47248,1.11065
3534.43300,1.11566
3532.39351,1.12075
3530.35402,1.12655
3528.31453,1.13317
3526.27504,1.14109
3524.23556,1.14916
3522.19607,1.15642
3520.15658,1.16336
3518.11709,1.16843
3516.07760,1.17032
3514.03811,1.17152
3511.99863,1.17445
3509.95914,1.17858
3507.91965,1.18273
3505.88016,1.18585
3503.84067,1.18858
3501.80119,1.19428
3499.76170,1.20324
3497.72221,1.21041
3495.68272,1.21304
3493.64323,1.21412
3491.60375,1.21680
3489.56426,1.21906
3487.52477,1.21829
3485.48528,1.21807
3483.44579,1.22270
3481.40630,1.22940
3479.36682,1.23314
3477.32733,1.23571
3475.28784,1.24007
3473.24835,1.24427
3471.20886,1.24685
3469.16938,1.24869
3467.12989,1.25077
3465.09040,1.25410
3463.05091,1.25929
3461.01142,1.26454
3458.97193,1.26784
3456.93245,1.26993
3454.89296,1.27105
3452.85347,1.27192
3450.81398,1.27619
3448.77449,1.28244
3446.73501,1.28573
3444.69552,1.28680
3442.65603,1.28826
3440.61654,1.29107
3438.57705,1.29400
3436.53756,1.29601
3434.49808,1.29921
3432.45859,1.30326
3430.41910,1.30488
3428.37961,1.30469
3426.34012,1.30662
3424.30064,1.31197
3422.26115,1.31803
3420.22166,1.32402
3418.18217,1.32937
3416.14268,1.33122
3414.10319,1.32975
3412.06371,1.32841
3410.02422,1.33107
3407.98473,1.33373
3405.94524,1.33085
3403.90575,1.32773
3401.86627,1.33126
3399.82678,1.33898
3397.78729,1.34488
3395.74780,1.34689
3393.70831,1.34563
3391.66882,1.34477
3389.62934,1.34754
3387.58985,1.35069
3385.55036,1.35116
3383.51087,1.35010
3381.47138,1.34945
3379.43190,1.35022
3377.39241,1.35144
3375.35292,1.35208
3373.31343,1.35387
3371.27394,1.35622
3369.23446,1.35753
3367.19497,1.35914
3365.15548,1.35996
3363.11599,1.35987
3361.07650,1.36223
3359.03701,1.36768
3356.99753,1.37556
3354.95804,1.38412
3352.91855,1.38703
3350.87906,1.38263
3348.83957,1.37808
3346.80009,1.37864
3344.76060,1.38243
3342.72111,1.38353
3340.68162,1.37912
3338.64213,1.37416
3336.60264,1.37410
3334.56316,1.37689
3332.52367,1.37805
3330.48418,1.37771
3328.44469,1.37856
3326.40520,1.38156
3324.36572,1.38281
3322.32623,1.37976
3320.28674,1.37860
3318.24725,1.38222
3316.20776,1.38314
3314.16827,1.37917
3312.12879,1.37699
3310.08930,1.37744
3308.04981,1.37649
3306.01032,1.37526
3303.97083,1.37715
3301.93135,1.38076
3299.89186,1.38229
3297.85237,1.38293
3295.81288,1.38450
3293.77339,1.38572
3291.73390,1.38565
3289.69442,1.38268
3287.65493,1.37649
3285.61544,1.36893
3283.57595,1.36340
3281.53646,1.36486
3279.49698,1.37101
3277.45749,1.37362
3275.41800,1.37082
3273.37851,1.36712
3271.33902,1.36462
3269.29953,1.36125
3267.26005,1.35706
3265.22056,1.35510
3263.18107,1.35427
3261.14158,1.34896
3259.10209,1.34009
3257.06261,1.33562
3255.02312,1.33580
3252.98363,1.33418
3250.94414,1.33127
3248.90465,1.33180
3246.86516,1.33329
3244.82568,1.32988
3242.78619,1.32451
3240.74670,1.32239
3238.70721,1.32221
3236.66772,1.32214
3234.62824,1.31940
3232.58875,1.31221
3230.54926,1.30614
3228.50977,1.30550
3226.47028,1.30607
3224.43080,1.30447
3222.39131,1.30291
3220.35182,1.30176
3218.31233,1.30140
3216.27284,1.30291
3214.23335,1.30277
3212.19387,1.29828
3210.15438,1.29212
3208.11489,1.28713
3206.07540,1.28409
3204.03591,1.28372
3201.99643,1.28376
3199.95694,1.28089
3197.91745,1.27729
3195.87796,1.27536
3193.83847,1.27453
3191.79898,1.27407
3189.75950,1.27159
3187.72001,1.26692
3185.68052,1.26390
3183.64103,1.26286
3181.60154,1.26037
3179.56206,1.25454
3177.52257,1.24768
3175.48308,1.24467
3173.44359,1.24550
3171.40410,1.24486
3169.36461,1.24175
3167.32513,1.24094
3165.28564,1.24271
3163.24615,1.24181
3161.20666,1.23647
3159.16717,1.22999
3157.12769,1.22560
3155.08820,1.22335
3153.04871,1.22230
3151.00922,1.22030
3148.96973,1.21596
3146.93024,1.21302
3144.89076,1.21405
3142.85127,1.21587
3140.81178,1.21479
3138.77229,1.21058
3136.73280,1.20511
3134.69332,1.20067
3132.65383,1.19809
3130.61434,1.19735
3128.57485,1.19766
3126.53536,1.19630
3124.49587,1.19333
3122.45639,1.19121
3120.41690,1.19041
3118.37741,1.19050
3116.33792,1.19020
3114.29843,1.18936
3112.25895,1.18880
3110.21946,1.18746
3108.17997,1.18512
3106.14048,1.18155
3104.10099,1.17566
3102.06150,1.17005
3100.02202,1.16897
3097.98253,1.17143
3095.94304,1.17244
3093.90355,1.17061
3091.86406,1.16854
3089.82458,1.16704
3087.78509,1.16573
3085.74560,1.16535
3083.70611,1.16509
3081.66662,1.16386
3079.62714,1.16271
3077.58765,1.16199
3075.54816,1.16137
3073.50867,1.16078
3071.46918,1.15903
3069.42969,1.15522
3067.39021,1.15101
3065.35072,1.14958
3063.31123,1.15045
3061.27174,1.14954
3059.23225,1.14595
3057.19277,1.14136
3055.15328,1.13789
3053.11379,1.13729
3051.07430,1.13680
3049.03481,1.13232
3046.99532,1.12643
3044.95584,1.12467
3042.91635,1.12595
3040.87686,1.12431
3038.83737,1.11909
3036.79788,1.11569
3034.75840,1.11534
3032.71891,1.11339
3030.67942,1.10882
3028.63993,1.10509
3026.60044,1.10310
3024.56095,1.10142
3022.52147,1.09994
3020.48198,1.09859
3018.44249,1.09681
3016.40300,1.09546
3014.36351,1.09538
3012.32403,1.09568
3010.28454,1.09533
3008.24505,1.09446
3006.20556,1.09386
3004.16607,1.09436
3002.12658,1.09644
3000.08710,1.09973
2998.04761,1.10252
2996.00812,1.10348
2993.96863,1.10400
2991.92914,1.10513
2989.88966,1.10796
2987.85017,1.11266
2985.81068,1.11693
2983.77119,1.12096
2981.73170,1.12717
2979.69221,1.13580
2977.65273,1.14396
2975.61324,1.14959
2973.57375,1.15631
2971.53426,1.16695
2969.49477,1.17749
2967.45529,1.18435
2965.41580,1.18938
2963.37631,1.19446
2961.33682,1.20019
2959.29733,1.20637
2957.25784,1.21047
2955.21836,1.21207
2953.17887,1.21148
2951.13938,1.20967
2949.09989,1.21081
2947.06040,1.21619
2945.02092,1.22429
2942.98143,1.23201
2940.94194,1.23792
2938.90245,1.24688
2936.86296,1.25840
2934.82348,1.26458
2932.78399,1.26610
2930.74450,1.26959
2928.70501,1.27587
2926.66552,1.28214
2924.62603,1.28562
2922.58655,1.28453
2920.54706,1.28012
2918.50757,1.27420
2916.46808,1.26429
2914.42859,1.24798
2912.38911,1.22910
2910.34962,1.21288
2908.31013,1.20084
2906.27064,1.19215
2904.23115,1.18420
2902.19166,1.17561
2900.15218,1.16807
2898.11269,1.16166
2896.07320,1.15549
2894.03371,1.14997
2891.99422,1.14438
2889.95474,1.13775
2887.91525,1.13145
2885.87576,1.12689
2883.83627,1.12387
2881.79678,1.12243
2879.75729,1.12147
2877.71781,1.12045
2875.67832,1.12044
2873.63883,1.12064
2871.59934,1.12055
2869.55985,1.11978
2867.52037,1.11748
2865.48088,1.11595
2863.44139,1.11715
2861.40190,1.11973
2859.36241,1.12352
2857.32292,1.13067
2855.28344,1.13917
2853.24395,1.14445
2851.20446,1.14428
2849.16497,1.13379
2847.12548,1.11075
2845.08600,1.08356
2843.04651,1.06002
2841.00702,1.04063
2838.96753,1.02440
2836.92804,1.01225
2834.88855,1.00421
2832.84907,0.99773
2830.80958,0.99047
2828.77009,0.98295
2826.73060,0.97625
2824.69111,0.96937
2822.65163,0.96278
2820.61214,0.95822
2818.57265,0.95427
2816.53316,0.94965
2814.49367,0.94576
2812.45418,0.94297
2810.41470,0.94064
2808.37521,0.93879
2806.33572,0.93640
2804.29623,0.93209
2802.25674,0.92695
2800.21726,0.92333
2798.17777,0.92138
2796.13828,0.91897
2794.09879,0.91589
2792.05930,0.91335
2790.01982,0.91084
2787.98033,0.90816
2785.94084,0.90564
2783.90135,0.90332
2781.86186,0.90146
2779.82237,0.89880
2777.78289,0.89518
2775.74340,0.89242
2773.70391,0.89027
2771.66442,0.88765
2769.62493,0.88439
2767.58545,0.88045
2765.54596,0.87685
2763.50647,0.87500
2761.46698,0.87399
2759.42749,0.87209
2757.38800,0.86966
2755.34852,0.86799
2753.30903,0.86738
2751.26954,0.86645
2749.23005,0.86422
2747.19056,0.86201
2745.15108,0.86076
2743.11159,0.85985
2741.07210,0.85841
2739.03261,0.85640
2736.99312,0.85478
2734.95363,0.85435
2732.91415,0.85466
2730.87466,0.85443
2728.83517,0.85313
2726.79568,0.85118
2724.75619,0.84882
2722.71671,0.84641
2720.67722,0.84412
2718.63773,0.84221
2716.59824,0.84067
2714.55875,0.83806
2712.51926,0.83486
2710.47978,0.83319
2708.44029,0.83219
2706.40080,0.83000
2704.36131,0.82705
2702.32182,0.82441
2700.28234,0.82241
2698.24285,0.82121
2696.20336,0.81991
2694.16387,0.81745
2692.12438,0.81464
2690.08489,0.81258
2688.04541,0.81068
2686.00592,0.80794
2683.96643,0.80501
2681.92694,0.80306
2679.88745,0.80152
2677.84797,0.79957
2675.80848,0.79716
2673.76899,0.79428
2671.72950,0.79140
2669.69001,0.78883
2667.65052,0.78543
2665.61104,0.78121
2663.57155,0.77748
2661.53206,0.77400
2659.49257,0.77107
2657.45308,0.76908
2655.41360,0.76685
2653.37411,0.76375
2651.33462,0.76069
2649.29513,0.75866
2647.25564,0.75670
2645.21616,0.75400
2643.17667,0.75154
2641.13718,0.74934
2639.09769,0.74718
2637.05820,0.74615
2635.01871,0.74538
2632.97923,0.74300
2630.93974,0.74007
2628.90025,0.73854
2626.86076,0.73817
2624.82127,0.73683
2622.78179,0.73413
2620.74230,0.73151
2618.70281,0.72934
2616.66332,0.72778
2614.62383,0.72674
2612.58434,0.72522
2610.54486,0.72310
2608.50537,0.72154
2606.46588,0.72027
2604.42639,0.71801
2602.38690,0.71513
2600.34742,0.71285
2598.30793,0.71123
2596.26844,0.70915
2594.22895,0.70699
2592.18946,0.70632
2590.14997,0.70653
2588.11049,0.70555
2586.07100,0.70299
2584.03151,0.70084
2581.99202,0.70017
2579.95253,0.69957
2577.91305,0.69835
2575.87356,0.69625
2573.83407,0.69314
2571.79458,0.69041
2569.75509,0.68877
2567.71560,0.68744
2565.67612,0.68613
2563.63663,0.68539
2561.59714,0.68508
2559.55765,0.68454
2557.51816,0.68342
2555.47868,0.68147
2553.43919,0.67935
2551.39970,0.67790
2549.36021,0.67661
2547.32072,0.67509
2545.28123,0.67368
2543.24175,0.67275
2541.20226,0.67206
2539.16277,0.67110
2537.12328,0.66997
2535.08379,0.66858
2533.04431,0.66694
2531.00482,0.66571
2528.96533,0.66517
2526.92584,0.66467
2524.88635,0.66368
2522.84686,0.66218
2520.80738,0.66028
2518.76789,0.65852
2516.72840,0.65700
2514.68891,0.65516
2512.64942,0.65291
2510.60994,0.65088
2508.57045,0.64973
2506.53096,0.64908
2504.49147,0.64770
2502.45198,0.64573
2500.41250,0.64389
2498.37301,0.64152
2496.33352,0.63826
2494.29403,0.63552
2492.25454,0.63415
2490.21505,0.63292
2488.17557,0.63081
2486.13608,0.62799
2484.09659,0.62545
2482.05710,0.62385
2480.01761,0.62223
2477.97813,0.61977
2475.93864,0.61711
2473.89915,0.61510
2471.85966,0.61356
2469.82017,0.61192
2467.78068,0.60976
2465.74120,0.60728
2463.70171,0.60518
2461.66222,0.60355
2459.62273,0.60209
2457.58324,0.60067
2455.54376,0.59925
2453.50427,0.59791
2451.46478,0.59686
2449.42529,0.59580
2447.38580,0.59415
2445.34631,0.59230
2443.30683,0.59090
2441.26734,0.58955
2439.22785,0.58780
2437.18836,0.58614
2435.14887,0.58504
2433.10939,0.58429
2431.06990,0.58340
2429.03041,0.58206
2426.99092,0.58052
2424.95143,0.57932
2422.91194,0.57823
2420.87246,0.57703
2418.83297,0.57600
2416.79348,0.57494
2414.75399,0.57357
2412.71450,0.57199
2410.67502,0.57054
2408.63553,0.56942
2406.59604,0.56851
2404.55655,0.56757
2402.51706,0.56656
2400.47757,0.56568
2398.43809,0.56489
2396.39860,0.56389
2394.35911,0.56265
2392.31962,0.56158
2390.28013,0.56092
2388.24065,0.56049
2386.20116,0.56018
2384.16167,0.56016
2382.12218,0.56061
2380.08269,0.56158
2378.04320,0.56293
2376.00372,0.56416
2373.96423,0.56461
2371.92474,0.56444
2369.88525,0.56416
2367.84576,0.56365
2365.80628,0.56250
2363.76679,0.56102
2361.72730,0.56034
2359.68781,0.56036
2357.64832,0.55997
2355.60884,0.55943
2353.56935,0.55984
2351.52986,0.56140
2349.49037,0.56291
2347.45088,0.56301
2345.41139,0.56210
2343.37191,0.56125
2341.33242,0.56025
2339.29293,0.55896
2337.25344,0.55836
2335.21395,0.55860
2333.17447,0.55905
2331.13498,0.55952
2329.09549,0.56006
2327.05600,0.56039
2325.01651,0.56045
2322.97702,0.56062
2320.93754,0.56057
2318.89805,0.55985
2316.85856,0.55899
2314.81907,0.55870
2312.77958,0.55884
2310.74010,0.55866
2308.70061,0.55786
2306.66112,0.55689
2304.62163,0.55615
2302.58214,0.55546
2300.54265,0.55469
2298.50317,0.55422
2296.46368,0.55411
2294.42419,0.55391
2292.38470,0.55358
2290.34521,0.55325
2288.30573,0.55297
2286.26624,0.55296
2284.22675,0.55320
2282.18726,0.55331
2280.14777,0.55331
2278.10828,0.55340
2276.06880,0.55346
2274.02931,0.55349
2271.98982,0.55367
2269.95033,0.55400
2267.91084,0.55436
2265.87136,0.55464
2263.83187,0.55479
2261.79238,0.55482
2259.75289,0.55487
2257.71340,0.55495
2255.67391,0.55505
2253.63443,0.55532
2251.59494,0.55576
2249.55545,0.55598
2247.51596,0.55599
2245.47647,0.55594
2243.43699,0.55627
2241.39750,0.55690
2239.35801,0.55709
2237.31852,0.55693
2235.27903,0.55734
2233.23954,0.55809
2231.20006,0.55845
2229.16057,0.55848
2227.12108,0.55857
2225.08159,0.55898
2223.04210,0.55948
2221.00262,0.55932
2218.96313,0.55852
2216.92364,0.55817
2214.88415,0.55853
2212.84466,0.55891
2210.80518,0.55925
2208.76569,0.55949
2206.72620,0.55938
2204.68671,0.55937
2202.64722,0.55979
2200.60773,0.56018
2198.56825,0.56033
2196.52876,0.56049
2194.48927,0.56060
2192.44978,0.56041
2190.41029,0.55999
2188.37081,0.55984
2186.33132,0.55997
2184.29183,0.56033
2182.25234,0.56104
2180.21285,0.56148
2178.17336,0.56139
2176.13388,0.56146
2174.09439,0.56186
2172.05490,0.56203
2170.01541,0.56201
2167.97592,0.56192
2165.93644,0.56186
2163.89695,0.56208
2161.85746,0.56229
2159.81797,0.56233
2157.77848,0.56252
2155.73899,0.56286
2153.69951,0.56296
2151.66002,0.56285
2149.62053,0.56288
2147.58104,0.56287
2145.54155,0.56253
2143.50207,0.56199
2141.46258,0.56150
2139.42309,0.56093
2137.38360,0.56014
2135.34411,0.55936
2133.30462,0.55874
2131.26514,0.55800
2129.22565,0.55712
2127.18616,0.55629
2125.14667,0.55555
2123.10718,0.55495
2121.06770,0.55445
2119.02821,0.55350
2116.98872,0.55192
2114.94923,0.55040
2112.90974,0.54933
2110.87025,0.54839
2108.83077,0.54755
2106.79128,0.54715
2104.75179,0.54691
2102.71230,0.54641
2100.67281,0.54562
2098.63333,0.54457
2096.59384,0.54357
2094.55435,0.54273
2092.51486,0.54155
2090.47537,0.53999
2088.43588,0.53875
2086.39640,0.53814
2084.35691,0.53771
2082.31742,0.53700
2080.27793,0.53604
2078.23844,0.53503
2076.19896,0.53421
2074.15947,0.53374
2072.11998,0.53334
2070.08049,0.53269
2068.04100,0.53208
2066.00152,0.53187
2063.96203,0.53163
2061.92254,0.53089
2059.88305,0.53004
2057.84356,0.52948
2055.80407,0.52898
2053.76459,0.52840
2051.72510,0.52834
2049.68561,0.52886
2047.64612,0.52917
2045.60663,0.52912
2043.56715,0.52923
2041.52766,0.52949
2039.48817,0.52948
2037.44868,0.52900
2035.40919,0.52845
2033.36970,0.52825
2031.33022,0.52836
2029.29073,0.52830
2027.25124,0.52790
2025.21175,0.52734
2023.17226,0.52669
2021.13278,0.52603
2019.09329,0.52557
2017.05380,0.52520
2015.01431,0.52488
2012.97482,0.52481
2010.93533,0.52494
2008.89585,0.52476
2006.85636,0.52419
2004.81687,0.52385
2002.77738,0.52400
2000.73789,0.52417
1998.69841,0.52407
1996.65892,0.52385
1994.61943,0.52354
1992.57994,0.52334
1990.54045,0.52345
1988.50096,0.52366
1986.46148,0.52352
1984.42199,0.52293
1982.38250,0.52235
1980.34301,0.52243
1978.30352,0.52304
1976.26404,0.52354
1974.22455,0.52388
1972.18506,0.52423
1970.14557,0.52479
1968.10608,0.52546
1966.06659,0.52560
1964.02711,0.52523
1961.98762,0.52476
1959.94813,0.52444
1957.90864,0.52484
1955.86915,0.52601
1953.82967,0.52684
1951.79018,0.52693
1949.75069,0.52724
1947.71120,0.52813
1945.67171,0.52930
1943.63222,0.53031
1941.59274,0.53047
1939.55325,0.52988
1937.51376,0.52971
1935.47427,0.53048
1933.43478,0.53139
1931.39530,0.53191
1929.35581,0.53237
1927.31632,0.53308
1925.27683,0.53449
1923.23734,0.53642
1921.19786,0.53786
1919.15837,0.53929
1917.11888,0.54112
1915.07939,0.54273
1913.03990,0.54445
1911.00041,0.54645
1908.96093,0.54822
1906.92144,0.54975
1904.88195,0.55122
1902.84246,0.55236
1900.80297,0.55333
1898.76349,0.55478
1896.72400,0.55670
1894.68451,0.55830
1892.64502,0.55963
1890.60553,0.56110
1888.56604,0.56213
1886.52656,0.56255
1884.48707,0.56296
1882.44758,0.56357
1880.40809,0.56443
1878.36860,0.56548
1876.32912,0.56657
1874.28963,0.56801
1872.25014,0.57045
1870.21065,0.57349
1868.17116,0.57494
1866.13167,0.57400
1864.09219,0.57292
1862.05270,0.57312
1860.01321,0.57400
1857.97372,0.57466
1855.93423,0.57501
1853.89475,0.57547
1851.85526,0.57639
1849.81577,0.57793
1847.77628,0.58013
1845.73679,0.58240
1843.69730,0.58356
1841.65782,0.58367
1839.61833,0.58435
1837.57884,0.58614
1835.53935,0.58870
1833.49986,0.59235
1831.46038,0.59726
1829.42089,0.60187
1827.38140,0.60513
1825.34191,0.60822
1823.30242,0.61161
1821.26293,0.61496
1819.22345,0.61873
1817.18396,0.62311
1815.14447,0.62773
1813.10498,0.63252
1811.06549,0.63747
1809.02601,0.64218
1806.98652,0.64692
1804.94703,0.65246
1802.90754,0.65844
1800.86805,0.66342
1798.82856,0.66727
1796.78908,0.67189
1794.74959,0.67820
1792.71010,0.68450
1790.67061,0.68836
1788.63112,0.69097
1786.59164,0.69508
1784.55215,0.70053
1782.51266,0.70600
1780.47317,0.71166
1778.43368,0.71824
1776.39420,0.72656
1774.35471,0.73709
1772.31522,0.74827
1770.27573,0.75727
1768.23624,0.76456
1766.19675,0.77257
1764.15727,0.78268
1762.11778,0.79535
1760.07829,0.80964
1758.03880,0.82505
1755.99931,0.84156
1753.95983,0.85860
1751.92034,0.87913
1749.88085,0.90552
1747.84136,0.93390
1745.80187,0.96105
1743.76238,0.98803
1741.72290,1.01519
1739.68341,1.03992
1737.64392,1.05847
1735.60443,1.07236
1733.56494,1.08459
1731.52546,1.09259
1729.48597,1.09676
1727.44648,1.10175
1725.40699,1.11005
1723.36750,1.12148
1721.32801,1.13547
1719.28853,1.15217
1717.24904,1.17013
1715.20955,1.18577
1713.17006,1.20064
1711.13057,1.21912
1709.09109,1.24145
1707.05160,1.26453
1705.01211,1.28636
1702.97262,1.30957
1700.93313,1.34000
1698.89364,1.37610
1696.85416,1.40899
1694.81467,1.43734
1692.77518,1.46189
1690.73569,1.48758
1688.69620,1.51899
1686.65672,1.55194
1684.61723,1.57385
1682.57774,1.57501
1680.53825,1.57042
1678.49876,1.57407
1676.45927,1.58470
1674.41979,1.59656
1672.38030,1.60674
1670.34081,1.61451
1668.30132,1.62029
1666.26183,1.62764
1664.22235,1.63603
1662.18286,1.63779
1660.14337,1.63301
1658.10388,1.63213
1656.06439,1.63667
1654.02490,1.63387
1651.98542,1.61785
1649.94593,1.60580
1647.90644,1.59713
1645.86695,1.58579
1643.82746,1.57896
1641.78798,1.57942
1639.74849,1.58495
1637.70900,1.59099
1635.66951,1.59012
1633.63002,1.58443
1631.59054,1.58148
1629.55105,1.57929
1627.51156,1.57548
1625.47207,1.57147
1623.43258,1.56679
1621.39309,1.56335
1619.35361,1.56339
1617.31412,1.56365
1615.27463,1.56448
1613.23514,1.56795
1611.19565,1.57116
1609.15617,1.57400
1607.11668,1.57819
1605.07719,1.58250
1603.03770,1.58492
1600.99821,1.58546
1598.95872,1.58567
1596.91924,1.58528
1594.87975,1.58235
1592.84026,1.57820
1590.80077,1.57649
1588.76128,1.57684
1586.72180,1.57613
1584.68231,1.57514
1582.64282,1.57583
1580.60333,1.57443
1578.56384,1.56515
1576.52435,1.54996
1574.48487,1.53958
1572.44538,1.53626
1570.40589,1.53388
1568.36640,1.53104
1566.32691,1.52749
1564.28743,1.52241
1562.24794,1.51680
1560.20845,1.50783
1558.16896,1.49578
1556.12947,1.49071
1554.08998,1.48890
1552.05050,1.48522
1550.01101,1.48107
1547.97152,1.47666
1545.93203,1.47097
1543.89254,1.46428
1541.85306,1.45549
1539.81357,1.44415
1537.77408,1.43745
1535.73459,1.43555
1533.69510,1.43022
1531.65561,1.42110
1529.61613,1.41488
1527.57664,1.41078
1525.53715,1.40516
1523.49766,1.39729
1521.45817,1.38761
1519.41869,1.38137
1517.37920,1.38082
1515.33971,1.38074
1513.30022,1.37984
1511.26073,1.37898
1509.22124,1.37293
1507.18176,1.35772
1505.14227,1.34329
1503.10278,1.33700
1501.06329,1.33422
1499.02380,1.33062
1496.98432,1.32520
1494.94483,1.32193
1492.90534,1.32307
1490.86585,1.32224
1488.82636,1.31609
1486.78688,1.31269
1484.74739,1.31595
1482.70790,1.32157
1480.66841,1.32726
1478.62892,1.33454
1476.58943,1.34378
1474.54995,1.35386
1472.51046,1.36532
1470.47097,1.37890
1468.43148,1.39289
1466.39199,1.40454
1464.35251,1.41155
1462.31302,1.41561
1460.27353,1.42020
1458.23404,1.42397
1456.19455,1.42350
1454.15506,1.42183
1452.11558,1.42194
1450.07609,1.42215
1448.03660,1.42083
1445.99711,1.42083
1443.95762,1.42574
1441.91814,1.43384
1439.87865,1.44284
1437.83916,1.45232
1435.79967,1.45755
1433.76018,1.45695
1431.72069,1.45693
1429.68121,1.45875
1427.64172,1.45905
1425.60223,1.45810
1423.56274,1.45902
1421.52325,1.46233
1419.48377,1.46782
1417.44428,1.47673
1415.40479,1.48740
1413.36530,1.49690
1411.32581,1.50351
1409.28632,1.50664
1407.24684,1.50632
1405.20735,1.50227
1403.16786,1.49452
1401.12837,1.48396
1399.08888,1.47342
1397.04940,1.46838
1395.00991,1.46945
1392.97042,1.47049
1390.93093,1.46663
1388.89144,1.45890
1386.85195,1.45313
1384.81247,1.45206
1382.77298,1.45197
1380.73349,1.44896
1378.69400,1.44107
1376.65451,1.42859
1374.61503,1.41530
1372.57554,1.40544
1370.53605,1.39914
1368.49656,1.39545
1366.45707,1.39450
1364.41758,1.39360
1362.37810,1.38857
1360.33861,1.38025
1358.29912,1.37291
1356.25963,1.36917
1354.22014,1.36952
1352.18066,1.37049
1350.14117,1.36803
1348.10168,1.36413
1346.06219,1.36213
1344.02270,1.36190
1341.98322,1.36301
1339.94373,1.36426
1337.90424,1.36403
1335.86475,1.36326
1333.82526,1.36328
1331.78577,1.36375
1329.74629,1.36371
1327.70680,1.36306
1325.66731,1.36109
1323.62782,1.35658
1321.58833,1.35198
1319.54885,1.34868
1317.50936,1.34273
1315.46987,1.33374
1313.43038,1.32554
1311.39089,1.31857
1309.35140,1.31124
1307.31192,1.30192
1305.27243,1.28994
1303.23294,1.27877
1301.19345,1.27127
1299.15396,1.26547
1297.11448,1.26007
1295.07499,1.25562
1293.03550,1.25151
1290.99601,1.24797
1288.95652,1.24653
1286.91703,1.24630
1284.87755,1.24462
1282.83806,1.24161
1280.79857,1.24006
1278.75908,1.24091
1276.71959,1.24209
1274.68011,1.24246
1272.64062,1.24175
1270.60113,1.23957
1268.56164,1.23774
1266.52215,1.23670
1264.48266,1.23375
1262.44318,1.22837
1260.40369,1.22350
1258.36420,1.22014
1256.32471,1.21680
1254.28522,1.21434
1252.24574,1.21318
1250.20625,1.21151
1248.16676,1.20963
1246.12727,1.20737
1244.08778,1.20287
1242.04829,1.19687
1240.00881,1.19252
1237.96932,1.18997
1235.92983,1.18585
1233.89034,1.17947
1231.85085,1.17318
1229.81137,1.16786
1227.77188,1.16245
1225.73239,1.15675
1223.69290,1.15167
1221.65341,1.14644
1219.61392,1.13970
1217.57444,1.13305
1215.53495,1.12892
1213.49546,1.12654
1211.45597,1.12414
1209.41648,1.12222
1207.37700,1.12126
1205.33751,1.12094
1203.29802,1.12156
1201.25853,1.12155
1199.21904,1.11781
1197.17956,1.11189
1195.14007,1.10936
1193.10058,1.11079
1191.06109,1.11260
1189.02160,1.11348
1186.98211,1.11528
1184.94263,1.12013
1182.90314,1.12812
1180.86365,1.13655
1178.82416,1.14506
1176.78467,1.15705
1174.74519,1.17112
1172.70570,1.18327
1170.66621,1.19459
1168.62672,1.20692
1166.58723,1.22038
1164.54774,1.23527
1162.50826,1.24853
1160.46877,1.25554
1158.42928,1.25654
1156.38979,1.25160
1154.35030,1.24069
1152.31082,1.22823
1150.27133,1.21882
1148.23184,1.21462
1146.19235,1.21376
1144.15286,1.21341
1142.11337,1.21442
1140.07389,1.21915
1138.03440,1.22712
1135.99491,1.23351
1133.95542,1.23725
1131.91593,1.24093
1129.87645,1.24425
1127.83696,1.24820
1125.79747,1.25459
1123.75798,1.26077
1121.71849,1.26401
1119.67900,1.26653
1117.63952,1.27180
1115.60003,1.27988
1113.56054,1.28708
1111.52105,1.29183
1109.48156,1.29554
1107.44208,1.29870
1105.40259,1.30024
1103.36310,1.29714
1101.32361,1.29069
1099.28412,1.28456
1097.24463,1.27802
1095.20515,1.27391
1093.16566,1.27660
1091.12617,1.28040
1089.08668,1.28036
1087.04719,1.28062
1085.00771,1.28452
1082.96822,1.29131
1080.92873,1.29602
1078.88924,1.29775
1076.84975,1.30161
1074.81027,1.30791
1072.77078,1.31437
1070.73129,1.31943
1068.69180,1.32339
1066.65231,1.32960
1064.61282,1.33886
1062.57334,1.34961
1060.53385,1.35867
1058.49436,1.36247
1056.45487,1.36237
1054.41538,1.35996
1052.37590,1.35675
1050.33641,1.35602
1048.29692,1.35465
1046.25743,1.35036
1044.21794,1.34780
1042.17845,1.34848
1040.13897,1.34837
1038.09948,1.34596
1036.05999,1.34167
1034.02050,1.33486
1031.98101,1.32904
1029.94153,1.32763
1027.90204,1.32516
1025.86255,1.31604
1023.82306,1.30456
1021.78357,1.29740
1019.74408,1.29477
1017.70460,1.29028
1015.66511,1.27978
1013.62562,1.26708
1011.58613,1.25766
1009.54664,1.25293
1007.50716,1.24830
1005.46767,1.23826
1003.42818,1.22433
1001.38869,1.21120
999.34920,1.19965
997.30971,1.18908
995.27023,1.18091
993.23074,1.17557
991.19125,1.17034
989.15176,1.16264
987.11227,1.15205
985.07279,1.14040
983.03330,1.12916
980.99381,1.11938
978.95432,1.11196
976.91483,1.10546
974.87534,1.10064
972.83586,1.09844
970.79637,1.09505
968.75688,1.08978
966.71739,1.08536
964.67790,1.08114
962.63842,1.07759
960.59893,1.07577
958.55944,1.07369
956.51995,1.07184
954.48046,1.07186
952.44097,1.07142
950.40149,1.06767
948.36200,1.06289
946.32251,1.06112
944.28302,1.06095
942.24353,1.05860
940.20405,1.05513
938.16456,1.05373
936.12507,1.05413
934.08558,1.05527
932.04609,1.05848
930.00661,1.06542
927.96712,1.07355
925.92763,1.08001
923.88814,1.08665
921.84865,1.09350
919.80916,1.09659
917.76968,1.09495
915.73019,1.09155
913.69070,1.08968
911.65121,1.08900
909.61172,1.08614
907.57224,1.08220
905.53275,1.08176
903.49326,1.08577
901.45377,1.09181
899.41428,1.09656
897.37479,1.09797
895.33531,1.09602
893.29582,1.09284
891.25633,1.09198
889.21684,1.09254
887.17735,1.09189
885.13787,1.09488
883.09838,1.10447
881.05889,1.11515
879.01940,1.12436
876.97991,1.13162
874.94042,1.13419
872.90094,1.13151
870.86145,1.12496
868.82196,1.11750
866.78247,1.11219
864.74298,1.10924
862.70350,1.10725
860.66401,1.10635
858.62452,1.10868
856.58503,1.11557
854.54554,1.12612
852.50605,1.13468
850.46657,1.13791
848.42708,1.14126
846.38759,1.14669
844.34810,1.14998
842.30861,1.15118
840.26913,1.15576
838.22964,1.16578
836.19015,1.17864
834.15066,1.18950
832.11117,1.19314
830.07168,1.19412
828.03220,1.19990
825.99271,1.20792
823.95322,1.21401
821.91373,1.21744
819.87424,1.21910
817.83476,1.22492
815.79527,1.23480
813.75578,1.24118
811.71629,1.24559
809.67680,1.25042
807.63731,1.25160
805.59783,1.25099
803.55834,1.25572
801.51885,1.26523
799.47936,1.26926
797.43987,1.26615
795.40039,1.26668
793.36090,1.27321
791.32141,1.27957
789.28192,1.28111
787.24243,1.27648
785.20295,1.27316
783.16346,1.27670
781.12397,1.28171
779.08448,1.28421
777.04499,1.28596
775.00550,1.28844
772.96602,1.28938
770.92653,1.28595
768.88704,1.28235
766.84755,1.28657
764.80806,1.29919
762.76858,1.30724
760.72909,1.30236
758.68960,1.30082
756.65011,1.31026
754.61062,1.31753
752.57113,1.31840
750.53165,1.31519
748.49216,1.31034
746.45267,1.31055
744.41318,1.31315
742.37369,1.31147
740.33421,1.31097
738.29472,1.31385
736.25523,1.31472
734.21574,1.31273
732.17625,1.31420
730.13676,1.32565
728.09728,1.34116
726.05779,1.35172
724.01830,1.35609
721.97881,1.35882
719.93932,1.36574
717.89984,1.37522
715.86035,1.37855
713.82086,1.37419
711.78137,1.37040
709.74188,1.37526
707.70239,1.38569
705.66291,1.39163
703.62342,1.39407
701.58393,1.40218
699.54444,1.41335
697.50495,1.41493
695.46547,1.40518
693.42598,1.39238
691.38649,1.37830
689.34700,1.36420
687.30751,1.35429
685.26802,1.35097
683.22854,1.35672
681.18905,1.36529
679.14956,1.36862
677.11007,1.37470
675.07058,1.39043
673.03110,1.41035
670.99161,1.42746
668.95212,1.43112
666.91263,1.41654
664.87314,1.39993
662.83365,1.38731
660.79417,1.37612
658.75468,1.37051
656.71519,1.37359
654.67570,1.38186
652.63621,1.39094
650.59673,1.40224
648.55724,1.41919
646.51775,1.43749
644.47826,1.44451
642.43877,1.42855
640.39929,1.39408
638.35980,1.36037
636.32031,1.34347
634.28082,1.33895
632.24133,1.33893
630.20184,1.34993
628.16236,1.37178
626.12287,1.39700
624.08338,1.42173
622.04389,1.43746
620.00440,1.44695
617.96492,1.44913
615.92543,1.42319
613.88594,1.39277
611.84645,1.39515
609.80696,1.41361
607.76747,1.43020
605.72799,1.44386
603.68850,1.43772
601.64901,1.43093
599.60952,1.43387
597.57003,1.41176
595.53055,1.37865
593.49106,1.37685
591.45157,1.39973
589.41208,1.41711
587.37259,1.40372
585.33310,1.36504
583.29362,1.33806
581.25413,1.34979
579.21464,1.38450
577.17515,1.41604
575.13566,1.42965
573.09618,1.42630
571.05669,1.40145
569.01720,1.37458
566.97771,1.37328
564.93822,1.39297
562.89873,1.39495
560.85925,1.38168
558.81976,1.37123
556.78027,1.37146
554.74078,1.39540
552.70129,1.44507
550.66181,1.47713
548.62232,1.43415
546.58283,1.37568
544.54334,1.40460
542.50385,1.46131
540.46436,1.43231
538.42488,1.38145
536.38539,1.39330
534.34590,1.42049
532.30641,1.38335
530.26692,1.30792
528.22744,1.23964
526.18795,1.26934
524.14846,1.39895
522.10897,1.41261
520.06948,1.25855
518.02999,1.14624
515.99051,1.11129
513.95102,1.09505
511.91153,1.15623
509.87204,1.21216
507.83255,1.24210
505.79307,1.22230
503.75358,1.15270
501.71409,0.95965
499.67460,0.78575
