3997.39681,0.32598
3995.35732,0.32580
3993.31783,0.32628
3991.27835,0.32672
3989.23886,0.32615
3987.19937,0.32517
3985.15988,0.32476
3983.12039,0.32454
3981.08091,0.32418
3979.04142,0.32413
3977.00193,0.32426
3974.96244,0.32382
3972.92295,0.32290
3970.88346,0.32223
3968.84398,0.32176
3966.80449,0.32128
3964.76500,0.32092
3962.72551,0.32069
3960.68602,0.32017
3958.64654,0.31917
3956.60705,0.31821
3954.56756,0.31779
3952.52807,0.31771
3950.48858,0.31754
3948.44909,0.31722
3946.40961,0.31694
3944.37012,0.31644
3942.33063,0.31532
3940.29114,0.31417
3938.25165,0.31356
3936.21217,0.31325
3934.17268,0.31286
3932.13319,0.31202
3930.09370,0.31080
3928.05421,0.30994
3926.01473,0.30962
3923.97524,0.30920
3921.93575,0.30835
3919.89626,0.30740
3917.85677,0.30636
3915.81728,0.30514
3913.77780,0.30417
3911.73831,0.30368
3909.69882,0.30342
3907.65933,0.30324
3905.61984,0.30284
3903.58036,0.30187
3901.54087,0.30063
3899.50138,0.29949
3897.46189,0.29861
3895.42240,0.29800
3893.38291,0.29721
3891.34343,0.29594
3889.30394,0.29510
3887.26445,0.29528
3885.22496,0.29555
3883.18547,0.29532
3881.14599,0.29434
3879.10650,0.29282
3877.06701,0.29235
3875.02752,0.29315
3872.98803,0.29330
3870.94854,0.29168
3868.90906,0.28976
3866.86957,0.28942
3864.83008,0.28973
3862.79059,0.28904
3860.75110,0.28782
3858.71162,0.28708
3856.67213,0.28667
3854.63264,0.28590
3852.59315,0.28506
3850.55366,0.28504
3848.51417,0.28555
3846.47469,0.28627
3844.43520,0.28715
3842.39571,0.28764
3840.35622,0.28726
3838.31673,0.28645
3836.27725,0.28590
3834.23776,0.28538
3832.19827,0.28481
3830.15878,0.28491
3828.11929,0.28575
3826.07980,0.28667
3824.04032,0.28727
3822.00083,0.28753
3819.96134,0.28768
3817.92185,0.28771
3815.88236,0.28716
3813.84288,0.28658
3811.80339,0.28676
3809.76390,0.28746
3807.72441,0.28809
3805.68492,0.28872
3803.64543,0.28963
3801.60595,0.29040
3799.56646,0.29093
3797.52697,0.29149
3795.48748,0.29183
3793.44799,0.29210
3791.40851,0.29269
3789.36902,0.29353
3787.32953,0.29433
3785.29004,0.29518
3783.25055,0.29639
3781.21107,0.29767
3779.17158,0.29836
3777.13209,0.29883
3775.09260,0.29992
3773.05311,0.30149
3771.01362,0.30305
3768.97414,0.30462
3766.93465,0.30628
3764.89516,0.30774
3762.85567,0.30904
3760.81618,0.31047
3758.77670,0.31208
3756.73721,0.31365
3754.69772,0.31488
3752.65823,0.31610
3750.61874,0.31828
3748.57925,0.32133
3746.53977,0.32369
3744.50028,0.32526
3742.46079,0.32755
3740.42130,0.33071
3738.38181,0.33342
3736.34233,0.33483
3734.30284,0.33552
3732.26335,0.33709
3730.22386,0.34012
3728.18437,0.34395
3726.14488,0.34781
3724.10540,0.35135
3722.06591,0.35472
3720.02642,0.35816
3717.98693,0.36191
3715.94744,0.36618
3713.90796,0.37100
3711.86847,0.37630
3709.82898,0.38219
3707.78949,0.38867
3705.75000,0.39560
3703.71051,0.40313
3701.67103,0.41160
3699.63154,0.42084
3697.59205,0.43005
3695.55256,0.43859
3693.51307,0.44625
3691.47359,0.45299
3689.43410,0.45883
3687.39461,0.46487
3685.35512,0.47216
3683.31563,0.48049
3681.27614,0.48978
3679.23666,0.50052
3677.19717,0.51334
3675.15768,0.52784
3673.11819,0.54229
3671.07870,0.55682
3669.03922,0.57166
3666.99973,0.58589
3664.96024,0.60040
3662.92075,0.61578
3660.88126,0.63109
3658.84177,0.64609
3656.80229,0.66182
3654.76280,0.67817
3652.72331,0.69462
3650.68382,0.71230
3648.64433,0.73030
3646.60485,0.74565
3644.56536,0.75880
3642.52587,0.77195
3640.48638,0.78523
3638.44689,0.79740
3636.40741,0.80877
3634.36792,0.82115
3632.32843,0.83569
3630.28894,0.85267
3628.24945,0.87066
3626.20996,0.88631
3624.17048,0.89965
3622.13099,0.91281
3620.09150,0.92615
3618.05201,0.93795
3616.01252,0.94766
3613.97304,0.95759
3611.93355,0.96866
3609.89406,0.97931
3607.85457,0.98932
3605.81508,1.00046
3603.77559,1.01351
3601.73611,1.02655
3599.69662,1.03682
3597.65713,1.04557
3595.61764,1.05543
3593.57815,1.06496
3591.53867,1.07260
3589.49918,1.08112
3587.45969,1.09225
3585.42020,1.10285
3583.38071,1.11109
3581.34122,1.11819
3579.30174,1.12522
3577.26225,1.13318
3575.22276,1.14243
3573.18327,1.15197
3571.14378,1.16220
3569.10430,1.17350
3567.06481,1.18353
3565.02532,1.19072
3562.98583,1.19674
3560.94634,1.20354
3558.90685,1.21141
3556.86737,1.21986
3554.82788,1.22899
3552.78839,1.23829
3550.74890,1.24624
3548.70941,1.25331
3546.66993,1.26103
3544.63044,1.26880
3542.59095,1.27456
3540.55146,1.27921
3538.51197,1.28641
3536.47248,1.29524
3534.43300,1.30092
3532.39351,1.30470
3530.35402,1.31127
3528.31453,1.32033
3526.27504,1.32904
3524.23556,1.33664
3522.19607,1.34287
3520.15658,1.34684
3518.11709,1.35001
3516.07760,1.35354
3514.03811,1.35675
3511.99863,1.36138
3509.95914,1.36863
3507.91965,1.37801
3505.88016,1.38910
3503.84067,1.39617
3501.80119,1.39444
3499.76170,1.39062
3497.72221,1.39121
3495.68272,1.39594
3493.64323,1.40423
3491.60375,1.41461
3489.56426,1.42357
3487.52477,1.42917
3485.48528,1.43151
3483.44579,1.43115
3481.40630,1.43151
3479.36682,1.43588
3477.32733,1.44204
3475.28784,1.44755
3473.24835,1.45266
3471.20886,1.45552
3469.16938,1.45577
3467.12989,1.45893
3465.09040,1.46599
3463.05091,1.46938
3461.01142,1.46689
3458.97193,1.46346
3456.93245,1.46164
3454.89296,1.46192
3452.85347,1.46565
3450.81398,1.47436
3448.77449,1.48403
3446.73501,1.48800
3444.69552,1.48842
3442.65603,1.48878
3440.61654,1.48706
3438.57705,1.48766
3436.53756,1.49483
3434.49808,1.50096
3432.45859,1.50381
3430.41910,1.51109
3428.37961,1.51940
3426.34012,1.51987
3424.30064,1.51478
3422.26115,1.51000
3420.22166,1.50825
3418.18217,1.51159
3416.14268,1.52022
3414.10319,1.52821
3412.06371,1.52764
3410.02422,1.52069
3407.98473,1.51623
3405.94524,1.51749
3403.90575,1.51845
3401.86627,1.51455
3399.82678,1.51270
3397.78729,1.51878
3395.74780,1.52799
3393.70831,1.53578
3391.66882,1.53644
3389.62934,1.52964
3387.58985,1.52757
3385.55036,1.53146
3383.51087,1.53334
3381.47138,1.53372
3379.43190,1.53497
3377.39241,1.53863
3375.35292,1.54427
3373.31343,1.54518
3371.27394,1.54236
3369.23446,1.54316
3367.19497,1.54686
3365.15548,1.54971
3363.11599,1.54942
3361.07650,1.54534
3359.03701,1.53908
3356.99753,1.53493
3354.95804,1.53527
3352.91855,1.53776
3350.87906,1.54069
3348.83957,1.54202
3346.80009,1.54067
3344.76060,1.53872
3342.72111,1.53902
3340.68162,1.54229
3338.64213,1.54682
3336.60264,1.54720
3334.56316,1.53890
3332.52367,1.52982
3330.48418,1.53146
3328.44469,1.54296
3326.40520,1.55222
3324.36572,1.55039
3322.32623,1.54174
3320.28674,1.53272
3318.24725,1.52555
3316.20776,1.52495
3314.16827,1.53091
3312.12879,1.53349
3310.08930,1.52963
3308.04981,1.52750
3306.01032,1.52919
3303.97083,1.52906
3301.93135,1.52773
3299.89186,1.52926
3297.85237,1.53204
3295.81288,1.53292
3293.77339,1.53263
3291.73390,1.53102
3289.69442,1.52757
3287.65493,1.52452
3285.61544,1.52071
3283.57595,1.51517
3281.53646,1.51028
3279.49698,1.50677
3277.45749,1.50405
3275.41800,1.50152
3273.37851,1.49891
3271.33902,1.49779
3269.29953,1.49933
3267.26005,1.49794
3265.22056,1.49153
3263.18107,1.48794
3261.14158,1.48508
3259.10209,1.47812
3257.06261,1.47347
3255.02312,1.47210
3252.98363,1.46934
3250.94414,1.46652
3248.90465,1.46438
3246.86516,1.46175
3244.82568,1.45969
3242.78619,1.45746
3240.74670,1.45344
3238.70721,1.44841
3236.66772,1.44510
3234.62824,1.44484
3232.58875,1.44328
3230.54926,1.43682
3228.50977,1.42898
3226.47028,1.42360
3224.43080,1.42085
3222.39131,1.42033
3220.35182,1.42010
3218.31233,1.41942
3216.27284,1.41866
3214.23335,1.41590
3212.19387,1.41150
3210.15438,1.40656
3208.11489,1.40062
3206.07540,1.39524
3204.03591,1.39299
3201.99643,1.39260
3199.95694,1.38950
3197.91745,1.38386
3195.87796,1.38020
3193.83847,1.37849
3191.79898,1.37535
3189.75950,1.37073
3187.72001,1.36762
3185.68052,1.36798
3183.64103,1.36923
3181.60154,1.36761
3179.56206,1.36412
3177.52257,1.36074
3175.48308,1.35569
3173.44359,1.34819
3171.40410,1.34279
3169.36461,1.34124
3167.32513,1.33878
3165.28564,1.33162
3163.24615,1.32353
3161.20666,1.32131
3159.16717,1.32243
3157.12769,1.31938
3155.08820,1.31306
3153.04871,1.30908
3151.00922,1.30802
3148.96973,1.30697
3146.93024,1.30488
3144.89076,1.30167
3142.85127,1.29779
3140.81178,1.29460
3138.77229,1.29144
3136.73280,1.28748
3134.69332,1.28482
3132.65383,1.28312
3130.61434,1.28047
3128.57485,1.27787
3126.53536,1.27500
3124.49587,1.27022
3122.45639,1.26587
3120.41690,1.26437
3118.37741,1.26317
3116.33792,1.26103
3114.29843,1.25893
3112.25895,1.25622
3110.21946,1.25391
3108.17997,1.25264
3106.14048,1.25068
3104.10099,1.24757
3102.06150,1.24363
3100.02202,1.23977
3097.98253,1.23721
3095.94304,1.23570
3093.90355,1.23499
3091.86406,1.23404
3089.82458,1.23185
3087.78509,1.23056
3085.74560,1.23028
3083.70611,1.22784
3081.66662,1.22280
3079.62714,1.21749
3077.58765,1.21453
3075.54816,1.21557
3073.50867,1.21818
3071.46918,1.21695
3069.42969,1.21185
3067.39021,1.20765
3065.35072,1.20511
3063.31123,1.20201
3061.27174,1.19834
3059.23225,1.19565
3057.19277,1.19371
3055.15328,1.19095
3053.11379,1.18685
3051.07430,1.18249
3049.03481,1.17957
3046.99532,1.17763
3044.95584,1.17522
3042.91635,1.17270
3040.87686,1.17083
3038.83737,1.16925
3036.79788,1.16639
3034.75840,1.16117
3032.71891,1.15554
3030.67942,1.15174
3028.63993,1.14884
3026.60044,1.14593
3024.56095,1.14415
3022.52147,1.14365
3020.48198,1.14339
3018.44249,1.14228
3016.40300,1.13979
3014.36351,1.13697
3012.32403,1.13430
3010.28454,1.13202
3008.24505,1.13166
3006.20556,1.13278
3004.16607,1.13317
3002.12658,1.13267
3000.08710,1.13254
2998.04761,1.13319
2996.00812,1.13457
2993.96863,1.13667
2991.92914,1.13895
2989.88966,1.14159
2987.85017,1.14507
2985.81068,1.14912
2983.77119,1.15458
2981.73170,1.16185
2979.69221,1.16927
2977.65273,1.17614
2975.61324,1.18355
2973.57375,1.19120
2971.53426,1.19703
2969.49477,1.20190
2967.45529,1.20877
2965.41580,1.21658
2963.37631,1.22292
2961.33682,1.22840
2959.29733,1.23383
2957.25784,1.23836
2955.21836,1.24039
2953.17887,1.24065
2951.13938,1.24153
2949.09989,1.24295
2947.06040,1.24468
2945.02092,1.24929
2942.98143,1.25720
2940.94194,1.26552
2938.90245,1.27296
2936.86296,1.27906
2934.82348,1.28329
2932.78399,1.28698
2930.74450,1.29222
2928.70501,1.29850
2926.66552,1.30359
2924.62603,1.30545
2922.58655,1.30327
2920.54706,1.29868
2918.50757,1.29103
2916.46808,1.27906
2914.42859,1.26613
2912.38911,1.25482
2910.34962,1.24345
2908.31013,1.23163
2906.27064,1.22132
2904.23115,1.21283
2902.19166,1.20487
2900.15218,1.19669
2898.11269,1.19053
2896.07320,1.18746
2894.03371,1.18531
2891.99422,1.18249
2889.95474,1.17839
2887.91525,1.17354
2885.87576,1.16851
2883.83627,1.16428
2881.79678,1.16109
2879.75729,1.15819
2877.71781,1.15598
2875.67832,1.15431
2873.63883,1.15271
2871.59934,1.15061
2869.55985,1.14732
2867.52037,1.14346
2865.48088,1.13915
2863.44139,1.13571
2861.40190,1.13564
2859.36241,1.13811
2857.32292,1.14133
2855.28344,1.14467
2853.24395,1.14741
2851.20446,1.14743
2849.16497,1.13888
2847.12548,1.11921
2845.08600,1.09459
2843.04651,1.07196
2841.00702,1.05411
2838.96753,1.04072
2836.92804,1.03011
2834.88855,1.02112
2832.84907,1.01285
2830.80958,1.00492
2828.77009,0.99841
2826.73060,0.99316
2824.69111,0.98743
2822.65163,0.98184
2820.61214,0.97805
2818.57265,0.97477
2816.53316,0.97047
2814.49367,0.96569
2812.45418,0.96133
2810.41470,0.95787
2808.37521,0.95521
2806.33572,0.95252
2804.29623,0.94918
2802.25674,0.94563
2800.21726,0.94239
2798.17777,0.93943
2796.13828,0.93656
2794.09879,0.93354
2792.05930,0.93010
2790.01982,0.92677
2787.98033,0.92431
2785.94084,0.92240
2783.90135,0.92012
2781.86186,0.91702
2779.82237,0.91395
2777.78289,0.91164
2775.74340,0.90953
2773.70391,0.90741
2771.66442,0.90569
2769.62493,0.90416
2767.58545,0.90199
2765.54596,0.89924
2763.50647,0.89688
2761.46698,0.89506
2759.42749,0.89323
2757.38800,0.89139
2755.34852,0.88983
2753.30903,0.88898
2751.26954,0.88856
2749.23005,0.88736
2747.19056,0.88502
2745.15108,0.88272
2743.11159,0.88151
2741.07210,0.88034
2739.03261,0.87823
2736.99312,0.87615
2734.95363,0.87471
2732.91415,0.87340
2730.87466,0.87219
2728.83517,0.87105
2726.79568,0.86880
2724.75619,0.86517
2722.71671,0.86184
2720.67722,0.85961
2718.63773,0.85787
2716.59824,0.85603
2714.55875,0.85347
2712.51926,0.85067
2710.47978,0.84883
2708.44029,0.84740
2706.40080,0.84534
2704.36131,0.84323
2702.32182,0.84151
2700.28234,0.83969
2698.24285,0.83718
2696.20336,0.83415
2694.16387,0.83108
2692.12438,0.82783
2690.08489,0.82472
2688.04541,0.82257
2686.00592,0.82165
2683.96643,0.82094
2681.92694,0.81907
2679.88745,0.81677
2677.84797,0.81516
2675.80848,0.81334
2673.76899,0.81051
2671.72950,0.80769
2669.69001,0.80547
2667.65052,0.80302
2665.61104,0.80014
2663.57155,0.79764
2661.53206,0.79547
2659.49257,0.79295
2657.45308,0.79022
2655.41360,0.78760
2653.37411,0.78511
2651.33462,0.78281
2649.29513,0.78094
2647.25564,0.77924
2645.21616,0.77717
2643.17667,0.77475
2641.13718,0.77185
2639.09769,0.76848
2637.05820,0.76548
2635.01871,0.76327
2632.97923,0.76141
2630.93974,0.75962
2628.90025,0.75800
2626.86076,0.75640
2624.82127,0.75441
2622.78179,0.75207
2620.74230,0.74987
2618.70281,0.74783
2616.66332,0.74562
2614.62383,0.74337
2612.58434,0.74114
2610.54486,0.73901
2608.50537,0.73741
2606.46588,0.73595
2604.42639,0.73410
2602.38690,0.73197
2600.34742,0.72994
2598.30793,0.72825
2596.26844,0.72685
2594.22895,0.72524
2592.18946,0.72301
2590.14997,0.72072
2588.11049,0.71885
2586.07100,0.71698
2584.03151,0.71521
2581.99202,0.71400
2579.95253,0.71307
2577.91305,0.71182
2575.87356,0.71003
2573.83407,0.70830
2571.79458,0.70679
2569.75509,0.70482
2567.71560,0.70270
2565.67612,0.70129
2563.63663,0.70067
2561.59714,0.69987
2559.55765,0.69821
2557.51816,0.69621
2555.47868,0.69435
2553.43919,0.69248
2551.39970,0.69086
2549.36021,0.68984
2547.32072,0.68895
2545.28123,0.68756
2543.24175,0.68606
2541.20226,0.68514
2539.16277,0.68456
2537.12328,0.68364
2535.08379,0.68207
2533.04431,0.68014
2531.00482,0.67829
2528.96533,0.67645
2526.92584,0.67461
2524.88635,0.67348
2522.84686,0.67290
2520.80738,0.67164
2518.76789,0.66983
2516.72840,0.66830
2514.68891,0.66717
2512.64942,0.66625
2510.60994,0.66491
2508.57045,0.66281
2506.53096,0.66053
2504.49147,0.65862
2502.45198,0.65712
2500.41250,0.65582
2498.37301,0.65442
2496.33352,0.65276
2494.29403,0.65074
2492.25454,0.64862
2490.21505,0.64681
2488.17557,0.64537
2486.13608,0.64435
2484.09659,0.64355
2482.05710,0.64219
2480.01761,0.63981
2477.97813,0.63724
2475.93864,0.63543
2473.89915,0.63411
2471.85966,0.63280
2469.82017,0.63175
2467.78068,0.63071
2465.74120,0.62916
2463.70171,0.62717
2461.66222,0.62525
2459.62273,0.62401
2457.58324,0.62316
2455.54376,0.62211
2453.50427,0.62062
2451.46478,0.61879
2449.42529,0.61725
2447.38580,0.61615
2445.34631,0.61492
2443.30683,0.61372
2441.26734,0.61302
2439.22785,0.61239
2437.18836,0.61122
2435.14887,0.60974
2433.10939,0.60830
2431.06990,0.60664
2429.03041,0.60497
2426.99092,0.60382
2424.95143,0.60292
2422.91194,0.60209
2420.87246,0.60132
2418.83297,0.60024
2416.79348,0.59879
2414.75399,0.59738
2412.71450,0.59619
2410.67502,0.59518
2408.63553,0.59433
2406.59604,0.59356
2404.55655,0.59298
2402.51706,0.59250
2400.47757,0.59169
2398.43809,0.59063
2396.39860,0.58979
2394.35911,0.58908
2392.31962,0.58823
2390.28013,0.58718
2388.24065,0.58601
2386.20116,0.58520
2384.16167,0.58513
2382.12218,0.58540
2380.08269,0.58545
2378.04320,0.58522
2376.00372,0.58474
2373.96423,0.58434
2371.92474,0.58457
2369.88525,0.58526
2367.84576,0.58567
2365.80628,0.58556
2363.76679,0.58561
2361.72730,0.58602
2359.68781,0.58526
2357.64832,0.58269
2355.60884,0.58003
2353.56935,0.57900
2351.52986,0.57993
2349.49037,0.58103
2347.45088,0.57996
2345.41139,0.57692
2343.37191,0.57431
2341.33242,0.57380
2339.29293,0.57426
2337.25344,0.57420
2335.21395,0.57362
2333.17447,0.57290
2331.13498,0.57188
2329.09549,0.57080
2327.05600,0.57008
2325.01651,0.56915
2322.97702,0.56732
2320.93754,0.56537
2318.89805,0.56422
2316.85856,0.56333
2314.81907,0.56199
2312.77958,0.56067
2310.74010,0.55984
2308.70061,0.55910
2306.66112,0.55820
2304.62163,0.55729
2302.58214,0.55653
2300.54265,0.55604
2298.50317,0.55569
2296.46368,0.55509
2294.42419,0.55423
2292.38470,0.55343
2290.34521,0.55280
2288.30573,0.55235
2286.26624,0.55208
2284.22675,0.55188
2282.18726,0.55168
2280.14777,0.55154
2278.10828,0.55157
2276.06880,0.55158
2274.02931,0.55140
2271.98982,0.55115
2269.95033,0.55083
2267.91084,0.55038
2265.87136,0.55013
2263.83187,0.55032
2261.79238,0.55066
2259.75289,0.55082
2257.71340,0.55090
2255.67391,0.55091
2253.63443,0.55078
2251.59494,0.55079
2249.55545,0.55106
2247.51596,0.55158
2245.47647,0.55205
2243.43699,0.55223
2241.39750,0.55197
2239.35801,0.55185
2237.31852,0.55229
2235.27903,0.55289
2233.23954,0.55304
2231.20006,0.55261
2229.16057,0.55221
2227.12108,0.55247
2225.08159,0.55338
2223.04210,0.55421
2221.00262,0.55420
2218.96313,0.55386
2216.92364,0.55402
2214.88415,0.55450
2212.84466,0.55473
2210.80518,0.55471
2208.76569,0.55461
2206.72620,0.55448
2204.68671,0.55452
2202.64722,0.55483
2200.60773,0.55530
2198.56825,0.55564
2196.52876,0.55598
2194.48927,0.55668
2192.44978,0.55743
2190.41029,0.55782
2188.37081,0.55803
2186.33132,0.55816
2184.29183,0.55818
2182.25234,0.55846
2180.21285,0.55923
2178.17336,0.55988
2176.13388,0.56041
2174.09439,0.56134
2172.05490,0.56210
2170.01541,0.56222
2167.97592,0.56220
2165.93644,0.56268
2163.89695,0.56363
2161.85746,0.56405
2159.81797,0.56373
2157.77848,0.56369
2155.73899,0.56417
2153.69951,0.56459
2151.66002,0.56450
2149.62053,0.56429
2147.58104,0.56458
2145.54155,0.56497
2143.50207,0.56491
2141.46258,0.56436
2139.42309,0.56380
2137.38360,0.56381
2135.34411,0.56423
2133.30462,0.56450
2131.26514,0.56448
2129.22565,0.56391
2127.18616,0.56283
2125.14667,0.56209
2123.10718,0.56195
2121.06770,0.56152
2119.02821,0.56043
2116.98872,0.55961
2114.94923,0.55963
2112.90974,0.55954
2110.87025,0.55886
2108.83077,0.55844
2106.79128,0.55837
2104.75179,0.55762
2102.71230,0.55631
2100.67281,0.55553
2098.63333,0.55519
2096.59384,0.55461
2094.55435,0.55364
2092.51486,0.55275
2090.47537,0.55235
2088.43588,0.55193
2086.39640,0.55094
2084.35691,0.54996
2082.31742,0.54934
2080.27793,0.54866
2078.23844,0.54807
2076.19896,0.54780
2074.15947,0.54744
2072.11998,0.54705
2070.08049,0.54666
2068.04100,0.54606
2066.00152,0.54542
2063.96203,0.54481
2061.92254,0.54434
2059.88305,0.54403
2057.84356,0.54355
2055.80407,0.54293
2053.76459,0.54259
2051.72510,0.54214
2049.68561,0.54120
2047.64612,0.54044
2045.60663,0.54018
2043.56715,0.54002
2041.52766,0.53959
2039.48817,0.53858
2037.44868,0.53722
2035.40919,0.53615
2033.36970,0.53558
2031.33022,0.53509
2029.29073,0.53425
2027.25124,0.53316
2025.21175,0.53204
2023.17226,0.53113
2021.13278,0.53062
2019.09329,0.53000
2017.05380,0.52878
2015.01431,0.52729
2012.97482,0.52602
2010.93533,0.52521
2008.89585,0.52474
2006.85636,0.52413
2004.81687,0.52325
2002.77738,0.52252
2000.73789,0.52216
1998.69841,0.52190
1996.65892,0.52163
1994.61943,0.52164
1992.57994,0.52172
1990.54045,0.52135
1988.50096,0.52070
1986.46148,0.51995
1984.42199,0.51922
1982.38250,0.51864
1980.34301,0.51819
1978.30352,0.51789
1976.26404,0.51773
1974.22455,0.51768
1972.18506,0.51789
1970.14557,0.51866
1968.10608,0.51966
1966.06659,0.51978
1964.02711,0.51909
1961.98762,0.51849
1959.94813,0.51809
1957.90864,0.51794
1955.86915,0.51830
1953.82967,0.51885
1951.79018,0.51910
1949.75069,0.51909
1947.71120,0.51908
1945.67171,0.51952
1943.63222,0.52033
1941.59274,0.52040
1939.55325,0.51950
1937.51376,0.51878
1935.47427,0.51870
1933.43478,0.51899
1931.39530,0.51945
1929.35581,0.51995
1927.31632,0.52064
1925.27683,0.52190
1923.23734,0.52319
1921.19786,0.52392
1919.15837,0.52478
1917.11888,0.52561
1915.07939,0.52583
1913.03990,0.52625
1911.00041,0.52723
1908.96093,0.52814
1906.92144,0.52854
1904.88195,0.52872
1902.84246,0.52909
1900.80297,0.52974
1898.76349,0.53079
1896.72400,0.53223
1894.68451,0.53341
1892.64502,0.53413
1890.60553,0.53487
1888.56604,0.53540
1886.52656,0.53561
1884.48707,0.53603
1882.44758,0.53681
1880.40809,0.53779
1878.36860,0.53872
1876.32912,0.53948
1874.28963,0.54066
1872.25014,0.54309
1870.21065,0.54621
1868.17116,0.54775
1866.13167,0.54697
1864.09219,0.54614
1862.05270,0.54651
1860.01321,0.54751
1857.97372,0.54863
1855.93423,0.54992
1853.89475,0.55131
1851.85526,0.55297
1849.81577,0.55537
1847.77628,0.55869
1845.73679,0.56224
1843.69730,0.56445
1841.65782,0.56488
1839.61833,0.56549
1837.57884,0.56741
1835.53935,0.57011
1833.49986,0.57367
1831.46038,0.57837
1829.42089,0.58275
1827.38140,0.58552
1825.34191,0.58739
1823.30242,0.58932
1821.26293,0.59197
1819.22345,0.59565
1817.18396,0.59979
1815.14447,0.60398
1813.10498,0.60872
1811.06549,0.61401
1809.02601,0.61899
1806.98652,0.62373
1804.94703,0.62934
1802.90754,0.63630
1800.86805,0.64392
1798.82856,0.65101
1796.78908,0.65784
1794.74959,0.66577
1792.71010,0.67471
1790.67061,0.68258
1788.63112,0.68914
1786.59164,0.69690
1784.55215,0.70677
1782.51266,0.71752
1780.47317,0.72817
1778.43368,0.73856
1776.39420,0.74987
1774.35471,0.76438
1772.31522,0.78221
1770.27573,0.79993
1768.23624,0.81625
1766.19675,0.83324
1764.15727,0.85265
1762.11778,0.87553
1760.07829,0.89969
1758.03880,0.92331
1755.99931,0.94738
1753.95983,0.97196
1751.92034,0.99981
1749.88085,1.03268
1747.84136,1.06453
1745.80187,1.09149
1743.76238,1.11676
1741.72290,1.14162
1739.68341,1.16327
1737.64392,1.17988
1735.60443,1.19414
1733.56494,1.20702
1731.52546,1.21420
1729.48597,1.21570
1727.44648,1.21548
1725.40699,1.21652
1723.36750,1.21933
1721.32801,1.22377
1719.28853,1.23143
1717.24904,1.24224
1715.20955,1.25134
1713.17006,1.25812
1711.13057,1.26652
1709.09109,1.27816
1707.05160,1.29337
1705.01211,1.31167
1702.97262,1.33245
1700.93313,1.35997
1698.89364,1.39421
1696.85416,1.42507
1694.81467,1.44924
1692.77518,1.46829
1690.73569,1.48736
1688.69620,1.50899
1686.65672,1.53187
1684.61723,1.55850
1682.57774,1.58441
1680.53825,1.59999
1678.49876,1.60964
1676.45927,1.62126
1674.41979,1.63577
1672.38030,1.65088
1670.34081,1.66728
1668.30132,1.68182
1666.26183,1.68778
1664.22235,1.68712
1662.18286,1.68472
1660.14337,1.68276
1658.10388,1.68234
1656.06439,1.68566
1654.02490,1.69107
1651.98542,1.68884
1649.94593,1.68235
1647.90644,1.68293
1645.86695,1.68699
1643.82746,1.68346
1641.78798,1.67348
1639.74849,1.66416
1637.70900,1.65798
1635.66951,1.65189
1633.63002,1.64603
1631.59054,1.64503
1629.55105,1.64868
1627.51156,1.65294
1625.47207,1.65310
1623.43258,1.64831
1621.39309,1.64257
1619.35361,1.63862
1617.31412,1.63447
1615.27463,1.62832
1613.23514,1.62260
1611.19565,1.61970
1609.15617,1.61872
1607.11668,1.61719
1605.07719,1.61384
1603.03770,1.60833
1600.99821,1.60250
1598.95872,1.59870
1596.91924,1.59671
1594.87975,1.59439
1592.84026,1.58941
1590.80077,1.58237
1588.76128,1.57536
1586.72180,1.56866
1584.68231,1.56129
1582.64282,1.55279
1580.60333,1.54561
1578.56384,1.54263
1576.52435,1.54156
1574.48487,1.53674
1572.44538,1.52698
1570.40589,1.51518
1568.36640,1.50570
1566.32691,1.50249
1564.28743,1.50358
1562.24794,1.50382
1560.20845,1.50071
1558.16896,1.49353
1556.12947,1.48569
1554.08998,1.48130
1552.05050,1.47834
1550.01101,1.47465
1547.97152,1.47198
1545.93203,1.47014
1543.89254,1.46640
1541.85306,1.46170
1539.81357,1.45818
1537.77408,1.45359
1535.73459,1.44549
1533.69510,1.43387
1531.65561,1.42261
1529.61613,1.41648
1527.57664,1.41481
1525.53715,1.41371
1523.49766,1.41029
1521.45817,1.40589
1519.41869,1.40472
1517.37920,1.40528
1515.33971,1.40180
1513.30022,1.39405
1511.26073,1.38539
1509.22124,1.37587
1507.18176,1.36337
1505.14227,1.35068
1503.10278,1.34191
1501.06329,1.33615
1499.02380,1.33053
1496.98432,1.32244
1494.94483,1.31403
1492.90534,1.30990
1490.86585,1.31075
1488.82636,1.31396
1486.78688,1.31645
1484.74739,1.31828
1482.70790,1.32253
1480.66841,1.33245
1478.62892,1.34823
1476.58943,1.36638
1474.54995,1.38476
1472.51046,1.40568
1470.47097,1.42745
1468.43148,1.44429
1466.39199,1.45704
1464.35251,1.46952
1462.31302,1.48070
1460.27353,1.48859
1458.23404,1.49603
1456.19455,1.50297
1454.15506,1.50664
1452.11558,1.51094
1450.07609,1.51816
1448.03660,1.52678
1445.99711,1.53558
1443.95762,1.54162
1441.91814,1.54318
1439.87865,1.54390
1437.83916,1.54894
1435.79967,1.55826
1433.76018,1.56574
1431.72069,1.56811
1429.68121,1.56527
1427.64172,1.56124
1425.60223,1.56161
1423.56274,1.56626
1421.52325,1.57172
1419.48377,1.57474
1417.44428,1.57287
1415.40479,1.56691
1413.36530,1.56119
1411.32581,1.55958
1409.28632,1.56071
1407.24684,1.56138
1405.20735,1.56325
1403.16786,1.56801
1401.12837,1.57239
1399.08888,1.57149
1397.04940,1.56430
1395.00991,1.55647
1392.97042,1.55179
1390.93093,1.54828
1388.89144,1.54589
1386.85195,1.54537
1384.81247,1.54494
1382.77298,1.54312
1380.73349,1.53914
1378.69400,1.53551
1376.65451,1.53562
1374.61503,1.53657
1372.57554,1.53265
1370.53605,1.52485
1368.49656,1.51925
1366.45707,1.51724
1364.41758,1.51413
1362.37810,1.50800
1360.33861,1.50131
1358.29912,1.49492
1356.25963,1.48857
1354.22014,1.48300
1352.18066,1.47907
1350.14117,1.47822
1348.10168,1.48073
1346.06219,1.48308
1344.02270,1.48205
1341.98322,1.47939
1339.94373,1.47731
1337.90424,1.47455
1335.86475,1.47050
1333.82526,1.46713
1331.78577,1.46538
1329.74629,1.46434
1327.70680,1.46342
1325.66731,1.46133
1323.62782,1.45670
1321.58833,1.45283
1319.54885,1.45223
1317.50936,1.45036
1315.46987,1.44341
1313.43038,1.43309
1311.39089,1.42325
1309.35140,1.41572
1307.31192,1.40754
1305.27243,1.39703
1303.23294,1.38828
1301.19345,1.38338
1299.15396,1.38075
1297.11448,1.38025
1295.07499,1.37977
1293.03550,1.37660
1290.99601,1.37359
1288.95652,1.37380
1286.91703,1.37594
1284.87755,1.37758
1282.83806,1.37797
1280.79857,1.37874
1278.75908,1.38128
1276.71959,1.38505
1274.68011,1.38788
1272.64062,1.38725
1270.60113,1.38594
1268.56164,1.38929
1266.52215,1.39555
1264.48266,1.39874
1262.44318,1.39679
1260.40369,1.39322
1258.36420,1.39201
1256.32471,1.39255
1254.28522,1.39232
1252.24574,1.39159
1250.20625,1.39158
1248.16676,1.39225
1246.12727,1.39297
1244.08778,1.39159
1242.04829,1.38769
1240.00881,1.38395
1237.96932,1.38160
1235.92983,1.37892
1233.89034,1.37377
1231.85085,1.36712
1229.81137,1.36121
1227.77188,1.35448
1225.73239,1.34610
1223.69290,1.33849
1221.65341,1.33130
1219.61392,1.32216
1217.57444,1.31284
1215.53495,1.30819
1213.49546,1.30793
1211.45597,1.30769
1209.41648,1.30725
1207.37700,1.30651
1205.33751,1.30356
1203.29802,1.30209
1201.25853,1.30411
1199.21904,1.30343
1197.17956,1.29851
1195.14007,1.29534
1193.10058,1.29553
1191.06109,1.29752
1189.02160,1.30161
1186.98211,1.30869
1184.94263,1.31739
1182.90314,1.32632
1180.86365,1.33908
1178.82416,1.35721
1176.78467,1.37572
1174.74519,1.39404
1172.70570,1.41442
1170.66621,1.43498
1168.62672,1.45207
1166.58723,1.46419
1164.54774,1.47341
1162.50826,1.48045
1160.46877,1.48505
1158.42928,1.48672
1156.38979,1.48366
1154.35030,1.47843
1152.31082,1.47656
1150.27133,1.47652
1148.23184,1.47546
1146.19235,1.47382
1144.15286,1.46994
1142.11337,1.46811
1140.07389,1.47246
1138.03440,1.47751
1135.99491,1.48056
1133.95542,1.48485
1131.91593,1.49251
1129.87645,1.50210
1127.83696,1.51203
1125.79747,1.52303
1123.75798,1.53402
1121.71849,1.54594
1119.67900,1.55818
1117.63952,1.56304
1115.60003,1.56312
1113.56054,1.56741
1111.52105,1.57383
1109.48156,1.57914
1107.44208,1.58411
1105.40259,1.58412
1103.36310,1.57685
1101.32361,1.57032
1099.28412,1.57022
1097.24463,1.57385
1095.20515,1.57533
1093.16566,1.57325
1091.12617,1.57374
1089.08668,1.57820
1087.04719,1.57845
1085.00771,1.57757
1082.96822,1.58268
1080.92873,1.58872
1078.88924,1.59136
1076.84975,1.58989
1074.81027,1.58689
1072.77078,1.58597
1070.73129,1.58456
1068.69180,1.58178
1066.65231,1.57531
1064.61282,1.56223
1062.57334,1.55159
1060.53385,1.54787
1058.49436,1.54515
1056.45487,1.54301
1054.41538,1.54166
1052.37590,1.53614
1050.33641,1.52734
1048.29692,1.52257
1046.25743,1.52299
1044.21794,1.52244
1042.17845,1.51864
1040.13897,1.51479
1038.09948,1.51060
1036.05999,1.50099
1034.02050,1.48373
1031.98101,1.46699
1029.94153,1.45908
1027.90204,1.45711
1025.86255,1.45306
1023.82306,1.44258
1021.78357,1.42898
1019.74408,1.41786
1017.70460,1.40871
1015.66511,1.39913
1013.62562,1.38954
1011.58613,1.37865
1009.54664,1.36686
1007.50716,1.35710
1005.46767,1.34811
1003.42818,1.33702
1001.38869,1.32512
999.34920,1.31542
997.30971,1.30548
995.27023,1.29239
993.23074,1.27988
991.19125,1.27040
989.15176,1.25954
987.11227,1.24409
985.07279,1.22710
983.03330,1.21197
980.99381,1.20013
978.95432,1.19236
976.91483,1.18708
974.87534,1.18091
972.83586,1.17483
970.79637,1.17246
968.75688,1.17168
966.71739,1.16937
964.67790,1.16676
962.63842,1.16331
960.59893,1.15798
958.55944,1.15386
956.51995,1.15076
954.48046,1.14464
952.44097,1.13526
950.40149,1.12523
948.36200,1.11672
946.32251,1.10862
944.28302,1.09880
942.24353,1.08823
940.20405,1.07980
938.16456,1.07600
936.12507,1.07595
934.08558,1.07635
932.04609,1.07665
930.00661,1.07712
927.96712,1.07708
925.92763,1.07836
923.88814,1.08302
921.84865,1.08999
919.80916,1.09566
917.76968,1.09829
915.73019,1.09994
913.69070,1.10227
911.65121,1.10628
909.61172,1.11131
907.57224,1.11616
905.53275,1.12308
903.49326,1.13115
901.45377,1.13657
899.41428,1.14062
897.37479,1.14377
895.33531,1.14401
893.29582,1.14246
891.25633,1.14037
889.21684,1.13728
887.17735,1.13307
885.13787,1.12813
883.09838,1.12331
881.05889,1.12166
879.01940,1.12460
876.97991,1.12728
874.94042,1.12670
872.90094,1.12642
870.86145,1.12795
868.82196,1.12938
866.78247,1.13210
864.74298,1.13675
862.70350,1.14083
860.66401,1.14541
858.62452,1.15143
856.58503,1.15716
854.54554,1.16208
852.50605,1.16521
850.46657,1.16745
848.42708,1.17243
846.38759,1.17986
844.34810,1.18855
842.30861,1.19981
840.26913,1.21213
838.22964,1.22165
836.19015,1.22679
834.15066,1.23072
832.11117,1.23780
830.07168,1.24572
828.03220,1.25020
825.99271,1.25379
823.95322,1.25610
821.91373,1.25373
819.87424,1.25385
817.83476,1.26198
815.79527,1.27005
813.75578,1.27288
811.71629,1.27470
809.67680,1.27830
807.63731,1.28382
805.59783,1.28726
803.55834,1.28706
801.51885,1.29066
799.47936,1.29919
797.43987,1.30714
795.40039,1.31134
793.36090,1.31246
791.32141,1.31732
789.28192,1.32988
787.24243,1.34392
785.20295,1.34851
783.16346,1.34549
781.12397,1.34680
779.08448,1.35048
777.04499,1.35036
775.00550,1.35068
772.96602,1.35672
770.92653,1.36781
768.88704,1.37432
766.84755,1.37080
764.80806,1.36783
762.76858,1.37070
760.72909,1.37304
758.68960,1.37738
756.65011,1.38894
754.61062,1.39628
752.57113,1.39129
750.53165,1.39120
748.49216,1.40349
746.45267,1.41244
744.41318,1.41489
742.37369,1.41666
740.33421,1.41442
738.29472,1.40900
736.25523,1.40881
734.21574,1.41804
732.17625,1.42856
730.13676,1.43163
728.09728,1.43257
726.05779,1.44068
724.01830,1.44940
721.97881,1.45357
719.93932,1.45477
717.89984,1.45237
715.86035,1.44977
713.82086,1.45415
711.78137,1.46478
709.74188,1.47678
707.70239,1.48497
705.66291,1.48454
703.62342,1.47855
701.58393,1.47645
699.54444,1.48038
697.50495,1.47966
695.46547,1.47108
693.42598,1.46810
691.38649,1.47412
689.34700,1.47714
687.30751,1.47830
685.26802,1.49051
683.22854,1.50845
681.18905,1.51517
679.14956,1.51108
677.11007,1.51060
675.07058,1.51753
673.03110,1.52240
670.99161,1.51763
668.95212,1.50703
666.91263,1.50520
664.87314,1.51081
662.83365,1.50434
660.79417,1.48740
658.75468,1.48029
656.71519,1.48571
654.67570,1.49055
652.63621,1.49093
650.59673,1.49273
648.55724,1.49473
646.51775,1.48902
644.47826,1.47950
642.43877,1.47964
640.39929,1.48886
638.35980,1.49320
636.32031,1.48731
634.28082,1.47437
632.24133,1.46239
630.20184,1.46858
628.16236,1.49524
626.12287,1.51906
624.08338,1.51919
622.04389,1.51271
620.00440,1.50649
617.96492,1.49725
615.92543,1.48571
613.88594,1.47615
611.84645,1.48747
609.80696,1.50757
607.76747,1.51386
605.72799,1.52137
603.68850,1.52435
601.64901,1.52268
599.60952,1.52719
597.57003,1.52045
595.53055,1.50185
593.49106,1.49005
591.45157,1.49882
589.41208,1.52142
587.37259,1.51678
585.33310,1.48410
583.29362,1.46566
581.25413,1.47135
579.21464,1.49800
577.17515,1.52877
575.13566,1.51700
573.09618,1.47526
571.05669,1.46981
569.01720,1.48708
566.97771,1.47234
564.93822,1.42489
562.89873,1.39438
560.85925,1.39363
558.81976,1.41017
556.78027,1.42362
554.74078,1.44897
552.70129,1.50791
550.66181,1.55422
548.62232,1.52762
546.58283,1.48385
544.54334,1.45432
542.50385,1.41301
540.46436,1.38752
538.42488,1.39737
536.38539,1.41890
534.34590,1.43908
532.30641,1.45421
530.26692,1.42176
528.22744,1.35725
526.18795,1.33878
524.14846,1.37160
522.10897,1.40229
520.06948,1.41163
518.02999,1.45176
515.99051,1.53447
513.95102,1.71978
511.91153,1.71602
509.87204,1.50574
507.83255,1.52752
505.79307,1.67656
503.75358,1.26672
501.71409,0.98661
499.67460,0.91975
