3997.39681,0.35068
3995.35732,0.35100
3993.31783,0.35138
3991.27835,0.35145
3989.23886,0.35067
3987.19937,0.34970
3985.15988,0.34936
3983.12039,0.34920
3981.08091,0.34893
3979.04142,0.34889
3977.00193,0.34902
3974.96244,0.34866
3972.92295,0.34751
3970.88346,0.34627
3968.84398,0.34558
3966.80449,0.34545
3964.76500,0.34562
3962.72551,0.34551
3960.68602,0.34473
3958.64654,0.34359
3956.60705,0.34263
3954.56756,0.34211
3952.52807,0.34193
3950.48858,0.34157
3948.44909,0.34086
3946.40961,0.34025
3944.37012,0.33979
3942.33063,0.33900
3940.29114,0.33789
3938.25165,0.33691
3936.21217,0.33626
3934.17268,0.33571
3932.13319,0.33499
3930.09370,0.33435
3928.05421,0.33416
3926.01473,0.33402
3923.97524,0.33336
3921.93575,0.33224
3919.89626,0.33104
3917.85677,0.32995
3915.81728,0.32892
3913.77780,0.32787
3911.73831,0.32679
3909.69882,0.32592
3907.65933,0.32564
3905.61984,0.32567
3903.58036,0.32515
3901.54087,0.32407
3899.50138,0.32292
3897.46189,0.32201
3895.42240,0.32176
3893.38291,0.32161
3891.34343,0.32022
3889.30394,0.31816
3887.26445,0.31699
3885.22496,0.31687
3883.18547,0.31739
3881.14599,0.31757
3879.10650,0.31658
3877.06701,0.31544
3875.02752,0.31489
3872.98803,0.31445
3870.94854,0.31372
3868.90906,0.31309
3866.86957,0.31298
3864.83008,0.31266
3862.79059,0.31171
3860.75110,0.31077
3858.71162,0.30993
3856.67213,0.30855
3854.63264,0.30739
3852.59315,0.30816
3850.55366,0.30978
3848.51417,0.31036
3846.47469,0.31025
3844.43520,0.31014
3842.39571,0.30984
3840.35622,0.30920
3838.31673,0.30862
3836.27725,0.30865
3834.23776,0.30922
3832.19827,0.30972
3830.15878,0.30981
3828.11929,0.30951
3826.07980,0.30901
3824.04032,0.30880
3822.00083,0.30919
3819.96134,0.30982
3817.92185,0.31014
3815.88236,0.31005
3813.84288,0.31006
3811.80339,0.31020
3809.76390,0.31020
3807.72441,0.31009
3805.68492,0.31022
3803.64543,0.31099
3801.60595,0.31224
3799.56646,0.31356
3797.52697,0.31457
3795.48748,0.31508
3793.44799,0.31548
3791.40851,0.31598
3789.36902,0.31662
3787.32953,0.31752
3785.29004,0.31853
3783.25055,0.31953
3781.21107,0.32068
3779.17158,0.32173
3777.13209,0.32257
3775.09260,0.32338
3773.05311,0.32426
3771.01362,0.32535
3768.97414,0.32685
3766.93465,0.32845
3764.89516,0.32958
3762.85567,0.33059
3760.81618,0.33223
3758.77670,0.33428
3756.73721,0.33593
3754.69772,0.33689
3752.65823,0.33772
3750.61874,0.33910
3748.57925,0.34109
3746.53977,0.34331
3744.50028,0.34630
3742.46079,0.35027
3740.42130,0.35353
3738.38181,0.35525
3736.34233,0.35681
3734.30284,0.35950
3732.26335,0.36296
3730.22386,0.36657
3728.18437,0.37019
3726.14488,0.37378
3724.10540,0.37753
3722.06591,0.38152
3720.02642,0.38580
3717.98693,0.39040
3715.94744,0.39530
3713.90796,0.40119
3711.86847,0.40937
3709.82898,0.41967
3707.78949,0.43017
3705.75000,0.44058
3703.71051,0.45307
3701.67103,0.46889
3699.63154,0.48563
3697.59205,0.50012
3695.55256,0.51110
3693.51307,0.51810
3691.47359,0.52117
3689.43410,0.52131
3687.39461,0.52129
3685.35512,0.52363
3683.31563,0.52807
3681.27614,0.53359
3679.23666,0.54076
3677.19717,0.55201
3675.15768,0.56733
3673.11819,0.58261
3671.07870,0.59730
3669.03922,0.61251
3666.99973,0.62670
3664.96024,0.64010
3662.92075,0.65413
3660.88126,0.66896
3658.84177,0.68436
3656.80229,0.70020
3654.76280,0.71545
3652.72331,0.72954
3650.68382,0.74472
3648.64433,0.76272
3646.60485,0.77952
3644.56536,0.79154
3642.52587,0.80176
3640.48638,0.81338
3638.44689,0.82597
3636.40741,0.83874
3634.36792,0.85242
3632.32843,0.86779
3630.28894,0.88520
3628.24945,0.90305
3626.20996,0.91821
3624.17048,0.93167
3622.13099,0.94546
3620.09150,0.95834
3618.05201,0.96774
3616.01252,0.97495
3613.97304,0.98303
3611.93355,0.99182
3609.89406,1.00004
3607.85457,1.00875
3605.81508,1.01955
3603.77559,1.03208
3601.73611,1.04447
3599.69662,1.05484
3597.65713,1.06381
3595.61764,1.07331
3593.57815,1.08322
3591.53867,1.09173
3589.49918,1.09929
3587.45969,1.10892
3585.42020,1.12059
3583.38071,1.13116
3581.34122,1.13970
3579.30174,1.14814
3577.26225,1.15751
3575.22276,1.16622
3573.18327,1.17425
3571.14378,1.18416
3569.10430,1.19747
3567.06481,1.21222
3565.02532,1.22359
3562.98583,1.22904
3560.94634,1.23024
3558.90685,1.23133
3556.86737,1.23521
3554.82788,1.24101
3552.78839,1.24867
3550.74890,1.25935
3548.70941,1.27024
3546.66993,1.27817
3544.63044,1.28500
3542.59095,1.29307
3540.55146,1.30228
3538.51197,1.31120
3536.47248,1.31808
3534.43300,1.32288
3532.39351,1.32691
3530.35402,1.33131
3528.31453,1.33677
3526.27504,1.34534
3524.23556,1.35707
3522.19607,1.36596
3520.15658,1.36874
3518.11709,1.37033
3516.07760,1.37490
3514.03811,1.38114
3511.99863,1.38747
3509.95914,1.39338
3507.91965,1.39797
3505.88016,1.40133
3503.84067,1.40530
3501.80119,1.41113
3499.76170,1.41731
3497.72221,1.42175
3495.68272,1.42684
3493.64323,1.43466
3491.60375,1.43988
3489.56426,1.43984
3487.52477,1.44035
3485.48528,1.44577
3483.44579,1.45454
3481.40630,1.46458
3479.36682,1.47402
3477.32733,1.47945
3475.28784,1.48185
3473.24835,1.48670
3471.20886,1.49076
3469.16938,1.48797
3467.12989,1.48621
3465.09040,1.49407
3463.05091,1.50316
3461.01142,1.50384
3458.97193,1.50387
3456.93245,1.51028
3454.89296,1.51718
3452.85347,1.51957
3450.81398,1.51829
3448.77449,1.51713
3446.73501,1.52144
3444.69552,1.53105
3442.65603,1.53802
3440.61654,1.53809
3438.57705,1.53434
3436.53756,1.52960
3434.49808,1.52888
3432.45859,1.53922
3430.41910,1.55553
3428.37961,1.56634
3426.34012,1.57031
3424.30064,1.57137
3422.26115,1.57066
3420.22166,1.56787
3418.18217,1.56261
3416.14268,1.55764
3414.10319,1.55702
3412.06371,1.56084
3410.02422,1.56637
3407.98473,1.57185
3405.94524,1.57721
3403.90575,1.57670
3401.86627,1.56998
3399.82678,1.56924
3397.78729,1.57496
3395.74780,1.57817
3393.70831,1.57908
3391.66882,1.58062
3389.62934,1.58060
3387.58985,1.57849
3385.55036,1.57579
3383.51087,1.57488
3381.47138,1.57760
3379.43190,1.58132
3377.39241,1.58493
3375.35292,1.59240
3373.31343,1.59857
3371.27394,1.59414
3369.23446,1.58584
3367.19497,1.58200
3365.15548,1.58288
3363.11599,1.58827
3361.07650,1.59542
3359.03701,1.60154
3356.99753,1.60488
3354.95804,1.60182
3352.91855,1.59416
3350.87906,1.58892
3348.83957,1.59190
3346.80009,1.60048
3344.76060,1.60328
3342.72111,1.59934
3340.68162,1.60071
3338.64213,1.60570
3336.60264,1.60218
3334.56316,1.59587
3332.52367,1.59524
3330.48418,1.59335
3328.44469,1.58731
3326.40520,1.58131
3324.36572,1.57752
3322.32623,1.58006
3320.28674,1.58725
3318.24725,1.58863
3316.20776,1.58390
3314.16827,1.58085
3312.12879,1.57946
3310.08930,1.57885
3308.04981,1.58047
3306.01032,1.58250
3303.97083,1.58169
3301.93135,1.57920
3299.89186,1.58184
3297.85237,1.58767
3295.81288,1.58629
3293.77339,1.57863
3291.73390,1.57423
3289.69442,1.57537
3287.65493,1.57543
3285.61544,1.57030
3283.57595,1.56141
3281.53646,1.55463
3279.49698,1.55518
3277.45749,1.55736
3275.41800,1.55370
3273.37851,1.54630
3271.33902,1.53885
3269.29953,1.53253
3267.26005,1.53019
3265.22056,1.53259
3263.18107,1.53400
3261.14158,1.53117
3259.10209,1.52663
3257.06261,1.52096
3255.02312,1.51490
3252.98363,1.51237
3250.94414,1.51204
3248.90465,1.50809
3246.86516,1.50124
3244.82568,1.49532
3242.78619,1.48993
3240.74670,1.48669
3238.70721,1.48855
3236.66772,1.49125
3234.62824,1.48835
3232.58875,1.48035
3230.54926,1.47214
3228.50977,1.46593
3226.47028,1.46336
3224.43080,1.46394
3222.39131,1.46321
3220.35182,1.45984
3218.31233,1.45567
3216.27284,1.45298
3214.23335,1.45102
3212.19387,1.44815
3210.15438,1.44604
3208.11489,1.44439
3206.07540,1.44032
3204.03591,1.43509
3201.99643,1.43346
3199.95694,1.43342
3197.91745,1.42985
3195.87796,1.42575
3193.83847,1.42349
3191.79898,1.41918
3189.75950,1.41221
3187.72001,1.40660
3185.68052,1.40356
3183.64103,1.40023
3181.60154,1.39667
3179.56206,1.39565
3177.52257,1.39620
3175.48308,1.39532
3173.44359,1.39250
3171.40410,1.38986
3169.36461,1.38759
3167.32513,1.38265
3165.28564,1.37486
3163.24615,1.36808
3161.20666,1.36409
3159.16717,1.36097
3157.12769,1.35716
3155.08820,1.35376
3153.04871,1.35066
3151.00922,1.34601
3148.96973,1.34128
3146.93024,1.33811
3144.89076,1.33608
3142.85127,1.33449
3140.81178,1.33169
3138.77229,1.32850
3136.73280,1.32657
3134.69332,1.32332
3132.65383,1.31728
3130.61434,1.31354
3128.57485,1.31437
3126.53536,1.31428
3124.49587,1.31151
3122.45639,1.31005
3120.41690,1.30873
3118.37741,1.30459
3116.33792,1.29989
3114.29843,1.29636
3112.25895,1.29396
3110.21946,1.29207
3108.17997,1.28914
3106.14048,1.28532
3104.10099,1.28145
3102.06150,1.27924
3100.02202,1.27876
3097.98253,1.27675
3095.94304,1.27373
3093.90355,1.27268
3091.86406,1.27191
3089.82458,1.26967
3087.78509,1.26768
3085.74560,1.26570
3083.70611,1.26346
3081.66662,1.26241
3079.62714,1.26143
3077.58765,1.25922
3075.54816,1.25596
3073.50867,1.25268
3071.46918,1.25017
3069.42969,1.24806
3067.39021,1.24618
3065.35072,1.24355
3063.31123,1.24038
3061.27174,1.23875
3059.23225,1.23744
3057.19277,1.23404
3055.15328,1.22942
3053.11379,1.22451
3051.07430,1.21999
3049.03481,1.21685
3046.99532,1.21411
3044.95584,1.21120
3042.91635,1.20919
3040.87686,1.20707
3038.83737,1.20358
3036.79788,1.20019
3034.75840,1.19809
3032.71891,1.19640
3030.67942,1.19387
3028.63993,1.19081
3026.60044,1.18825
3024.56095,1.18583
3022.52147,1.18321
3020.48198,1.18083
3018.44249,1.17917
3016.40300,1.17789
3014.36351,1.17635
3012.32403,1.17524
3010.28454,1.17452
3008.24505,1.17302
3006.20556,1.17165
3004.16607,1.17220
3002.12658,1.17330
3000.08710,1.17267
2998.04761,1.17226
2996.00812,1.17424
2993.96863,1.17792
2991.92914,1.18251
2989.88966,1.18648
2987.85017,1.18881
2985.81068,1.19196
2983.77119,1.19765
2981.73170,1.20410
2979.69221,1.21064
2977.65273,1.21900
2975.61324,1.22969
2973.57375,1.24139
2971.53426,1.25163
2969.49477,1.25907
2967.45529,1.26541
2965.41580,1.27185
2963.37631,1.27779
2961.33682,1.28242
2959.29733,1.28673
2957.25784,1.29283
2955.21836,1.29812
2953.17887,1.30007
2951.13938,1.30226
2949.09989,1.30587
2947.06040,1.30951
2945.02092,1.31422
2942.98143,1.32015
2940.94194,1.32581
2938.90245,1.33225
2936.86296,1.34126
2934.82348,1.35132
2932.78399,1.35955
2930.74450,1.36537
2928.70501,1.37065
2926.66552,1.37622
2924.62603,1.38043
2922.58655,1.38326
2920.54706,1.38416
2918.50757,1.37885
2916.46808,1.36642
2914.42859,1.34861
2912.38911,1.32734
2910.34962,1.30874
2908.31013,1.29746
2906.27064,1.29002
2904.23115,1.28167
2902.19166,1.27448
2900.15218,1.26954
2898.11269,1.26349
2896.07320,1.25734
2894.03371,1.25278
2891.99422,1.24835
2889.95474,1.24365
2887.91525,1.23790
2885.87576,1.23168
2883.83627,1.22751
2881.79678,1.22542
2879.75729,1.22430
2877.71781,1.22297
2875.67832,1.22024
2873.63883,1.21738
2871.59934,1.21609
2869.55985,1.21520
2867.52037,1.21235
2865.48088,1.20839
2863.44139,1.20711
2861.40190,1.20936
2859.36241,1.21260
2857.32292,1.21641
2855.28344,1.22217
2853.24395,1.22853
2851.20446,1.22989
2849.16497,1.21794
2847.12548,1.19141
2845.08600,1.16066
2843.04651,1.13468
2841.00702,1.11446
2838.96753,1.09894
2836.92804,1.08717
2834.88855,1.07723
2832.84907,1.06800
2830.80958,1.05976
2828.77009,1.05276
2826.73060,1.04730
2824.69111,1.04242
2822.65163,1.03630
2820.61214,1.02949
2818.57265,1.02402
2816.53316,1.02030
2814.49367,1.01684
2812.45418,1.01310
2810.41470,1.00931
2808.37521,1.00503
2806.33572,1.00058
2804.29623,0.99654
2802.25674,0.99266
2800.21726,0.98858
2798.17777,0.98509
2796.13828,0.98303
2794.09879,0.98119
2792.05930,0.97784
2790.01982,0.97402
2787.98033,0.97145
2785.94084,0.96888
2783.90135,0.96566
2781.86186,0.96288
2779.82237,0.96039
2777.78289,0.95822
2775.74340,0.95645
2773.70391,0.95423
2771.66442,0.95153
2769.62493,0.94889
2767.58545,0.94669
2765.54596,0.94480
2763.50647,0.94255
2761.46698,0.94020
2759.42749,0.93869
2757.38800,0.93754
2755.34852,0.93544
2753.30903,0.93319
2751.26954,0.93170
2749.23005,0.92995
2747.19056,0.92810
2745.15108,0.92719
2743.11159,0.92657
2741.07210,0.92518
2739.03261,0.92347
2736.99312,0.92137
2734.95363,0.91873
2732.91415,0.91638
2730.87466,0.91429
2728.83517,0.91250
2726.79568,0.91091
2724.75619,0.90902
2722.71671,0.90710
2720.67722,0.90520
2718.63773,0.90286
2716.59824,0.90032
2714.55875,0.89802
2712.51926,0.89574
2710.47978,0.89336
2708.44029,0.89116
2706.40080,0.88942
2704.36131,0.88784
2702.32182,0.88563
2700.28234,0.88276
2698.24285,0.88009
2696.20336,0.87778
2694.16387,0.87514
2692.12438,0.87234
2690.08489,0.86970
2688.04541,0.86714
2686.00592,0.86506
2683.96643,0.86335
2681.92694,0.86117
2679.88745,0.85869
2677.84797,0.85632
2675.80848,0.85427
2673.76899,0.85265
2671.72950,0.85047
2669.69001,0.84770
2667.65052,0.84507
2665.61104,0.84213
2663.57155,0.83875
2661.53206,0.83549
2659.49257,0.83257
2657.45308,0.82998
2655.41360,0.82793
2653.37411,0.82655
2651.33462,0.82515
2649.29513,0.82305
2647.25564,0.82070
2645.21616,0.81841
2643.17667,0.81543
2641.13718,0.81236
2639.09769,0.81043
2637.05820,0.80880
2635.01871,0.80676
2632.97923,0.80449
2630.93974,0.80186
2628.90025,0.79941
2626.86076,0.79720
2624.82127,0.79471
2622.78179,0.79233
2620.74230,0.79012
2618.70281,0.78774
2616.66332,0.78545
2614.62383,0.78356
2612.58434,0.78184
2610.54486,0.78020
2608.50537,0.77863
2606.46588,0.77690
2604.42639,0.77500
2602.38690,0.77317
2600.34742,0.77112
2598.30793,0.76863
2596.26844,0.76658
2594.22895,0.76513
2592.18946,0.76334
2590.14997,0.76127
2588.11049,0.75973
2586.07100,0.75845
2584.03151,0.75679
2581.99202,0.75495
2579.95253,0.75303
2577.91305,0.75140
2575.87356,0.75064
2573.83407,0.74985
2571.79458,0.74817
2569.75509,0.74625
2567.71560,0.74452
2565.67612,0.74256
2563.63663,0.74049
2561.59714,0.73899
2559.55765,0.73788
2557.51816,0.73663
2555.47868,0.73540
2553.43919,0.73408
2551.39970,0.73222
2549.36021,0.73041
2547.32072,0.72898
2545.28123,0.72779
2543.24175,0.72693
2541.20226,0.72595
2539.16277,0.72431
2537.12328,0.72208
2535.08379,0.72007
2533.04431,0.71882
2531.00482,0.71743
2528.96533,0.71555
2526.92584,0.71389
2524.88635,0.71266
2522.84686,0.71143
2520.80738,0.70998
2518.76789,0.70853
2516.72840,0.70697
2514.68891,0.70504
2512.64942,0.70290
2510.60994,0.70112
2508.57045,0.69962
2506.53096,0.69796
2504.49147,0.69644
2502.45198,0.69506
2500.41250,0.69346
2498.37301,0.69157
2496.33352,0.68948
2494.29403,0.68741
2492.25454,0.68565
2490.21505,0.68396
2488.17557,0.68181
2486.13608,0.67938
2484.09659,0.67720
2482.05710,0.67544
2480.01761,0.67386
2477.97813,0.67220
2475.93864,0.67015
2473.89915,0.66770
2471.85966,0.66550
2469.82017,0.66387
2467.78068,0.66240
2465.74120,0.66064
2463.70171,0.65876
2461.66222,0.65720
2459.62273,0.65581
2457.58324,0.65415
2455.54376,0.65228
2453.50427,0.65053
2451.46478,0.64879
2449.42529,0.64697
2447.38580,0.64530
2445.34631,0.64374
2443.30683,0.64218
2441.26734,0.64061
2439.22785,0.63900
2437.18836,0.63739
2435.14887,0.63589
2433.10939,0.63456
2431.06990,0.63332
2429.03041,0.63185
2426.99092,0.63000
2424.95143,0.62826
2422.91194,0.62697
2420.87246,0.62572
2418.83297,0.62428
2416.79348,0.62280
2414.75399,0.62133
2412.71450,0.61972
2410.67502,0.61795
2408.63553,0.61626
2406.59604,0.61501
2404.55655,0.61412
2402.51706,0.61310
2400.47757,0.61185
2398.43809,0.61058
2396.39860,0.60947
2394.35911,0.60838
2392.31962,0.60734
2390.28013,0.60648
2388.24065,0.60586
2386.20116,0.60541
2384.16167,0.60526
2382.12218,0.60541
2380.08269,0.60546
2378.04320,0.60527
2376.00372,0.60504
2373.96423,0.60475
2371.92474,0.60419
2369.88525,0.60381
2367.84576,0.60413
2365.80628,0.60491
2363.76679,0.60569
2361.72730,0.60625
2359.68781,0.60624
2357.64832,0.60524
2355.60884,0.60373
2353.56935,0.60302
2351.52986,0.60329
2349.49037,0.60346
2347.45088,0.60256
2345.41139,0.60062
2343.37191,0.59895
2341.33242,0.59873
2339.29293,0.59939
2337.25344,0.59946
2335.21395,0.59832
2333.17447,0.59675
2331.13498,0.59551
2329.09549,0.59458
2327.05600,0.59382
2325.01651,0.59298
2322.97702,0.59178
2320.93754,0.59062
2318.89805,0.58997
2316.85856,0.58937
2314.81907,0.58838
2312.77958,0.58716
2310.74010,0.58609
2308.70061,0.58532
2306.66112,0.58465
2304.62163,0.58382
2302.58214,0.58289
2300.54265,0.58222
2298.50317,0.58192
2296.46368,0.58167
2294.42419,0.58135
2292.38470,0.58092
2290.34521,0.58020
2288.30573,0.57937
2286.26624,0.57883
2284.22675,0.57864
2282.18726,0.57856
2280.14777,0.57845
2278.10828,0.57833
2276.06880,0.57837
2274.02931,0.57861
2271.98982,0.57875
2269.95033,0.57857
2267.91084,0.57824
2265.87136,0.57807
2263.83187,0.57812
2261.79238,0.57833
2259.75289,0.57867
2257.71340,0.57895
2255.67391,0.57903
2253.63443,0.57900
2251.59494,0.57889
2249.55545,0.57879
2247.51596,0.57873
2245.47647,0.57871
2243.43699,0.57911
2241.39750,0.57946
2239.35801,0.57970
2237.31852,0.58021
2235.27903,0.58058
2233.23954,0.58084
2231.20006,0.58133
2229.16057,0.58179
2227.12108,0.58210
2225.08159,0.58239
2223.04210,0.58258
2221.00262,0.58268
2218.96313,0.58277
2216.92364,0.58288
2214.88415,0.58308
2212.84466,0.58352
2210.80518,0.58419
2208.76569,0.58452
2206.72620,0.58436
2204.68671,0.58431
2202.64722,0.58451
2200.60773,0.58476
2198.56825,0.58516
2196.52876,0.58561
2194.48927,0.58601
2192.44978,0.58647
2190.41029,0.58677
2188.37081,0.58686
2186.33132,0.58700
2184.29183,0.58742
2182.25234,0.58784
2180.21285,0.58829
2178.17336,0.58905
2176.13388,0.58964
2174.09439,0.58979
2172.05490,0.59009
2170.01541,0.59087
2167.97592,0.59162
2165.93644,0.59200
2163.89695,0.59219
2161.85746,0.59238
2159.81797,0.59248
2157.77848,0.59231
2155.73899,0.59228
2153.69951,0.59265
2151.66002,0.59292
2149.62053,0.59304
2147.58104,0.59315
2145.54155,0.59293
2143.50207,0.59251
2141.46258,0.59235
2139.42309,0.59225
2137.38360,0.59187
2135.34411,0.59145
2133.30462,0.59087
2131.26514,0.59017
2129.22565,0.58977
2127.18616,0.58943
2125.14667,0.58871
2123.10718,0.58774
2121.06770,0.58713
2119.02821,0.58699
2116.98872,0.58663
2114.94923,0.58587
2112.90974,0.58517
2110.87025,0.58443
2108.83077,0.58344
2106.79128,0.58262
2104.75179,0.58211
2102.71230,0.58152
2100.67281,0.58091
2098.63333,0.58048
2096.59384,0.57987
2094.55435,0.57899
2092.51486,0.57817
2090.47537,0.57709
2088.43588,0.57590
2086.39640,0.57533
2084.35691,0.57507
2082.31742,0.57441
2080.27793,0.57367
2078.23844,0.57315
2076.19896,0.57262
2074.15947,0.57212
2072.11998,0.57172
2070.08049,0.57123
2068.04100,0.57085
2066.00152,0.57068
2063.96203,0.57039
2061.92254,0.56981
2059.88305,0.56914
2057.84356,0.56859
2055.80407,0.56816
2053.76459,0.56778
2051.72510,0.56723
2049.68561,0.56649
2047.64612,0.56587
2045.60663,0.56521
2043.56715,0.56442
2041.52766,0.56372
2039.48817,0.56300
2037.44868,0.56206
2035.40919,0.56106
2033.36970,0.56028
2031.33022,0.55972
2029.29073,0.55903
2027.25124,0.55798
2025.21175,0.55685
2023.17226,0.55608
2021.13278,0.55570
2019.09329,0.55522
2017.05380,0.55422
2015.01431,0.55280
2012.97482,0.55152
2010.93533,0.55058
2008.89585,0.54975
2006.85636,0.54903
2004.81687,0.54852
2002.77738,0.54810
2000.73789,0.54769
1998.69841,0.54722
1996.65892,0.54668
1994.61943,0.54651
1992.57994,0.54655
1990.54045,0.54610
1988.50096,0.54537
1986.46148,0.54479
1984.42199,0.54435
1982.38250,0.54397
1980.34301,0.54379
1978.30352,0.54385
1976.26404,0.54388
1974.22455,0.54375
1972.18506,0.54369
1970.14557,0.54403
1968.10608,0.54470
1966.06659,0.54493
1964.02711,0.54446
1961.98762,0.54411
1959.94813,0.54420
1957.90864,0.54435
1955.86915,0.54438
1953.82967,0.54422
1951.79018,0.54389
1949.75069,0.54369
1947.71120,0.54410
1945.67171,0.54517
1943.63222,0.54623
1941.59274,0.54637
1939.55325,0.54575
1937.51376,0.54527
1935.47427,0.54530
1933.43478,0.54570
1931.39530,0.54615
1929.35581,0.54653
1927.31632,0.54715
1925.27683,0.54823
1923.23734,0.54936
1921.19786,0.55011
1919.15837,0.55070
1917.11888,0.55103
1915.07939,0.55117
1913.03990,0.55175
1911.00041,0.55288
1908.96093,0.55380
1906.92144,0.55392
1904.88195,0.55389
1902.84246,0.55434
1900.80297,0.55489
1898.76349,0.55543
1896.72400,0.55628
1894.68451,0.55720
1892.64502,0.55800
1890.60553,0.55898
1888.56604,0.55954
1886.52656,0.55949
1884.48707,0.55956
1882.44758,0.55988
1880.40809,0.56033
1878.36860,0.56105
1876.32912,0.56192
1874.28963,0.56310
1872.25014,0.56542
1870.21065,0.56882
1868.17116,0.57104
1866.13167,0.57080
1864.09219,0.57006
1862.05270,0.57026
1860.01321,0.57110
1857.97372,0.57214
1855.93423,0.57315
1853.89475,0.57413
1851.85526,0.57539
1849.81577,0.57739
1847.77628,0.58054
1845.73679,0.58448
1843.69730,0.58729
1841.65782,0.58807
1839.61833,0.58875
1837.57884,0.59059
1835.53935,0.59286
1833.49986,0.59570
1831.46038,0.60004
1829.42089,0.60479
1827.38140,0.60821
1825.34191,0.61046
1823.30242,0.61218
1821.26293,0.61422
1819.22345,0.61730
1817.18396,0.62114
1815.14447,0.62558
1813.10498,0.63102
1811.06549,0.63703
1809.02601,0.64229
1806.98652,0.64671
1804.94703,0.65177
1802.90754,0.65863
1800.86805,0.66646
1798.82856,0.67360
1796.78908,0.68062
1794.74959,0.68940
1792.71010,0.69984
1790.67061,0.70885
1788.63112,0.71532
1786.59164,0.72222
1784.55215,0.73178
1782.51266,0.74329
1780.47317,0.75489
1778.43368,0.76541
1776.39420,0.77592
1774.35471,0.78940
1772.31522,0.80644
1770.27573,0.82315
1768.23624,0.83794
1766.19675,0.85340
1764.15727,0.87185
1762.11778,0.89390
1760.07829,0.91693
1758.03880,0.93950
1755.99931,0.96297
1753.95983,0.98810
1751.92034,1.01828
1749.88085,1.05419
1747.84136,1.08782
1745.80187,1.11507
1743.76238,1.14127
1741.72290,1.16936
1739.68341,1.19537
1737.64392,1.21584
1735.60443,1.23266
1733.56494,1.24484
1731.52546,1.24731
1729.48597,1.24342
1727.44648,1.23988
1725.40699,1.23942
1723.36750,1.24079
1721.32801,1.24346
1719.28853,1.25001
1717.24904,1.26159
1715.20955,1.27364
1713.17006,1.28321
1711.13057,1.29293
1709.09109,1.30663
1707.05160,1.32536
1705.01211,1.34564
1702.97262,1.36591
1700.93313,1.39090
1698.89364,1.42001
1696.85416,1.44719
1694.81467,1.47306
1692.77518,1.49715
1690.73569,1.51976
1688.69620,1.54172
1686.65672,1.56432
1684.61723,1.58981
1682.57774,1.61295
1680.53825,1.62864
1678.49876,1.64075
1676.45927,1.65463
1674.41979,1.66988
1672.38030,1.67918
1670.34081,1.68024
1668.30132,1.68240
1666.26183,1.69158
1664.22235,1.70333
1662.18286,1.71174
1660.14337,1.71349
1658.10388,1.71088
1656.06439,1.70656
1654.02490,1.70126
1651.98542,1.70005
1649.94593,1.70371
1647.90644,1.70254
1645.86695,1.69578
1643.82746,1.69320
1641.78798,1.69452
1639.74849,1.69246
1637.70900,1.68534
1635.66951,1.67775
1633.63002,1.67494
1631.59054,1.67800
1629.55105,1.68466
1627.51156,1.69020
1625.47207,1.69023
1623.43258,1.68663
1621.39309,1.68374
1619.35361,1.68258
1617.31412,1.68179
1615.27463,1.68105
1613.23514,1.68110
1611.19565,1.67975
1609.15617,1.67381
1607.11668,1.66568
1605.07719,1.66020
1603.03770,1.65727
1600.99821,1.65526
1598.95872,1.65413
1596.91924,1.65337
1594.87975,1.64874
1592.84026,1.63672
1590.80077,1.62226
1588.76128,1.61191
1586.72180,1.60574
1584.68231,1.59984
1582.64282,1.59329
1580.60333,1.58964
1578.56384,1.58993
1576.52435,1.58820
1574.48487,1.58053
1572.44538,1.57214
1570.40589,1.56434
1568.36640,1.55598
1566.32691,1.54990
1564.28743,1.54507
1562.24794,1.53932
1560.20845,1.53409
1558.16896,1.52902
1556.12947,1.52400
1554.08998,1.52113
1552.05050,1.51926
1550.01101,1.51699
1547.97152,1.51549
1545.93203,1.51454
1543.89254,1.50989
1541.85306,1.49909
1539.81357,1.48659
1537.77408,1.47798
1535.73459,1.47184
1533.69510,1.46708
1531.65561,1.46511
1529.61613,1.46280
1527.57664,1.45754
1525.53715,1.45327
1523.49766,1.45257
1521.45817,1.45138
1519.41869,1.44745
1517.37920,1.44362
1515.33971,1.44121
1513.30022,1.43869
1511.26073,1.43483
1509.22124,1.42861
1507.18176,1.41743
1505.14227,1.40335
1503.10278,1.39297
1501.06329,1.38616
1499.02380,1.37848
1496.98432,1.36711
1494.94483,1.35532
1492.90534,1.34776
1490.86585,1.34453
1488.82636,1.34346
1486.78688,1.34388
1484.74739,1.34690
1482.70790,1.35263
1480.66841,1.36046
1478.62892,1.37056
1476.58943,1.38374
1474.54995,1.40129
1472.51046,1.42300
1470.47097,1.44329
1468.43148,1.45858
1466.39199,1.47120
1464.35251,1.48107
1462.31302,1.48627
1460.27353,1.49003
1458.23404,1.49773
1456.19455,1.50891
1454.15506,1.51627
1452.11558,1.51781
1450.07609,1.51623
1448.03660,1.51444
1445.99711,1.51505
1443.95762,1.51849
1441.91814,1.52412
1439.87865,1.53176
1437.83916,1.53998
1435.79967,1.54553
1433.76018,1.54761
1431.72069,1.55019
1429.68121,1.55530
1427.64172,1.56029
1425.60223,1.56339
1423.56274,1.56628
1421.52325,1.57010
1419.48377,1.57433
1417.44428,1.57735
1415.40479,1.57742
1413.36530,1.57621
1411.32581,1.57681
1409.28632,1.57923
1407.24684,1.58155
1405.20735,1.58392
1403.16786,1.58667
1401.12837,1.58781
1399.08888,1.58570
1397.04940,1.58142
1395.00991,1.57745
1392.97042,1.57598
1390.93093,1.57647
1388.89144,1.57529
1386.85195,1.57118
1384.81247,1.56661
1382.77298,1.56332
1380.73349,1.56094
1378.69400,1.55913
1376.65451,1.55874
1374.61503,1.55817
1372.57554,1.55393
1370.53605,1.54814
1368.49656,1.54414
1366.45707,1.53950
1364.41758,1.53136
1362.37810,1.52209
1360.33861,1.51481
1358.29912,1.50826
1356.25963,1.50155
1354.22014,1.49599
1352.18066,1.49257
1350.14117,1.49100
1348.10168,1.48949
1346.06219,1.48778
1344.02270,1.48787
1341.98322,1.49050
1339.94373,1.49528
1337.90424,1.49988
1335.86475,1.50013
1333.82526,1.49823
1331.78577,1.49829
1329.74629,1.49829
1327.70680,1.49752
1325.66731,1.49812
1323.62782,1.49875
1321.58833,1.49781
1319.54885,1.49473
1317.50936,1.48812
1315.46987,1.47970
1313.43038,1.47311
1311.39089,1.46791
1309.35140,1.46143
1307.31192,1.45263
1305.27243,1.44234
1303.23294,1.43339
1301.19345,1.42751
1299.15396,1.42319
1297.11448,1.41873
1295.07499,1.41488
1293.03550,1.41407
1290.99601,1.41720
1288.95652,1.42159
1286.91703,1.42378
1284.87755,1.42352
1282.83806,1.42332
1280.79857,1.42416
1278.75908,1.42472
1276.71959,1.42649
1274.68011,1.43096
1272.64062,1.43566
1270.60113,1.43905
1268.56164,1.44179
1266.52215,1.44464
1264.48266,1.44611
1262.44318,1.44470
1260.40369,1.44303
1258.36420,1.44261
1256.32471,1.44220
1254.28522,1.44152
1252.24574,1.44171
1250.20625,1.44403
1248.16676,1.44703
1246.12727,1.44785
1244.08778,1.44537
1242.04829,1.44129
1240.00881,1.43846
1237.96932,1.43715
1235.92983,1.43636
1233.89034,1.43418
1231.85085,1.42846
1229.81137,1.41996
1227.77188,1.41121
1225.73239,1.40318
1223.69290,1.39475
1221.65341,1.38643
1219.61392,1.38102
1217.57444,1.37861
1215.53495,1.37630
1213.49546,1.37231
1211.45597,1.36833
1209.41648,1.36730
1207.37700,1.36881
1205.33751,1.37034
1203.29802,1.36991
1201.25853,1.36789
1199.21904,1.36622
1197.17956,1.36473
1195.14007,1.36213
1193.10058,1.35956
1191.06109,1.35997
1189.02160,1.36337
1186.98211,1.36704
1184.94263,1.37455
1182.90314,1.38864
1180.86365,1.40600
1178.82416,1.42659
1176.78467,1.45012
1174.74519,1.47299
1172.70570,1.49268
1170.66621,1.50920
1168.62672,1.52526
1166.58723,1.54042
1164.54774,1.54991
1162.50826,1.55065
1160.46877,1.54660
1158.42928,1.54540
1156.38979,1.54592
1154.35030,1.54209
1152.31082,1.53580
1150.27133,1.53249
1148.23184,1.53263
1146.19235,1.53079
1144.15286,1.52488
1142.11337,1.52272
1140.07389,1.52956
1138.03440,1.54072
1135.99491,1.55060
1133.95542,1.55820
1131.91593,1.56632
1129.87645,1.57669
1127.83696,1.58545
1125.79747,1.59058
1123.75798,1.59609
1121.71849,1.60378
1119.67900,1.61119
1117.63952,1.62065
1115.60003,1.63376
1113.56054,1.64275
1111.52105,1.64533
1109.48156,1.64738
1107.44208,1.64869
1105.40259,1.64466
1103.36310,1.63960
1101.32361,1.64041
1099.28412,1.64196
1097.24463,1.63767
1095.20515,1.63051
1093.16566,1.63192
1091.12617,1.64238
1089.08668,1.64917
1087.04719,1.65432
1085.00771,1.65864
1082.96822,1.65461
1080.92873,1.65273
1078.88924,1.66044
1076.84975,1.66636
1074.81027,1.66239
1072.77078,1.65343
1070.73129,1.64788
1068.69180,1.64534
1066.65231,1.64009
1064.61282,1.63352
1062.57334,1.62611
1060.53385,1.61906
1058.49436,1.61804
1056.45487,1.61873
1054.41538,1.61503
1052.37590,1.60847
1050.33641,1.59991
1048.29692,1.59268
1046.25743,1.59054
1044.21794,1.59062
1042.17845,1.58932
1040.13897,1.58518
1038.09948,1.57588
1036.05999,1.56200
1034.02050,1.54684
1031.98101,1.53241
1029.94153,1.52231
1027.90204,1.52067
1025.86255,1.52075
1023.82306,1.51106
1021.78357,1.49476
1019.74408,1.47945
1017.70460,1.46883
1015.66511,1.46329
1013.62562,1.45653
1011.58613,1.44543
1009.54664,1.43050
1007.50716,1.41203
1005.46767,1.39548
1003.42818,1.38340
1001.38869,1.37075
999.34920,1.35634
997.30971,1.34342
995.27023,1.33395
993.23074,1.32666
991.19125,1.31546
989.15176,1.29947
987.11227,1.28444
985.07279,1.27091
983.03330,1.25674
980.99381,1.24166
978.95432,1.22729
976.91483,1.21669
974.87534,1.21013
972.83586,1.20565
970.79637,1.20164
968.75688,1.19667
966.71739,1.19110
964.67790,1.18609
962.63842,1.18185
960.59893,1.17720
958.55944,1.17176
956.51995,1.16698
954.48046,1.16286
952.44097,1.15814
950.40149,1.15154
948.36200,1.14305
946.32251,1.13598
944.28302,1.13112
942.24353,1.12493
940.20405,1.11763
938.16456,1.11117
936.12507,1.10522
934.08558,1.10109
932.04609,1.10051
930.00661,1.10272
927.96712,1.10602
925.92763,1.10973
923.88814,1.11430
921.84865,1.11983
919.80916,1.12482
917.76968,1.12845
915.73019,1.13293
913.69070,1.13854
911.65121,1.14125
909.61172,1.13998
907.57224,1.13838
905.53275,1.14067
903.49326,1.14860
901.45377,1.15728
899.41428,1.16051
897.37479,1.15880
895.33531,1.15505
893.29582,1.15148
891.25633,1.14791
889.21684,1.14219
887.17735,1.13671
885.13787,1.13556
883.09838,1.13586
881.05889,1.13331
879.01940,1.13082
876.97991,1.13100
874.94042,1.13234
872.90094,1.13507
870.86145,1.13898
868.82196,1.14034
866.78247,1.13913
864.74298,1.14024
862.70350,1.14501
860.66401,1.15093
858.62452,1.15564
856.58503,1.15901
854.54554,1.16306
852.50605,1.16810
850.46657,1.17247
848.42708,1.17489
846.38759,1.17724
844.34810,1.18389
842.30861,1.19526
840.26913,1.20626
838.22964,1.21250
836.19015,1.21599
834.15066,1.22020
832.11117,1.22507
830.07168,1.22953
828.03220,1.23343
825.99271,1.23762
823.95322,1.24229
821.91373,1.24756
819.87424,1.25354
817.83476,1.26054
815.79527,1.26900
813.75578,1.27613
811.71629,1.28086
809.67680,1.28564
807.63731,1.28939
805.59783,1.29096
803.55834,1.29342
801.51885,1.29945
799.47936,1.30764
797.43987,1.31304
795.40039,1.31476
793.36090,1.31614
791.32141,1.31910
789.28192,1.32530
787.24243,1.33362
785.20295,1.34275
783.16346,1.35378
781.12397,1.36292
779.08448,1.36520
777.04499,1.36378
775.00550,1.36534
772.96602,1.37065
770.92653,1.37288
768.88704,1.37047
766.84755,1.36812
764.80806,1.36911
762.76858,1.37499
760.72909,1.37927
758.68960,1.38177
756.65011,1.38829
754.61062,1.39424
752.57113,1.39689
750.53165,1.39759
748.49216,1.39444
746.45267,1.39220
744.41318,1.40140
742.37369,1.41616
740.33421,1.42055
738.29472,1.41573
736.25523,1.41552
734.21574,1.42331
732.17625,1.42939
730.13676,1.43146
728.09728,1.43801
726.05779,1.44736
724.01830,1.45104
721.97881,1.45097
719.93932,1.45126
717.89984,1.45480
715.86035,1.46217
713.82086,1.46911
711.78137,1.47255
709.74188,1.47509
707.70239,1.47903
705.66291,1.48377
703.62342,1.48715
701.58393,1.48625
699.54444,1.48410
697.50495,1.48618
695.46547,1.49040
693.42598,1.49307
691.38649,1.49398
689.34700,1.48963
687.30751,1.47775
685.26802,1.47017
683.22854,1.47773
681.18905,1.49474
679.14956,1.51358
677.11007,1.52704
675.07058,1.52606
673.03110,1.51686
670.99161,1.51452
668.95212,1.52061
666.91263,1.52419
664.87314,1.52268
662.83365,1.51789
660.79417,1.50521
658.75468,1.49218
656.71519,1.49215
654.67570,1.49693
652.63621,1.49817
650.59673,1.50467
648.55724,1.51846
646.51775,1.52597
644.47826,1.51639
642.43877,1.49991
640.39929,1.49842
638.35980,1.51145
636.32031,1.51454
634.28082,1.50159
632.24133,1.49514
630.20184,1.50872
628.16236,1.52840
626.12287,1.53194
624.08338,1.52552
622.04389,1.53289
620.00440,1.56345
617.96492,1.60015
615.92543,1.59798
613.88594,1.55142
611.84645,1.49058
609.80696,1.44963
607.76747,1.45517
605.72799,1.49371
603.68850,1.52497
601.64901,1.52730
599.60952,1.51830
597.57003,1.50547
595.53055,1.48567
593.49106,1.47305
591.45157,1.47292
589.41208,1.47166
587.37259,1.48631
585.33310,1.53022
583.29362,1.56632
581.25413,1.59477
579.21464,1.62866
577.17515,1.61532
575.13566,1.56630
573.09618,1.51999
571.05669,1.49889
569.01720,1.51430
566.97771,1.54167
564.93822,1.56404
562.89873,1.57697
560.85925,1.56097
558.81976,1.52542
556.78027,1.50359
554.74078,1.50786
552.70129,1.51319
550.66181,1.51765
548.62232,1.55154
546.58283,1.57524
544.54334,1.54775
542.50385,1.50898
540.46436,1.51193
538.42488,1.54044
536.38539,1.52655
534.34590,1.48182
532.30641,1.46763
530.26692,1.48430
528.22744,1.47396
526.18795,1.45211
524.14846,1.47285
522.10897,1.48450
520.06948,1.44111
518.02999,1.40016
515.99051,1.35563
513.95102,1.28959
511.91153,1.27053
509.87204,1.28594
507.83255,1.36544
505.79307,1.43651
503.75358,1.30852
501.71409,1.30418
499.67460,1.65104
