3997.39681,0.28663
3995.35732,0.28706
3993.31783,0.28714
3991.27835,0.28665
3989.23886,0.28595
3987.19937,0.28561
3985.15988,0.28544
3983.12039,0.28474
3981.08091,0.28373
3979.04142,0.28318
3977.00193,0.28297
3974.96244,0.28267
3972.92295,0.28231
3970.88346,0.28208
3968.84398,0.28179
3966.80449,0.28118
3964.76500,0.28043
3962.72551,0.27972
3960.68602,0.27889
3958.64654,0.27808
3956.60705,0.27744
3954.56756,0.27684
3952.52807,0.27624
3950.48858,0.27553
3948.44909,0.27458
3946.40961,0.27366
3944.37012,0.27317
3942.33063,0.27286
3940.29114,0.27216
3938.25165,0.27115
3936.21217,0.27013
3934.17268,0.26915
3932.13319,0.26829
3930.09370,0.26761
3928.05421,0.26703
3926.01473,0.26632
3923.97524,0.26540
3921.93575,0.26442
3919.89626,0.26344
3917.85677,0.26238
3915.81728,0.26117
3913.77780,0.25968
3911.73831,0.25805
3909.69882,0.25678
3907.65933,0.25609
3905.61984,0.25549
3903.58036,0.25460
3901.54087,0.25395
3899.50138,0.25360
3897.46189,0.25282
3895.42240,0.25173
3893.38291,0.25094
3891.34343,0.25023
3889.30394,0.24926
3887.26445,0.24840
3885.22496,0.24800
3883.18547,0.24767
3881.14599,0.24689
3879.10650,0.24582
3877.06701,0.24492
3875.02752,0.24441
3872.98803,0.24397
3870.94854,0.24329
3868.90906,0.24287
3866.86957,0.24255
3864.83008,0.24167
3862.79059,0.24059
3860.75110,0.24007
3858.71162,0.24000
3856.67213,0.23955
3854.63264,0.23854
3852.59315,0.23784
3850.55366,0.23774
3848.51417,0.23774
3846.47469,0.23771
3844.43520,0.23787
3842.39571,0.23814
3840.35622,0.23792
3838.31673,0.23710
3836.27725,0.23646
3834.23776,0.23654
3832.19827,0.23717
3830.15878,0.23791
3828.11929,0.23806
3826.07980,0.23744
3824.04032,0.23669
3822.00083,0.23686
3819.96134,0.23801
3817.92185,0.23887
3815.88236,0.23921
3813.84288,0.23963
3811.80339,0.24030
3809.76390,0.24099
3807.72441,0.24141
3805.68492,0.24146
3803.64543,0.24149
3801.60595,0.24205
3799.56646,0.24289
3797.52697,0.24328
3795.48748,0.24366
3793.44799,0.24460
3791.40851,0.24582
3789.36902,0.24701
3787.32953,0.24794
3785.29004,0.24851
3783.25055,0.24920
3781.21107,0.25053
3779.17158,0.25225
3777.13209,0.25357
3775.09260,0.25439
3773.05311,0.25530
3771.01362,0.25673
3768.97414,0.25842
3766.93465,0.25980
3764.89516,0.26104
3762.85567,0.26262
3760.81618,0.26430
3758.77670,0.26592
3756.73721,0.26773
3754.69772,0.26943
3752.65823,0.27066
3750.61874,0.27217
3748.57925,0.27441
3746.53977,0.27700
3744.50028,0.28043
3742.46079,0.28446
3740.42130,0.28754
3738.38181,0.28944
3736.34233,0.29130
3734.30284,0.29419
3732.26335,0.29805
3730.22386,0.30210
3728.18437,0.30627
3726.14488,0.31084
3724.10540,0.31547
3722.06591,0.32028
3720.02642,0.32591
3717.98693,0.33197
3715.94744,0.33772
3713.90796,0.34420
3711.86847,0.35366
3709.82898,0.36599
3707.78949,0.37872
3705.75000,0.39117
3703.71051,0.40491
3701.67103,0.42155
3699.63154,0.43929
3697.59205,0.45464
3695.55256,0.46606
3693.51307,0.47325
3691.47359,0.47720
3689.43410,0.47996
3687.39461,0.48310
3685.35512,0.48741
3683.31563,0.49341
3681.27614,0.50144
3679.23666,0.51120
3677.19717,0.52298
3675.15768,0.53744
3673.11819,0.55245
3671.07870,0.56782
3669.03922,0.58512
3666.99973,0.60136
3664.96024,0.61560
3662.92075,0.63064
3660.88126,0.64712
3658.84177,0.66415
3656.80229,0.68145
3654.76280,0.69693
3652.72331,0.70989
3650.68382,0.72496
3648.64433,0.74379
3646.60485,0.76127
3644.56536,0.77537
3642.52587,0.78852
3640.48638,0.80219
3638.44689,0.81603
3636.40741,0.82972
3634.36792,0.84359
3632.32843,0.85824
3630.28894,0.87456
3628.24945,0.89168
3626.20996,0.90611
3624.17048,0.91899
3622.13099,0.93305
3620.09150,0.94668
3618.05201,0.95690
3616.01252,0.96446
3613.97304,0.97125
3611.93355,0.97798
3609.89406,0.98737
3607.85457,1.00083
3605.81508,1.01396
3603.77559,1.02352
3601.73611,1.03153
3599.69662,1.03925
3597.65713,1.04612
3595.61764,1.05378
3593.57815,1.06391
3591.53867,1.07474
3589.49918,1.08478
3587.45969,1.09449
3585.42020,1.10425
3583.38071,1.11390
3581.34122,1.12207
3579.30174,1.12889
3577.26225,1.13642
3575.22276,1.14553
3573.18327,1.15507
3571.14378,1.16343
3569.10430,1.17138
3567.06481,1.18113
3565.02532,1.19141
3562.98583,1.19887
3560.94634,1.20357
3558.90685,1.20754
3556.86737,1.21287
3554.82788,1.22122
3552.78839,1.23222
3550.74890,1.24287
3548.70941,1.25106
3546.66993,1.25745
3544.63044,1.26257
3542.59095,1.26563
3540.55146,1.26725
3538.51197,1.27147
3536.47248,1.27990
3534.43300,1.28909
3532.39351,1.29679
3530.35402,1.30291
3528.31453,1.30752
3526.27504,1.31318
3524.23556,1.32152
3522.19607,1.32869
3520.15658,1.33161
3518.11709,1.33329
3516.07760,1.33732
3514.03811,1.34229
3511.99863,1.34652
3509.95914,1.35329
3507.91965,1.36331
3505.88016,1.36930
3503.84067,1.36778
3501.80119,1.36699
3499.76170,1.37321
3497.72221,1.38264
3495.68272,1.39134
3493.64323,1.39968
3491.60375,1.40799
3489.56426,1.41355
3487.52477,1.41432
3485.48528,1.41266
3483.44579,1.41271
3481.40630,1.41593
3479.36682,1.41930
3477.32733,1.42221
3475.28784,1.42771
3473.24835,1.43557
3471.20886,1.44349
3469.16938,1.45023
3467.12989,1.45370
3465.09040,1.45294
3463.05091,1.45329
3461.01142,1.46035
3458.97193,1.46804
3456.93245,1.46782
3454.89296,1.46437
3452.85347,1.46674
3450.81398,1.47531
3448.77449,1.48222
3446.73501,1.48375
3444.69552,1.47946
3442.65603,1.47123
3440.61654,1.47025
3438.57705,1.47838
3436.53756,1.48578
3434.49808,1.49005
3432.45859,1.49503
3430.41910,1.49896
3428.37961,1.50050
3426.34012,1.50408
3424.30064,1.50610
3422.26115,1.50348
3420.22166,1.50640
3418.18217,1.51402
3416.14268,1.51282
3414.10319,1.50614
3412.06371,1.50466
3410.02422,1.50572
3407.98473,1.50411
3405.94524,1.50509
3403.90575,1.51362
3401.86627,1.51992
3399.82678,1.51646
3397.78729,1.51277
3395.74780,1.51471
3393.70831,1.51703
3391.66882,1.51453
3389.62934,1.50656
3387.58985,1.49763
3385.55036,1.49535
3383.51087,1.50380
3381.47138,1.51833
3379.43190,1.52808
3377.39241,1.52795
3375.35292,1.52065
3373.31343,1.50975
3371.27394,1.50402
3369.23446,1.51109
3367.19497,1.52444
3365.15548,1.53189
3363.11599,1.53005
3361.07650,1.52437
3359.03701,1.52185
3356.99753,1.52465
3354.95804,1.52970
3352.91855,1.53206
3350.87906,1.53103
3348.83957,1.52968
3346.80009,1.52667
3344.76060,1.52221
3342.72111,1.51960
3340.68162,1.51731
3338.64213,1.51411
3336.60264,1.50985
3334.56316,1.50658
3332.52367,1.50924
3330.48418,1.51585
3328.44469,1.51937
3326.40520,1.51780
3324.36572,1.51438
3322.32623,1.51181
3320.28674,1.50837
3318.24725,1.50274
3316.20776,1.50051
3314.16827,1.50605
3312.12879,1.51114
3310.08930,1.50704
3308.04981,1.50177
3306.01032,1.50375
3303.97083,1.50546
3301.93135,1.50101
3299.89186,1.49525
3297.85237,1.49061
3295.81288,1.48921
3293.77339,1.49335
3291.73390,1.49729
3289.69442,1.49658
3287.65493,1.49314
3285.61544,1.48986
3283.57595,1.48881
3281.53646,1.48839
3279.49698,1.48431
3277.45749,1.47621
3275.41800,1.47029
3273.37851,1.46920
3271.33902,1.46510
3269.29953,1.45642
3267.26005,1.45144
3265.22056,1.44983
3263.18107,1.44631
3261.14158,1.44162
3259.10209,1.43824
3257.06261,1.43769
3255.02312,1.43907
3252.98363,1.43821
3250.94414,1.43586
3248.90465,1.43473
3246.86516,1.43050
3244.82568,1.41990
3242.78619,1.40874
3240.74670,1.40418
3238.70721,1.40670
3236.66772,1.41205
3234.62824,1.41434
3232.58875,1.41049
3230.54926,1.40231
3228.50977,1.39241
3226.47028,1.38397
3224.43080,1.37972
3222.39131,1.37817
3220.35182,1.37611
3218.31233,1.37442
3216.27284,1.37408
3214.23335,1.37291
3212.19387,1.36940
3210.15438,1.36630
3208.11489,1.36602
3206.07540,1.36546
3204.03591,1.36300
3201.99643,1.35899
3199.95694,1.35287
3197.91745,1.34830
3195.87796,1.34758
3193.83847,1.34647
3191.79898,1.34379
3189.75950,1.34144
3187.72001,1.33811
3185.68052,1.33414
3183.64103,1.33036
3181.60154,1.32633
3179.56206,1.32346
3177.52257,1.32139
3175.48308,1.31813
3173.44359,1.31220
3171.40410,1.30376
3169.36461,1.29761
3167.32513,1.29632
3165.28564,1.29690
3163.24615,1.29652
3161.20666,1.29335
3159.16717,1.28906
3157.12769,1.28762
3155.08820,1.28573
3153.04871,1.27936
3151.00922,1.27385
3148.96973,1.27176
3146.93024,1.26696
3144.89076,1.25799
3142.85127,1.25203
3140.81178,1.25265
3138.77229,1.25489
3136.73280,1.25381
3134.69332,1.25022
3132.65383,1.24752
3130.61434,1.24602
3128.57485,1.24358
3126.53536,1.24099
3124.49587,1.24062
3122.45639,1.23993
3120.41690,1.23499
3118.37741,1.22868
3116.33792,1.22594
3114.29843,1.22564
3112.25895,1.22305
3110.21946,1.21803
3108.17997,1.21473
3106.14048,1.21310
3104.10099,1.21073
3102.06150,1.20927
3100.02202,1.20885
3097.98253,1.20698
3095.94304,1.20495
3093.90355,1.20410
3091.86406,1.20254
3089.82458,1.19970
3087.78509,1.19734
3085.74560,1.19527
3083.70611,1.19253
3081.66662,1.19009
3079.62714,1.18750
3077.58765,1.18403
3075.54816,1.18182
3073.50867,1.18203
3071.46918,1.18301
3069.42969,1.18286
3067.39021,1.18056
3065.35072,1.17744
3063.31123,1.17575
3061.27174,1.17381
3059.23225,1.16950
3057.19277,1.16373
3055.15328,1.15744
3053.11379,1.15277
3051.07430,1.15162
3049.03481,1.15168
3046.99532,1.14974
3044.95584,1.14625
3042.91635,1.14376
3040.87686,1.14240
3038.83737,1.14005
3036.79788,1.13641
3034.75840,1.13331
3032.71891,1.13156
3030.67942,1.12914
3028.63993,1.12467
3026.60044,1.12019
3024.56095,1.11784
3022.52147,1.11664
3020.48198,1.11469
3018.44249,1.11229
3016.40300,1.11014
3014.36351,1.10853
3012.32403,1.10801
3010.28454,1.10770
3008.24505,1.10718
3006.20556,1.10687
3004.16607,1.10613
3002.12658,1.10543
3000.08710,1.10610
2998.04761,1.10863
2996.00812,1.11190
2993.96863,1.11373
2991.92914,1.11498
2989.88966,1.11803
2987.85017,1.12415
2985.81068,1.13223
2983.77119,1.13897
2981.73170,1.14403
2979.69221,1.14874
2977.65273,1.15450
2975.61324,1.16288
2973.57375,1.17180
2971.53426,1.17993
2969.49477,1.18948
2967.45529,1.19961
2965.41580,1.20684
2963.37631,1.21136
2961.33682,1.21504
2959.29733,1.21821
2957.25784,1.22168
2955.21836,1.22572
2953.17887,1.22876
2951.13938,1.23027
2949.09989,1.23259
2947.06040,1.23714
2945.02092,1.24391
2942.98143,1.25240
2940.94194,1.26147
2938.90245,1.27018
2936.86296,1.27538
2934.82348,1.27723
2932.78399,1.28228
2930.74450,1.29170
2928.70501,1.29920
2926.66552,1.30073
2924.62603,1.29936
2922.58655,1.30016
2920.54706,1.30399
2918.50757,1.30494
2916.46808,1.29533
2914.42859,1.27543
2912.38911,1.25203
2910.34962,1.23223
2908.31013,1.21858
2906.27064,1.20919
2904.23115,1.20226
2902.19166,1.19650
2900.15218,1.19119
2898.11269,1.18669
2896.07320,1.18311
2894.03371,1.17836
2891.99422,1.17178
2889.95474,1.16632
2887.91525,1.16272
2885.87576,1.15786
2883.83627,1.15148
2881.79678,1.14764
2879.75729,1.14764
2877.71781,1.14866
2875.67832,1.14775
2873.63883,1.14501
2871.59934,1.14138
2869.55985,1.13707
2867.52037,1.13393
2865.48088,1.13234
2863.44139,1.13060
2861.40190,1.12984
2859.36241,1.13367
2857.32292,1.14092
2855.28344,1.14773
2853.24395,1.15412
2851.20446,1.15633
2849.16497,1.14491
2847.12548,1.11964
2845.08600,1.09064
2843.04651,1.06517
2841.00702,1.04474
2838.96753,1.02932
2836.92804,1.01887
2834.88855,1.01129
2832.84907,1.00317
2830.80958,0.99290
2828.77009,0.98283
2826.73060,0.97649
2824.69111,0.97258
2822.65163,0.96724
2820.61214,0.96098
2818.57265,0.95627
2816.53316,0.95285
2814.49367,0.94931
2812.45418,0.94527
2810.41470,0.94156
2808.37521,0.93787
2806.33572,0.93418
2804.29623,0.93184
2802.25674,0.92936
2800.21726,0.92537
2798.17777,0.92195
2796.13828,0.91980
2794.09879,0.91639
2792.05930,0.91180
2790.01982,0.90854
2787.98033,0.90575
2785.94084,0.90160
2783.90135,0.89731
2781.86186,0.89432
2779.82237,0.89242
2777.78289,0.89152
2775.74340,0.89113
2773.70391,0.88990
2771.66442,0.88746
2769.62493,0.88489
2767.58545,0.88233
2765.54596,0.87926
2763.50647,0.87694
2761.46698,0.87611
2759.42749,0.87488
2757.38800,0.87199
2755.34852,0.86937
2753.30903,0.86812
2751.26954,0.86673
2749.23005,0.86503
2747.19056,0.86377
2745.15108,0.86255
2743.11159,0.86101
2741.07210,0.85875
2739.03261,0.85617
2736.99312,0.85482
2734.95363,0.85402
2732.91415,0.85233
2730.87466,0.84995
2728.83517,0.84752
2726.79568,0.84564
2724.75619,0.84428
2722.71671,0.84274
2720.67722,0.84093
2718.63773,0.83869
2716.59824,0.83520
2714.55875,0.83143
2712.51926,0.82923
2710.47978,0.82766
2708.44029,0.82486
2706.40080,0.82158
2704.36131,0.81898
2702.32182,0.81694
2700.28234,0.81517
2698.24285,0.81328
2696.20336,0.81127
2694.16387,0.80899
2692.12438,0.80577
2690.08489,0.80223
2688.04541,0.79988
2686.00592,0.79852
2683.96643,0.79641
2681.92694,0.79370
2679.88745,0.79163
2677.84797,0.78986
2675.80848,0.78784
2673.76899,0.78558
2671.72950,0.78310
2669.69001,0.78022
2667.65052,0.77724
2665.61104,0.77486
2663.57155,0.77247
2661.53206,0.76958
2659.49257,0.76682
2657.45308,0.76452
2655.41360,0.76244
2653.37411,0.75997
2651.33462,0.75691
2649.29513,0.75389
2647.25564,0.75125
2645.21616,0.74872
2643.17667,0.74630
2641.13718,0.74436
2639.09769,0.74311
2637.05820,0.74163
2635.01871,0.73899
2632.97923,0.73620
2630.93974,0.73450
2628.90025,0.73324
2626.86076,0.73136
2624.82127,0.72858
2622.78179,0.72543
2620.74230,0.72333
2618.70281,0.72195
2616.66332,0.72006
2614.62383,0.71804
2612.58434,0.71600
2610.54486,0.71386
2608.50537,0.71247
2606.46588,0.71182
2604.42639,0.71036
2602.38690,0.70777
2600.34742,0.70547
2598.30793,0.70426
2596.26844,0.70346
2594.22895,0.70202
2592.18946,0.69958
2590.14997,0.69678
2588.11049,0.69455
2586.07100,0.69275
2584.03151,0.69069
2581.99202,0.68847
2579.95253,0.68669
2577.91305,0.68552
2575.87356,0.68476
2573.83407,0.68383
2571.79458,0.68206
2569.75509,0.68009
2567.71560,0.67844
2565.67612,0.67673
2563.63663,0.67514
2561.59714,0.67334
2559.55765,0.67116
2557.51816,0.66946
2555.47868,0.66851
2553.43919,0.66787
2551.39970,0.66712
2549.36021,0.66598
2547.32072,0.66442
2545.28123,0.66295
2543.24175,0.66173
2541.20226,0.66026
2539.16277,0.65862
2537.12328,0.65714
2535.08379,0.65586
2533.04431,0.65452
2531.00482,0.65300
2528.96533,0.65135
2526.92584,0.64955
2524.88635,0.64770
2522.84686,0.64593
2520.80738,0.64465
2518.76789,0.64370
2516.72840,0.64212
2514.68891,0.63988
2512.64942,0.63824
2510.60994,0.63743
2508.57045,0.63604
2506.53096,0.63368
2504.49147,0.63159
2502.45198,0.63013
2500.41250,0.62851
2498.37301,0.62680
2496.33352,0.62538
2494.29403,0.62388
2492.25454,0.62210
2490.21505,0.62017
2488.17557,0.61794
2486.13608,0.61560
2484.09659,0.61310
2482.05710,0.61027
2480.01761,0.60790
2477.97813,0.60660
2475.93864,0.60568
2473.89915,0.60455
2471.85966,0.60319
2469.82017,0.60137
2467.78068,0.59932
2465.74120,0.59773
2463.70171,0.59646
2461.66222,0.59489
2459.62273,0.59301
2457.58324,0.59129
2455.54376,0.59002
2453.50427,0.58904
2451.46478,0.58790
2449.42529,0.58660
2447.38580,0.58505
2445.34631,0.58329
2443.30683,0.58182
2441.26734,0.58068
2439.22785,0.57954
2437.18836,0.57828
2435.14887,0.57695
2433.10939,0.57546
2431.06990,0.57414
2429.03041,0.57307
2426.99092,0.57163
2424.95143,0.56993
2422.91194,0.56858
2420.87246,0.56763
2418.83297,0.56669
2416.79348,0.56559
2414.75399,0.56426
2412.71450,0.56258
2410.67502,0.56109
2408.63553,0.56019
2406.59604,0.55921
2404.55655,0.55765
2402.51706,0.55580
2400.47757,0.55431
2398.43809,0.55368
2396.39860,0.55322
2394.35911,0.55240
2392.31962,0.55158
2390.28013,0.55112
2388.24065,0.55081
2386.20116,0.55045
2384.16167,0.55004
2382.12218,0.54972
2380.08269,0.54960
2378.04320,0.54950
2376.00372,0.54932
2373.96423,0.54942
2371.92474,0.54977
2369.88525,0.54969
2367.84576,0.54953
2365.80628,0.55008
2363.76679,0.55113
2361.72730,0.55214
2359.68781,0.55194
2357.64832,0.54948
2355.60884,0.54623
2353.56935,0.54472
2351.52986,0.54554
2349.49037,0.54649
2347.45088,0.54532
2345.41139,0.54300
2343.37191,0.54202
2341.33242,0.54274
2339.29293,0.54359
2337.25344,0.54323
2335.21395,0.54184
2333.17447,0.54052
2331.13498,0.53923
2329.09549,0.53774
2327.05600,0.53702
2325.01651,0.53705
2322.97702,0.53628
2320.93754,0.53453
2318.89805,0.53322
2316.85856,0.53264
2314.81907,0.53212
2312.77958,0.53154
2310.74010,0.53105
2308.70061,0.53062
2306.66112,0.53006
2304.62163,0.52919
2302.58214,0.52830
2300.54265,0.52776
2298.50317,0.52743
2296.46368,0.52705
2294.42419,0.52667
2292.38470,0.52634
2290.34521,0.52593
2288.30573,0.52535
2286.26624,0.52480
2284.22675,0.52455
2282.18726,0.52461
2280.14777,0.52465
2278.10828,0.52442
2276.06880,0.52413
2274.02931,0.52405
2271.98982,0.52419
2269.95033,0.52445
2267.91084,0.52471
2265.87136,0.52498
2263.83187,0.52528
2261.79238,0.52524
2259.75289,0.52505
2257.71340,0.52523
2255.67391,0.52560
2253.63443,0.52599
2251.59494,0.52652
2249.55545,0.52681
2247.51596,0.52655
2245.47647,0.52619
2243.43699,0.52621
2241.39750,0.52677
2239.35801,0.52743
2237.31852,0.52779
2235.27903,0.52816
2233.23954,0.52876
2231.20006,0.52919
2229.16057,0.52921
2227.12108,0.52907
2225.08159,0.52907
2223.04210,0.52918
2221.00262,0.52947
2218.96313,0.52999
2216.92364,0.53052
2214.88415,0.53088
2212.84466,0.53100
2210.80518,0.53115
2208.76569,0.53150
2206.72620,0.53179
2204.68671,0.53213
2202.64722,0.53269
2200.60773,0.53328
2198.56825,0.53379
2196.52876,0.53378
2194.48927,0.53345
2192.44978,0.53354
2190.41029,0.53414
2188.37081,0.53500
2186.33132,0.53584
2184.29183,0.53646
2182.25234,0.53695
2180.21285,0.53718
2178.17336,0.53699
2176.13388,0.53686
2174.09439,0.53712
2172.05490,0.53754
2170.01541,0.53797
2167.97592,0.53866
2165.93644,0.53955
2163.89695,0.54018
2161.85746,0.54056
2159.81797,0.54083
2157.77848,0.54083
2155.73899,0.54092
2153.69951,0.54126
2151.66002,0.54143
2149.62053,0.54133
2147.58104,0.54115
2145.54155,0.54106
2143.50207,0.54109
2141.46258,0.54115
2139.42309,0.54114
2137.38360,0.54089
2135.34411,0.54062
2133.30462,0.54050
2131.26514,0.54019
2129.22565,0.53963
2127.18616,0.53909
2125.14667,0.53833
2123.10718,0.53751
2121.06770,0.53737
2119.02821,0.53747
2116.98872,0.53676
2114.94923,0.53545
2112.90974,0.53448
2110.87025,0.53401
2108.83077,0.53359
2106.79128,0.53287
2104.75179,0.53161
2102.71230,0.53024
2100.67281,0.52943
2098.63333,0.52909
2096.59384,0.52863
2094.55435,0.52784
2092.51486,0.52676
2090.47537,0.52540
2088.43588,0.52420
2086.39640,0.52353
2084.35691,0.52309
2082.31742,0.52254
2080.27793,0.52191
2078.23844,0.52121
2076.19896,0.52047
2074.15947,0.51987
2072.11998,0.51960
2070.08049,0.51950
2068.04100,0.51910
2066.00152,0.51833
2063.96203,0.51760
2061.92254,0.51706
2059.88305,0.51656
2057.84356,0.51610
2055.80407,0.51560
2053.76459,0.51512
2051.72510,0.51483
2049.68561,0.51444
2047.64612,0.51378
2045.60663,0.51319
2043.56715,0.51258
2041.52766,0.51162
2039.48817,0.51061
2037.44868,0.50999
2035.40919,0.50970
2033.36970,0.50941
2031.33022,0.50880
2029.29073,0.50778
2027.25124,0.50682
2025.21175,0.50608
2023.17226,0.50510
2021.13278,0.50392
2019.09329,0.50288
2017.05380,0.50178
2015.01431,0.50034
2012.97482,0.49880
2010.93533,0.49760
2008.89585,0.49685
2006.85636,0.49634
2004.81687,0.49580
2002.77738,0.49497
2000.73789,0.49399
1998.69841,0.49337
1996.65892,0.49297
1994.61943,0.49253
1992.57994,0.49211
1990.54045,0.49158
1988.50096,0.49095
1986.46148,0.49050
1984.42199,0.49036
1982.38250,0.49014
1980.34301,0.48958
1978.30352,0.48902
1976.26404,0.48871
1974.22455,0.48858
1972.18506,0.48858
1970.14557,0.48861
1968.10608,0.48860
1966.06659,0.48853
1964.02711,0.48843
1961.98762,0.48835
1959.94813,0.48812
1957.90864,0.48777
1955.86915,0.48764
1953.82967,0.48768
1951.79018,0.48767
1949.75069,0.48764
1947.71120,0.48760
1945.67171,0.48759
1943.63222,0.48779
1941.59274,0.48773
1939.55325,0.48711
1937.51376,0.48665
1935.47427,0.48665
1933.43478,0.48681
1931.39530,0.48719
1929.35581,0.48776
1927.31632,0.48842
1925.27683,0.48929
1923.23734,0.49025
1921.19786,0.49103
1919.15837,0.49173
1917.11888,0.49225
1915.07939,0.49259
1913.03990,0.49330
1911.00041,0.49457
1908.96093,0.49591
1906.92144,0.49678
1904.88195,0.49743
1902.84246,0.49829
1900.80297,0.49936
1898.76349,0.50033
1896.72400,0.50103
1894.68451,0.50159
1892.64502,0.50261
1890.60553,0.50429
1888.56604,0.50559
1886.52656,0.50589
1884.48707,0.50608
1882.44758,0.50686
1880.40809,0.50795
1878.36860,0.50890
1876.32912,0.50964
1874.28963,0.51065
1872.25014,0.51248
1870.21065,0.51495
1868.17116,0.51663
1866.13167,0.51653
1864.09219,0.51597
1862.05270,0.51637
1860.01321,0.51774
1857.97372,0.51918
1855.93423,0.52013
1853.89475,0.52094
1851.85526,0.52202
1849.81577,0.52371
1847.77628,0.52630
1845.73679,0.52946
1843.69730,0.53203
1841.65782,0.53344
1839.61833,0.53480
1837.57884,0.53703
1835.53935,0.53984
1833.49986,0.54304
1831.46038,0.54689
1829.42089,0.55102
1827.38140,0.55460
1825.34191,0.55783
1823.30242,0.56110
1821.26293,0.56461
1819.22345,0.56857
1817.18396,0.57283
1815.14447,0.57752
1813.10498,0.58297
1811.06549,0.58881
1809.02601,0.59401
1806.98652,0.59841
1804.94703,0.60324
1802.90754,0.60938
1800.86805,0.61622
1798.82856,0.62282
1796.78908,0.62935
1794.74959,0.63647
1792.71010,0.64428
1790.67061,0.65185
1788.63112,0.65901
1786.59164,0.66696
1784.55215,0.67618
1782.51266,0.68635
1780.47317,0.69707
1778.43368,0.70760
1776.39420,0.71835
1774.35471,0.73176
1772.31522,0.74885
1770.27573,0.76642
1768.23624,0.78241
1766.19675,0.79832
1764.15727,0.81612
1762.11778,0.83777
1760.07829,0.86205
1758.03880,0.88679
1755.99931,0.91229
1753.95983,0.93812
1751.92034,0.96628
1749.88085,0.99861
1747.84136,1.03078
1745.80187,1.05946
1743.76238,1.08653
1741.72290,1.11297
1739.68341,1.13672
1737.64392,1.15489
1735.60443,1.16770
1733.56494,1.17612
1731.52546,1.18021
1729.48597,1.18271
1727.44648,1.18550
1725.40699,1.18924
1723.36750,1.19461
1721.32801,1.20256
1719.28853,1.21354
1717.24904,1.22490
1715.20955,1.23319
1713.17006,1.24106
1711.13057,1.25242
1709.09109,1.26819
1707.05160,1.28745
1705.01211,1.30757
1702.97262,1.32723
1700.93313,1.35094
1698.89364,1.37990
1696.85416,1.40813
1694.81467,1.43568
1692.77518,1.46088
1690.73569,1.48261
1688.69620,1.50225
1686.65672,1.52099
1684.61723,1.54248
1682.57774,1.56445
1680.53825,1.57898
1678.49876,1.58646
1676.45927,1.59697
1674.41979,1.62017
1672.38030,1.64796
1670.34081,1.66132
1668.30132,1.65646
1666.26183,1.65189
1664.22235,1.65866
1662.18286,1.66742
1660.14337,1.66891
1658.10388,1.66813
1656.06439,1.66871
1654.02490,1.66437
1651.98542,1.65320
1649.94593,1.65045
1647.90644,1.65731
1645.86695,1.66035
1643.82746,1.65422
1641.78798,1.64419
1639.74849,1.63426
1637.70900,1.62867
1635.66951,1.63117
1633.63002,1.63727
1631.59054,1.63798
1629.55105,1.63054
1627.51156,1.61958
1625.47207,1.61300
1623.43258,1.61247
1621.39309,1.61360
1619.35361,1.61366
1617.31412,1.61210
1615.27463,1.60982
1613.23514,1.60817
1611.19565,1.60414
1609.15617,1.59637
1607.11668,1.59113
1605.07719,1.59101
1603.03770,1.58963
1600.99821,1.58524
1598.95872,1.58065
1596.91924,1.57523
1594.87975,1.56990
1592.84026,1.56733
1590.80077,1.56597
1588.76128,1.56239
1586.72180,1.55498
1584.68231,1.54536
1582.64282,1.53816
1580.60333,1.53577
1578.56384,1.53345
1576.52435,1.52472
1574.48487,1.51477
1572.44538,1.51201
1570.40589,1.51229
1568.36640,1.51030
1566.32691,1.50848
1564.28743,1.50907
1562.24794,1.50937
1560.20845,1.50559
1558.16896,1.49733
1556.12947,1.48963
1554.08998,1.48475
1552.05050,1.48304
1550.01101,1.48461
1547.97152,1.48826
1545.93203,1.49286
1543.89254,1.49481
1541.85306,1.48787
1539.81357,1.47412
1537.77408,1.46385
1535.73459,1.45715
1533.69510,1.44898
1531.65561,1.44074
1529.61613,1.43661
1527.57664,1.43731
1525.53715,1.44123
1523.49766,1.44392
1521.45817,1.44181
1519.41869,1.43764
1517.37920,1.43463
1515.33971,1.43072
1513.30022,1.42543
1511.26073,1.42186
1509.22124,1.41925
1507.18176,1.41214
1505.14227,1.40090
1503.10278,1.39035
1501.06329,1.37886
1499.02380,1.36667
1496.98432,1.35773
1494.94483,1.35198
1492.90534,1.34715
1490.86585,1.34328
1488.82636,1.34102
1486.78688,1.34120
1484.74739,1.34321
1482.70790,1.34622
1480.66841,1.35214
1478.62892,1.36156
1476.58943,1.37227
1474.54995,1.38626
1472.51046,1.40757
1470.47097,1.42770
1468.43148,1.43663
1466.39199,1.44006
1464.35251,1.44849
1462.31302,1.46272
1460.27353,1.47396
1458.23404,1.47759
1456.19455,1.48161
1454.15506,1.49199
1452.11558,1.50072
1450.07609,1.50445
1448.03660,1.50800
1445.99711,1.51349
1443.95762,1.51611
1441.91814,1.51343
1439.87865,1.51252
1437.83916,1.51881
1435.79967,1.52735
1433.76018,1.53406
1431.72069,1.54042
1429.68121,1.54462
1427.64172,1.54441
1425.60223,1.54198
1423.56274,1.54056
1421.52325,1.54075
1419.48377,1.54203
1417.44428,1.54294
1415.40479,1.54184
1413.36530,1.54031
1411.32581,1.54005
1409.28632,1.54251
1407.24684,1.54586
1405.20735,1.54384
1403.16786,1.53657
1401.12837,1.53047
1399.08888,1.52754
1397.04940,1.52564
1395.00991,1.52349
1392.97042,1.52338
1390.93093,1.52572
1388.89144,1.52590
1386.85195,1.52301
1384.81247,1.52200
1382.77298,1.52179
1380.73349,1.51690
1378.69400,1.50853
1376.65451,1.50319
1374.61503,1.50471
1372.57554,1.50911
1370.53605,1.51030
1368.49656,1.50750
1366.45707,1.50133
1364.41758,1.49274
1362.37810,1.48521
1360.33861,1.48199
1358.29912,1.48042
1356.25963,1.47632
1354.22014,1.47124
1352.18066,1.46837
1350.14117,1.46871
1348.10168,1.47065
1346.06219,1.47044
1344.02270,1.46759
1341.98322,1.46421
1339.94373,1.46169
1337.90424,1.46161
1335.86475,1.46264
1333.82526,1.46175
1331.78577,1.45827
1329.74629,1.45499
1327.70680,1.45512
1325.66731,1.45578
1323.62782,1.45316
1321.58833,1.45020
1319.54885,1.44932
1317.50936,1.44693
1315.46987,1.43983
1313.43038,1.42950
1311.39089,1.42049
1309.35140,1.41503
1307.31192,1.41015
1305.27243,1.40219
1303.23294,1.39130
1301.19345,1.38196
1299.15396,1.37742
1297.11448,1.37647
1295.07499,1.37541
1293.03550,1.37289
1290.99601,1.37218
1288.95652,1.37402
1286.91703,1.37556
1284.87755,1.37700
1282.83806,1.37875
1280.79857,1.37910
1278.75908,1.37866
1276.71959,1.37929
1274.68011,1.38312
1272.64062,1.39085
1270.60113,1.39646
1268.56164,1.39588
1266.52215,1.39471
1264.48266,1.39684
1262.44318,1.39936
1260.40369,1.40106
1258.36420,1.40401
1256.32471,1.40724
1254.28522,1.40824
1252.24574,1.40686
1250.20625,1.40509
1248.16676,1.40591
1246.12727,1.40811
1244.08778,1.40674
1242.04829,1.40154
1240.00881,1.39738
1237.96932,1.39570
1235.92983,1.39250
1233.89034,1.38726
1231.85085,1.38384
1229.81137,1.38275
1227.77188,1.37896
1225.73239,1.36901
1223.69290,1.35850
1221.65341,1.35167
1219.61392,1.34550
1217.57444,1.33924
1215.53495,1.33527
1213.49546,1.33225
1211.45597,1.32792
1209.41648,1.32460
1207.37700,1.32373
1205.33751,1.32384
1203.29802,1.32444
1201.25853,1.32418
1199.21904,1.32116
1197.17956,1.31685
1195.14007,1.31422
1193.10058,1.31481
1191.06109,1.31958
1189.02160,1.32573
1186.98211,1.33042
1184.94263,1.33645
1182.90314,1.34492
1180.86365,1.35687
1178.82416,1.37412
1176.78467,1.39269
1174.74519,1.41367
1172.70570,1.43942
1170.66621,1.46204
1168.62672,1.47575
1166.58723,1.48145
1164.54774,1.48432
1162.50826,1.48754
1160.46877,1.48794
1158.42928,1.48523
1156.38979,1.47952
1154.35030,1.47082
1152.31082,1.46335
1150.27133,1.46133
1148.23184,1.46522
1146.19235,1.46849
1144.15286,1.46784
1142.11337,1.47189
1140.07389,1.48260
1138.03440,1.48896
1135.99491,1.49028
1133.95542,1.49446
1131.91593,1.50099
1129.87645,1.50643
1127.83696,1.50902
1125.79747,1.51150
1123.75798,1.52077
1121.71849,1.53779
1119.67900,1.55323
1117.63952,1.56061
1115.60003,1.56279
1113.56054,1.56491
1111.52105,1.56815
1109.48156,1.56542
1107.44208,1.55744
1105.40259,1.55134
1103.36310,1.54783
1101.32361,1.54524
1099.28412,1.54624
1097.24463,1.55163
1095.20515,1.55142
1093.16566,1.54499
1091.12617,1.54176
1089.08668,1.54130
1087.04719,1.54113
1085.00771,1.54251
1082.96822,1.54527
1080.92873,1.54827
1078.88924,1.55074
1076.84975,1.55081
1074.81027,1.54684
1072.77078,1.54160
1070.73129,1.53984
1068.69180,1.53803
1066.65231,1.53275
1064.61282,1.52879
1062.57334,1.52828
1060.53385,1.52765
1058.49436,1.52317
1056.45487,1.51845
1054.41538,1.51907
1052.37590,1.51979
1050.33641,1.51477
1048.29692,1.50735
1046.25743,1.50163
1044.21794,1.49881
1042.17845,1.50068
1040.13897,1.50246
1038.09948,1.49654
1036.05999,1.48956
1034.02050,1.48344
1031.98101,1.46877
1029.94153,1.45268
1027.90204,1.44568
1025.86255,1.44307
1023.82306,1.43749
1021.78357,1.42679
1019.74408,1.41124
1017.70460,1.39667
1015.66511,1.39079
1013.62562,1.38779
1011.58613,1.37820
1009.54664,1.36318
1007.50716,1.34587
1005.46767,1.32955
1003.42818,1.31807
1001.38869,1.31155
999.34920,1.30497
997.30971,1.29390
995.27023,1.28218
993.23074,1.27559
991.19125,1.27098
989.15176,1.26021
987.11227,1.24330
985.07279,1.22756
983.03330,1.21617
980.99381,1.20660
978.95432,1.19693
976.91483,1.18808
974.87534,1.18141
972.83586,1.17697
970.79637,1.17269
968.75688,1.16788
966.71739,1.16394
964.67790,1.15939
962.63842,1.15478
960.59893,1.15193
958.55944,1.14973
956.51995,1.14846
954.48046,1.14530
952.44097,1.13597
950.40149,1.12315
948.36200,1.11188
946.32251,1.10225
944.28302,1.09365
942.24353,1.08821
940.20405,1.08505
938.16456,1.08136
936.12507,1.07743
934.08558,1.07500
932.04609,1.07540
930.00661,1.07813
927.96712,1.08032
925.92763,1.08037
923.88814,1.08013
921.84865,1.08262
919.80916,1.08806
917.76968,1.09413
915.73019,1.09951
913.69070,1.10396
911.65121,1.10787
909.61172,1.11140
907.57224,1.11490
905.53275,1.11896
903.49326,1.12405
901.45377,1.12988
899.41428,1.13381
897.37479,1.13478
895.33531,1.13425
893.29582,1.13286
891.25633,1.12917
889.21684,1.12295
887.17735,1.11707
885.13787,1.11327
883.09838,1.11190
881.05889,1.11244
879.01940,1.11320
876.97991,1.11515
874.94042,1.11890
872.90094,1.12130
870.86145,1.12067
868.82196,1.11997
866.78247,1.12042
864.74298,1.12035
862.70350,1.12184
860.66401,1.12760
858.62452,1.13531
856.58503,1.14036
854.54554,1.14225
852.50605,1.14336
850.46657,1.14499
848.42708,1.14814
846.38759,1.15336
844.34810,1.16273
842.30861,1.17587
840.26913,1.18634
838.22964,1.19235
836.19015,1.19846
834.15066,1.20513
832.11117,1.21225
830.07168,1.21952
828.03220,1.22451
825.99271,1.22867
823.95322,1.23185
821.91373,1.23321
819.87424,1.23496
817.83476,1.23854
815.79527,1.24471
813.75578,1.24987
811.71629,1.25220
809.67680,1.25637
807.63731,1.26191
805.59783,1.26577
803.55834,1.27145
801.51885,1.27899
799.47936,1.28338
797.43987,1.28424
795.40039,1.28622
793.36090,1.29394
791.32141,1.30212
789.28192,1.30302
787.24243,1.30298
785.20295,1.30838
783.16346,1.31589
781.12397,1.32205
779.08448,1.32441
777.04499,1.32490
775.00550,1.32788
772.96602,1.32960
770.92653,1.32683
768.88704,1.32692
766.84755,1.33402
764.80806,1.34065
762.76858,1.34090
760.72909,1.33806
758.68960,1.33655
756.65011,1.33693
754.61062,1.33968
752.57113,1.34266
750.53165,1.34301
748.49216,1.34630
746.45267,1.35517
744.41318,1.36085
742.37369,1.36111
740.33421,1.36366
738.29472,1.36611
736.25523,1.36483
734.21574,1.36437
732.17625,1.36802
730.13676,1.37610
728.09728,1.38530
726.05779,1.39406
724.01830,1.40720
721.97881,1.42142
719.93932,1.42727
717.89984,1.42348
715.86035,1.41550
713.82086,1.40833
711.78137,1.41126
709.74188,1.42256
707.70239,1.43034
705.66291,1.43624
703.62342,1.44620
701.58393,1.45429
699.54444,1.45195
697.50495,1.44295
695.46547,1.44047
693.42598,1.44716
691.38649,1.45597
689.34700,1.46450
687.30751,1.46824
685.26802,1.46395
683.22854,1.45850
681.18905,1.45803
679.14956,1.45910
677.11007,1.45993
675.07058,1.47075
673.03110,1.49469
670.99161,1.51304
668.95212,1.50806
666.91263,1.48318
664.87314,1.45706
662.83365,1.44299
660.79417,1.44777
658.75468,1.46524
656.71519,1.47721
654.67570,1.47351
652.63621,1.46108
650.59673,1.44971
648.55724,1.44428
646.51775,1.44934
644.47826,1.46065
642.43877,1.47021
640.39929,1.47751
638.35980,1.47680
636.32031,1.46273
634.28082,1.44388
632.24133,1.43385
630.20184,1.43647
628.16236,1.44683
626.12287,1.46044
624.08338,1.45715
622.04389,1.43409
620.00440,1.41708
617.96492,1.41064
615.92543,1.41013
613.88594,1.41810
611.84645,1.44007
609.80696,1.46631
607.76747,1.47503
605.72799,1.47032
603.68850,1.46812
601.64901,1.45903
599.60952,1.44973
597.57003,1.46911
595.53055,1.49220
593.49106,1.48046
591.45157,1.46544
589.41208,1.48218
587.37259,1.50405
585.33310,1.49432
583.29362,1.47671
581.25413,1.46372
579.21464,1.43186
577.17515,1.38437
575.13566,1.37418
573.09618,1.41945
571.05669,1.47513
569.01720,1.48510
566.97771,1.43979
564.93822,1.40076
562.89873,1.38551
560.85925,1.38186
558.81976,1.40665
556.78027,1.43785
554.74078,1.43594
552.70129,1.42830
550.66181,1.44472
548.62232,1.45448
546.58283,1.43193
544.54334,1.41214
542.50385,1.40012
540.46436,1.35768
538.42488,1.29474
536.38539,1.27877
534.34590,1.33144
532.30641,1.37748
530.26692,1.36531
528.22744,1.39365
526.18795,1.46757
524.14846,1.50911
522.10897,1.58572
520.06948,1.64767
518.02999,1.59410
515.99051,1.40969
513.95102,1.29270
511.91153,1.24056
509.87204,1.24923
507.83255,1.29450
505.79307,1.25070
503.75358,1.12555
501.71409,1.07460
499.67460,1.37266
