3997.39681,0.31096
3995.35732,0.31100
3993.31783,0.31042
3991.27835,0.30960
3989.23886,0.30894
3987.19937,0.30900
3985.15988,0.30970
3983.12039,0.31023
3981.08091,0.31040
3979.04142,0.31029
3977.00193,0.30970
3974.96244,0.30889
3972.92295,0.30844
3970.88346,0.30824
3968.84398,0.30776
3966.80449,0.30694
3964.76500,0.30626
3962.72551,0.30603
3960.68602,0.30617
3958.64654,0.30632
3956.60705,0.30609
3954.56756,0.30527
3952.52807,0.30446
3950.48858,0.30444
3948.44909,0.30459
3946.40961,0.30403
3944.37012,0.30322
3942.33063,0.30250
3940.29114,0.30151
3938.25165,0.30027
3936.21217,0.29943
3934.17268,0.29958
3932.13319,0.30032
3930.09370,0.30033
3928.05421,0.29917
3926.01473,0.29779
3923.97524,0.29702
3921.93575,0.29664
3919.89626,0.29612
3917.85677,0.29546
3915.81728,0.29479
3913.77780,0.29388
3911.73831,0.29260
3909.69882,0.29155
3907.65933,0.29132
3905.61984,0.29162
3903.58036,0.29171
3901.54087,0.29133
3899.50138,0.29054
3897.46189,0.28939
3895.42240,0.28815
3893.38291,0.28713
3891.34343,0.28643
3889.30394,0.28586
3887.26445,0.28548
3885.22496,0.28550
3883.18547,0.28549
3881.14599,0.28470
3879.10650,0.28336
3877.06701,0.28248
3875.02752,0.28227
3872.98803,0.28212
3870.94854,0.28205
3868.90906,0.28261
3866.86957,0.28306
3864.83008,0.28272
3862.79059,0.28193
3860.75110,0.28094
3858.71162,0.27959
3856.67213,0.27794
3854.63264,0.27747
3852.59315,0.27926
3850.55366,0.28050
3848.51417,0.27966
3846.47469,0.27862
3844.43520,0.27853
3842.39571,0.27887
3840.35622,0.27895
3838.31673,0.27889
3836.27725,0.27876
3834.23776,0.27829
3832.19827,0.27781
3830.15878,0.27755
3828.11929,0.27748
3826.07980,0.27761
3824.04032,0.27776
3822.00083,0.27824
3819.96134,0.27926
3817.92185,0.27981
3815.88236,0.27964
3813.84288,0.27934
3811.80339,0.27881
3809.76390,0.27825
3807.72441,0.27855
3805.68492,0.27975
3803.64543,0.28091
3801.60595,0.28195
3799.56646,0.28292
3797.52697,0.28341
3795.48748,0.28382
3793.44799,0.28435
3791.40851,0.28456
3789.36902,0.28463
3787.32953,0.28513
3785.29004,0.28626
3783.25055,0.28759
3781.21107,0.28869
3779.17158,0.28972
3777.13209,0.29081
3775.09260,0.29170
3773.05311,0.29241
3771.01362,0.29344
3768.97414,0.29505
3766.93465,0.29677
3764.89516,0.29836
3762.85567,0.29990
3760.81618,0.30153
3758.77670,0.30335
3756.73721,0.30476
3754.69772,0.30556
3752.65823,0.30675
3750.61874,0.30908
3748.57925,0.31139
3746.53977,0.31267
3744.50028,0.31482
3742.46079,0.31862
3740.42130,0.32180
3738.38181,0.32375
3736.34233,0.32579
3734.30284,0.32892
3732.26335,0.33242
3730.22386,0.33481
3728.18437,0.33621
3726.14488,0.33809
3724.10540,0.34146
3722.06591,0.34611
3720.02642,0.35087
3717.98693,0.35462
3715.94744,0.35743
3713.90796,0.36066
3711.86847,0.36571
3709.82898,0.37237
3707.78949,0.37877
3705.75000,0.38425
3703.71051,0.39019
3701.67103,0.39797
3699.63154,0.40675
3697.59205,0.41497
3695.55256,0.42232
3693.51307,0.42889
3691.47359,0.43573
3689.43410,0.44471
3687.39461,0.45565
3685.35512,0.46648
3683.31563,0.47674
3681.27614,0.48711
3679.23666,0.49797
3677.19717,0.51119
3675.15768,0.52872
3673.11819,0.54657
3671.07870,0.56256
3669.03922,0.57967
3666.99973,0.59643
3664.96024,0.61113
3662.92075,0.62550
3660.88126,0.64067
3658.84177,0.65706
3656.80229,0.67518
3654.76280,0.69249
3652.72331,0.70693
3650.68382,0.72310
3648.64433,0.74392
3646.60485,0.76348
3644.56536,0.77857
3642.52587,0.79265
3640.48638,0.80721
3638.44689,0.82112
3636.40741,0.83454
3634.36792,0.84825
3632.32843,0.86275
3630.28894,0.87972
3628.24945,0.89824
3626.20996,0.91264
3624.17048,0.92240
3622.13099,0.93126
3620.09150,0.94192
3618.05201,0.95510
3616.01252,0.96901
3613.97304,0.98165
3611.93355,0.99312
3609.89406,1.00502
3607.85457,1.01712
3605.81508,1.02691
3603.77559,1.03482
3601.73611,1.04311
3599.69662,1.05202
3597.65713,1.06270
3595.61764,1.07586
3593.57815,1.08725
3591.53867,1.09484
3589.49918,1.10361
3587.45969,1.11627
3585.42020,1.12884
3583.38071,1.13791
3581.34122,1.14456
3579.30174,1.15187
3577.26225,1.16087
3575.22276,1.17096
3573.18327,1.18307
3571.14378,1.19577
3569.10430,1.20470
3567.06481,1.21013
3565.02532,1.21652
3562.98583,1.22564
3560.94634,1.23639
3558.90685,1.24681
3556.86737,1.25612
3554.82788,1.26504
3552.78839,1.27291
3550.74890,1.27850
3548.70941,1.28441
3546.66993,1.29308
3544.63044,1.30151
3542.59095,1.30670
3540.55146,1.31122
3538.51197,1.31755
3536.47248,1.32374
3534.43300,1.32934
3532.39351,1.33688
3530.35402,1.34553
3528.31453,1.35175
3526.27504,1.35478
3524.23556,1.35505
3522.19607,1.35460
3520.15658,1.35879
3518.11709,1.36968
3516.07760,1.38257
3514.03811,1.39258
3511.99863,1.40148
3509.95914,1.40964
3507.91965,1.41092
3505.88016,1.40749
3503.84067,1.40879
3501.80119,1.41631
3499.76170,1.42823
3497.72221,1.44240
3495.68272,1.45060
3493.64323,1.44920
3491.60375,1.44434
3489.56426,1.44151
3487.52477,1.44472
3485.48528,1.45481
3483.44579,1.46594
3481.40630,1.47295
3479.36682,1.47559
3477.32733,1.47628
3475.28784,1.47677
3473.24835,1.47667
3471.20886,1.47754
3469.16938,1.48230
3467.12989,1.48769
3465.09040,1.48817
3463.05091,1.48471
3461.01142,1.48148
3458.97193,1.48548
3456.93245,1.49775
3454.89296,1.50698
3452.85347,1.51009
3450.81398,1.51342
3448.77449,1.51722
3446.73501,1.52039
3444.69552,1.52593
3442.65603,1.53044
3440.61654,1.52620
3438.57705,1.51767
3436.53756,1.51668
3434.49808,1.52553
3432.45859,1.53514
3430.41910,1.53836
3428.37961,1.53795
3426.34012,1.53713
3424.30064,1.53552
3422.26115,1.53080
3420.22166,1.52759
3418.18217,1.53602
3416.14268,1.54634
3414.10319,1.54547
3412.06371,1.54249
3410.02422,1.54119
3407.98473,1.53705
3405.94524,1.53285
3403.90575,1.53355
3401.86627,1.54196
3399.82678,1.55270
3397.78729,1.55832
3395.74780,1.55647
3393.70831,1.55143
3391.66882,1.54820
3389.62934,1.54856
3387.58985,1.55027
3385.55036,1.54791
3383.51087,1.54425
3381.47138,1.54889
3379.43190,1.55880
3377.39241,1.56061
3375.35292,1.55661
3373.31343,1.55593
3371.27394,1.55620
3369.23446,1.55476
3367.19497,1.55398
3365.15548,1.55663
3363.11599,1.56262
3361.07650,1.56768
3359.03701,1.56637
3356.99753,1.55814
3354.95804,1.55233
3352.91855,1.55266
3350.87906,1.55289
3348.83957,1.55296
3346.80009,1.55502
3344.76060,1.55877
3342.72111,1.56289
3340.68162,1.56287
3338.64213,1.55867
3336.60264,1.55260
3334.56316,1.54796
3332.52367,1.54864
3330.48418,1.55170
3328.44469,1.55353
3326.40520,1.55438
3324.36572,1.55395
3322.32623,1.55113
3320.28674,1.54664
3318.24725,1.54240
3316.20776,1.53993
3314.16827,1.54165
3312.12879,1.54499
3310.08930,1.54247
3308.04981,1.53655
3306.01032,1.53337
3303.97083,1.53281
3301.93135,1.53382
3299.89186,1.53430
3297.85237,1.53322
3295.81288,1.53070
3293.77339,1.52714
3291.73390,1.52403
3289.69442,1.52199
3287.65493,1.52216
3285.61544,1.52383
3283.57595,1.52286
3281.53646,1.51850
3279.49698,1.51390
3277.45749,1.51171
3275.41800,1.51171
3273.37851,1.51125
3271.33902,1.51008
3269.29953,1.50875
3267.26005,1.50401
3265.22056,1.49502
3263.18107,1.48573
3261.14158,1.47859
3259.10209,1.47570
3257.06261,1.47856
3255.02312,1.48292
3252.98363,1.48108
3250.94414,1.47247
3248.90465,1.46397
3246.86516,1.46032
3244.82568,1.46095
3242.78619,1.46293
3240.74670,1.46381
3238.70721,1.46094
3236.66772,1.45458
3234.62824,1.44775
3232.58875,1.44392
3230.54926,1.44434
3228.50977,1.44440
3226.47028,1.44068
3224.43080,1.43549
3222.39131,1.43124
3220.35182,1.42891
3218.31233,1.42745
3216.27284,1.42524
3214.23335,1.42295
3212.19387,1.41985
3210.15438,1.41505
3208.11489,1.41132
3206.07540,1.41029
3204.03591,1.40855
3201.99643,1.40404
3199.95694,1.39921
3197.91745,1.39489
3195.87796,1.39163
3193.83847,1.39149
3191.79898,1.39171
3189.75950,1.38737
3187.72001,1.38131
3185.68052,1.37961
3183.64103,1.38071
3181.60154,1.37864
3179.56206,1.37127
3177.52257,1.36161
3175.48308,1.35632
3173.44359,1.35702
3171.40410,1.35654
3169.36461,1.35320
3167.32513,1.35034
3165.28564,1.34583
3163.24615,1.33903
3161.20666,1.33362
3159.16717,1.33255
3157.12769,1.33426
3155.08820,1.33463
3153.04871,1.33143
3151.00922,1.32534
3148.96973,1.32121
3146.93024,1.32099
3144.89076,1.32006
3142.85127,1.31562
3140.81178,1.30939
3138.77229,1.30446
3136.73280,1.30198
3134.69332,1.30017
3132.65383,1.29712
3130.61434,1.29216
3128.57485,1.28741
3126.53536,1.28368
3124.49587,1.27988
3122.45639,1.27817
3120.41690,1.27724
3118.37741,1.27320
3116.33792,1.26854
3114.29843,1.26607
3112.25895,1.26487
3110.21946,1.26413
3108.17997,1.26355
3106.14048,1.26340
3104.10099,1.26222
3102.06150,1.25702
3100.02202,1.25050
3097.98253,1.24767
3095.94304,1.24755
3093.90355,1.24575
3091.86406,1.24136
3089.82458,1.23797
3087.78509,1.23745
3085.74560,1.23675
3083.70611,1.23385
3081.66662,1.22977
3079.62714,1.22514
3077.58765,1.22103
3075.54816,1.21828
3073.50867,1.21667
3071.46918,1.21570
3069.42969,1.21473
3067.39021,1.21440
3065.35072,1.21453
3063.31123,1.21242
3061.27174,1.20708
3059.23225,1.20127
3057.19277,1.19752
3055.15328,1.19565
3053.11379,1.19385
3051.07430,1.19082
3049.03481,1.18618
3046.99532,1.18074
3044.95584,1.17706
3042.91635,1.17598
3040.87686,1.17510
3038.83737,1.17225
3036.79788,1.16857
3034.75840,1.16717
3032.71891,1.16840
3030.67942,1.16904
3028.63993,1.16582
3026.60044,1.15890
3024.56095,1.15250
3022.52147,1.14932
3020.48198,1.14793
3018.44249,1.14682
3016.40300,1.14613
3014.36351,1.14673
3012.32403,1.14754
3010.28454,1.14616
3008.24505,1.14360
3006.20556,1.14203
3004.16607,1.14106
3002.12658,1.14104
3000.08710,1.14268
2998.04761,1.14390
2996.00812,1.14373
2993.96863,1.14467
2991.92914,1.14783
2989.88966,1.15222
2987.85017,1.15679
2985.81068,1.16206
2983.77119,1.16872
2981.73170,1.17562
2979.69221,1.18228
2977.65273,1.18951
2975.61324,1.19612
2973.57375,1.20172
2971.53426,1.20869
2969.49477,1.21647
2967.45529,1.22202
2965.41580,1.22588
2963.37631,1.23080
2961.33682,1.23704
2959.29733,1.24255
2957.25784,1.24670
2955.21836,1.25027
2953.17887,1.25257
2951.13938,1.25376
2949.09989,1.25561
2947.06040,1.25992
2945.02092,1.26794
2942.98143,1.27866
2940.94194,1.28892
2938.90245,1.29563
2936.86296,1.30005
2934.82348,1.30412
2932.78399,1.30666
2930.74450,1.30808
2928.70501,1.30881
2926.66552,1.30866
2924.62603,1.30993
2922.58655,1.31224
2920.54706,1.31096
2918.50757,1.30372
2916.46808,1.29289
2914.42859,1.28066
2912.38911,1.26716
2910.34962,1.25411
2908.31013,1.24241
2906.27064,1.23122
2904.23115,1.22250
2902.19166,1.21693
2900.15218,1.21132
2898.11269,1.20563
2896.07320,1.20211
2894.03371,1.19834
2891.99422,1.19305
2889.95474,1.18845
2887.91525,1.18332
2885.87576,1.17692
2883.83627,1.17174
2881.79678,1.16886
2879.75729,1.16690
2877.71781,1.16479
2875.67832,1.16327
2873.63883,1.16180
2871.59934,1.15881
2869.55985,1.15513
2867.52037,1.15289
2865.48088,1.15181
2863.44139,1.15105
2861.40190,1.15184
2859.36241,1.15340
2857.32292,1.15468
2855.28344,1.15744
2853.24395,1.16126
2851.20446,1.16055
2849.16497,1.14851
2847.12548,1.12648
2845.08600,1.10288
2843.04651,1.08269
2841.00702,1.06696
2838.96753,1.05515
2836.92804,1.04525
2834.88855,1.03645
2832.84907,1.02842
2830.80958,1.02112
2828.77009,1.01541
2826.73060,1.01065
2824.69111,1.00543
2822.65163,0.99977
2820.61214,0.99493
2818.57265,0.99131
2816.53316,0.98790
2814.49367,0.98419
2812.45418,0.98039
2810.41470,0.97631
2808.37521,0.97235
2806.33572,0.96926
2804.29623,0.96604
2802.25674,0.96207
2800.21726,0.95868
2798.17777,0.95599
2796.13828,0.95282
2794.09879,0.94975
2792.05930,0.94770
2790.01982,0.94648
2787.98033,0.94538
2785.94084,0.94340
2783.90135,0.94064
2781.86186,0.93797
2779.82237,0.93629
2777.78289,0.93489
2775.74340,0.93259
2773.70391,0.93031
2771.66442,0.92851
2769.62493,0.92714
2767.58545,0.92615
2765.54596,0.92490
2763.50647,0.92328
2761.46698,0.92166
2759.42749,0.92020
2757.38800,0.91896
2755.34852,0.91802
2753.30903,0.91762
2751.26954,0.91744
2749.23005,0.91634
2747.19056,0.91480
2745.15108,0.91423
2743.11159,0.91353
2741.07210,0.91164
2739.03261,0.91005
2736.99312,0.90912
2734.95363,0.90819
2732.91415,0.90700
2730.87466,0.90482
2728.83517,0.90210
2726.79568,0.90016
2724.75619,0.89933
2722.71671,0.89910
2720.67722,0.89859
2718.63773,0.89700
2716.59824,0.89448
2714.55875,0.89227
2712.51926,0.89007
2710.47978,0.88759
2708.44029,0.88620
2706.40080,0.88473
2704.36131,0.88224
2702.32182,0.88038
2700.28234,0.87914
2698.24285,0.87719
2696.20336,0.87483
2694.16387,0.87328
2692.12438,0.87208
2690.08489,0.87007
2688.04541,0.86760
2686.00592,0.86552
2683.96643,0.86371
2681.92694,0.86208
2679.88745,0.86076
2677.84797,0.85900
2675.80848,0.85662
2673.76899,0.85403
2671.72950,0.85162
2669.69001,0.84973
2667.65052,0.84746
2665.61104,0.84439
2663.57155,0.84218
2661.53206,0.84114
2659.49257,0.83951
2657.45308,0.83734
2655.41360,0.83575
2653.37411,0.83398
2651.33462,0.83103
2649.29513,0.82815
2647.25564,0.82642
2645.21616,0.82523
2643.17667,0.82370
2641.13718,0.82141
2639.09769,0.81892
2637.05820,0.81655
2635.01871,0.81424
2632.97923,0.81253
2630.93974,0.81103
2628.90025,0.80902
2626.86076,0.80723
2624.82127,0.80591
2622.78179,0.80397
2620.74230,0.80091
2618.70281,0.79788
2616.66332,0.79638
2614.62383,0.79595
2612.58434,0.79509
2610.54486,0.79305
2608.50537,0.79043
2606.46588,0.78831
2604.42639,0.78637
2602.38690,0.78447
2600.34742,0.78320
2598.30793,0.78176
2596.26844,0.77942
2594.22895,0.77706
2592.18946,0.77525
2590.14997,0.77384
2588.11049,0.77221
2586.07100,0.77010
2584.03151,0.76799
2581.99202,0.76639
2579.95253,0.76511
2577.91305,0.76347
2575.87356,0.76175
2573.83407,0.76033
2571.79458,0.75866
2569.75509,0.75649
2567.71560,0.75436
2565.67612,0.75269
2563.63663,0.75104
2561.59714,0.74914
2559.55765,0.74765
2557.51816,0.74637
2555.47868,0.74459
2553.43919,0.74264
2551.39970,0.74102
2549.36021,0.73972
2547.32072,0.73838
2545.28123,0.73677
2543.24175,0.73490
2541.20226,0.73286
2539.16277,0.73106
2537.12328,0.72938
2535.08379,0.72753
2533.04431,0.72553
2531.00482,0.72352
2528.96533,0.72174
2526.92584,0.72048
2524.88635,0.71920
2522.84686,0.71723
2520.80738,0.71519
2518.76789,0.71362
2516.72840,0.71193
2514.68891,0.70985
2512.64942,0.70806
2510.60994,0.70674
2508.57045,0.70523
2506.53096,0.70350
2504.49147,0.70170
2502.45198,0.70010
2500.41250,0.69868
2498.37301,0.69670
2496.33352,0.69429
2494.29403,0.69215
2492.25454,0.69040
2490.21505,0.68901
2488.17557,0.68768
2486.13608,0.68594
2484.09659,0.68389
2482.05710,0.68201
2480.01761,0.68047
2477.97813,0.67870
2475.93864,0.67637
2473.89915,0.67414
2471.85966,0.67221
2469.82017,0.67059
2467.78068,0.66901
2465.74120,0.66676
2463.70171,0.66410
2461.66222,0.66183
2459.62273,0.66014
2457.58324,0.65860
2455.54376,0.65677
2453.50427,0.65502
2451.46478,0.65347
2449.42529,0.65173
2447.38580,0.64991
2445.34631,0.64801
2443.30683,0.64593
2441.26734,0.64420
2439.22785,0.64276
2437.18836,0.64082
2435.14887,0.63821
2433.10939,0.63545
2431.06990,0.63330
2429.03041,0.63195
2426.99092,0.63064
2424.95143,0.62898
2422.91194,0.62715
2420.87246,0.62515
2418.83297,0.62313
2416.79348,0.62133
2414.75399,0.61995
2412.71450,0.61888
2410.67502,0.61757
2408.63553,0.61587
2406.59604,0.61426
2404.55655,0.61286
2402.51706,0.61133
2400.47757,0.60973
2398.43809,0.60802
2396.39860,0.60635
2394.35911,0.60489
2392.31962,0.60373
2390.28013,0.60277
2388.24065,0.60190
2386.20116,0.60115
2384.16167,0.60054
2382.12218,0.60010
2380.08269,0.59977
2378.04320,0.59935
2376.00372,0.59913
2373.96423,0.59942
2371.92474,0.59955
2369.88525,0.59890
2367.84576,0.59784
2365.80628,0.59656
2363.76679,0.59555
2361.72730,0.59582
2359.68781,0.59674
2357.64832,0.59674
2355.60884,0.59585
2353.56935,0.59508
2351.52986,0.59482
2349.49037,0.59392
2347.45088,0.59140
2345.41139,0.58852
2343.37191,0.58699
2341.33242,0.58650
2339.29293,0.58569
2337.25344,0.58441
2335.21395,0.58310
2333.17447,0.58173
2331.13498,0.58036
2329.09549,0.57957
2327.05600,0.57918
2325.01651,0.57833
2322.97702,0.57691
2320.93754,0.57554
2318.89805,0.57439
2316.85856,0.57315
2314.81907,0.57165
2312.77958,0.57020
2310.74010,0.56923
2308.70061,0.56856
2306.66112,0.56779
2304.62163,0.56681
2302.58214,0.56573
2300.54265,0.56483
2298.50317,0.56414
2296.46368,0.56345
2294.42419,0.56269
2292.38470,0.56195
2290.34521,0.56110
2288.30573,0.55998
2286.26624,0.55893
2284.22675,0.55837
2282.18726,0.55816
2280.14777,0.55777
2278.10828,0.55704
2276.06880,0.55622
2274.02931,0.55573
2271.98982,0.55564
2269.95033,0.55560
2267.91084,0.55531
2265.87136,0.55494
2263.83187,0.55474
2261.79238,0.55475
2259.75289,0.55490
2257.71340,0.55484
2255.67391,0.55445
2253.63443,0.55412
2251.59494,0.55399
2249.55545,0.55394
2247.51596,0.55412
2245.47647,0.55423
2243.43699,0.55424
2241.39750,0.55433
2239.35801,0.55438
2237.31852,0.55419
2235.27903,0.55392
2233.23954,0.55370
2231.20006,0.55381
2229.16057,0.55428
2227.12108,0.55455
2225.08159,0.55440
2223.04210,0.55449
2221.00262,0.55509
2218.96313,0.55539
2216.92364,0.55500
2214.88415,0.55478
2212.84466,0.55525
2210.80518,0.55586
2208.76569,0.55629
2206.72620,0.55650
2204.68671,0.55637
2202.64722,0.55649
2200.60773,0.55695
2198.56825,0.55711
2196.52876,0.55702
2194.48927,0.55703
2192.44978,0.55721
2190.41029,0.55745
2188.37081,0.55789
2186.33132,0.55869
2184.29183,0.55953
2182.25234,0.56013
2180.21285,0.56050
2178.17336,0.56072
2176.13388,0.56113
2174.09439,0.56198
2172.05490,0.56262
2170.01541,0.56272
2167.97592,0.56294
2165.93644,0.56349
2163.89695,0.56405
2161.85746,0.56463
2159.81797,0.56515
2157.77848,0.56532
2155.73899,0.56517
2153.69951,0.56497
2151.66002,0.56486
2149.62053,0.56494
2147.58104,0.56531
2145.54155,0.56597
2143.50207,0.56642
2141.46258,0.56616
2139.42309,0.56557
2137.38360,0.56530
2135.34411,0.56542
2133.30462,0.56541
2131.26514,0.56521
2129.22565,0.56525
2127.18616,0.56537
2125.14667,0.56522
2123.10718,0.56495
2121.06770,0.56488
2119.02821,0.56485
2116.98872,0.56443
2114.94923,0.56383
2112.90974,0.56339
2110.87025,0.56286
2108.83077,0.56213
2106.79128,0.56162
2104.75179,0.56148
2102.71230,0.56154
2100.67281,0.56140
2098.63333,0.56086
2096.59384,0.56043
2094.55435,0.56020
2092.51486,0.55985
2090.47537,0.55935
2088.43588,0.55885
2086.39640,0.55855
2084.35691,0.55844
2082.31742,0.55820
2080.27793,0.55788
2078.23844,0.55772
2076.19896,0.55761
2074.15947,0.55743
2072.11998,0.55727
2070.08049,0.55710
2068.04100,0.55674
2066.00152,0.55608
2063.96203,0.55539
2061.92254,0.55538
2059.88305,0.55566
2057.84356,0.55523
2055.80407,0.55431
2053.76459,0.55376
2051.72510,0.55368
2049.68561,0.55345
2047.64612,0.55280
2045.60663,0.55206
2043.56715,0.55149
2041.52766,0.55105
2039.48817,0.55046
2037.44868,0.54950
2035.40919,0.54838
2033.36970,0.54748
2031.33022,0.54687
2029.29073,0.54642
2027.25124,0.54576
2025.21175,0.54469
2023.17226,0.54363
2021.13278,0.54297
2019.09329,0.54259
2017.05380,0.54189
2015.01431,0.54073
2012.97482,0.53960
2010.93533,0.53874
2008.89585,0.53807
2006.85636,0.53760
2004.81687,0.53738
2002.77738,0.53700
2000.73789,0.53619
1998.69841,0.53555
1996.65892,0.53534
1994.61943,0.53540
1992.57994,0.53566
1990.54045,0.53566
1988.50096,0.53517
1986.46148,0.53456
1984.42199,0.53414
1982.38250,0.53392
1980.34301,0.53383
1978.30352,0.53381
1976.26404,0.53386
1974.22455,0.53391
1972.18506,0.53379
1970.14557,0.53374
1968.10608,0.53399
1966.06659,0.53422
1964.02711,0.53430
1961.98762,0.53449
1959.94813,0.53464
1957.90864,0.53452
1955.86915,0.53438
1953.82967,0.53433
1951.79018,0.53418
1949.75069,0.53400
1947.71120,0.53428
1945.67171,0.53526
1943.63222,0.53631
1941.59274,0.53639
1939.55325,0.53551
1937.51376,0.53488
1935.47427,0.53489
1933.43478,0.53487
1931.39530,0.53468
1929.35581,0.53480
1927.31632,0.53525
1925.27683,0.53605
1923.23734,0.53723
1921.19786,0.53850
1919.15837,0.53974
1917.11888,0.54031
1915.07939,0.53992
1913.03990,0.53986
1911.00041,0.54094
1908.96093,0.54225
1906.92144,0.54293
1904.88195,0.54354
1902.84246,0.54445
1900.80297,0.54540
1898.76349,0.54648
1896.72400,0.54785
1894.68451,0.54924
1892.64502,0.55059
1890.60553,0.55212
1888.56604,0.55328
1886.52656,0.55362
1884.48707,0.55401
1882.44758,0.55504
1880.40809,0.55650
1878.36860,0.55794
1876.32912,0.55905
1874.28963,0.56007
1872.25014,0.56192
1870.21065,0.56501
1868.17116,0.56751
1866.13167,0.56756
1864.09219,0.56670
1862.05270,0.56681
1860.01321,0.56791
1857.97372,0.56952
1855.93423,0.57138
1853.89475,0.57310
1851.85526,0.57457
1849.81577,0.57644
1847.77628,0.57947
1845.73679,0.58362
1843.69730,0.58707
1841.65782,0.58828
1839.61833,0.58870
1837.57884,0.59002
1835.53935,0.59227
1833.49986,0.59551
1831.46038,0.60004
1829.42089,0.60494
1827.38140,0.60891
1825.34191,0.61242
1823.30242,0.61596
1821.26293,0.61941
1819.22345,0.62346
1817.18396,0.62838
1815.14447,0.63375
1813.10498,0.63971
1811.06549,0.64629
1809.02601,0.65275
1806.98652,0.65920
1804.94703,0.66647
1802.90754,0.67501
1800.86805,0.68466
1798.82856,0.69408
1796.78908,0.70292
1794.74959,0.71335
1792.71010,0.72660
1790.67061,0.73933
1788.63112,0.74892
1786.59164,0.75864
1784.55215,0.77157
1782.51266,0.78705
1780.47317,0.80293
1778.43368,0.81755
1776.39420,0.83189
1774.35471,0.84994
1772.31522,0.87341
1770.27573,0.89812
1768.23624,0.92151
1766.19675,0.94515
1764.15727,0.97062
1762.11778,1.00019
1760.07829,1.03156
1758.03880,1.06171
1755.99931,1.09164
1753.95983,1.12051
1751.92034,1.15038
1749.88085,1.18231
1747.84136,1.21065
1745.80187,1.23441
1743.76238,1.25717
1741.72290,1.27896
1739.68341,1.29918
1737.64392,1.31653
1735.60443,1.32777
1733.56494,1.32993
1731.52546,1.32398
1729.48597,1.31585
1727.44648,1.30994
1725.40699,1.30704
1723.36750,1.30505
1721.32801,1.30246
1719.28853,1.30010
1717.24904,1.29881
1715.20955,1.29727
1713.17006,1.29439
1711.13057,1.29127
1709.09109,1.29027
1707.05160,1.29266
1705.01211,1.29757
1702.97262,1.30606
1700.93313,1.32326
1698.89364,1.34872
1696.85416,1.37392
1694.81467,1.39501
1692.77518,1.41149
1690.73569,1.42752
1688.69620,1.44638
1686.65672,1.47079
1684.61723,1.50566
1682.57774,1.53851
1680.53825,1.55252
1678.49876,1.56007
1676.45927,1.57306
1674.41979,1.58747
1672.38030,1.60016
1670.34081,1.61453
1668.30132,1.63043
1666.26183,1.64570
1664.22235,1.66111
1662.18286,1.67314
1660.14337,1.67570
1658.10388,1.67181
1656.06439,1.67137
1654.02490,1.67846
1651.98542,1.68388
1649.94593,1.68415
1647.90644,1.68520
1645.86695,1.68509
1643.82746,1.68267
1641.78798,1.67957
1639.74849,1.67538
1637.70900,1.67201
1635.66951,1.67103
1633.63002,1.66968
1631.59054,1.66719
1629.55105,1.66699
1627.51156,1.67167
1625.47207,1.67620
1623.43258,1.67271
1621.39309,1.66555
1619.35361,1.66481
1617.31412,1.66769
1615.27463,1.66519
1613.23514,1.65791
1611.19565,1.65219
1609.15617,1.64878
1607.11668,1.64197
1605.07719,1.63048
1603.03770,1.62168
1600.99821,1.61908
1598.95872,1.61725
1596.91924,1.61252
1594.87975,1.60470
1592.84026,1.59287
1590.80077,1.57863
1588.76128,1.56655
1586.72180,1.55797
1584.68231,1.55075
1582.64282,1.54403
1580.60333,1.53816
1578.56384,1.53159
1576.52435,1.51973
1574.48487,1.50561
1572.44538,1.49799
1570.40589,1.49351
1568.36640,1.48570
1566.32691,1.47772
1564.28743,1.47429
1562.24794,1.47464
1560.20845,1.47532
1558.16896,1.47184
1556.12947,1.46435
1554.08998,1.45956
1552.05050,1.45936
1550.01101,1.45982
1547.97152,1.45883
1545.93203,1.45726
1543.89254,1.45558
1541.85306,1.45445
1539.81357,1.45245
1537.77408,1.44804
1535.73459,1.44337
1533.69510,1.43841
1531.65561,1.43142
1529.61613,1.42378
1527.57664,1.41858
1525.53715,1.41688
1523.49766,1.41852
1521.45817,1.42354
1519.41869,1.42670
1517.37920,1.42046
1515.33971,1.40714
1513.30022,1.39379
1511.26073,1.38253
1509.22124,1.37135
1507.18176,1.35890
1505.14227,1.34906
1503.10278,1.34306
1501.06329,1.33736
1499.02380,1.32971
1496.98432,1.32064
1494.94483,1.31376
1492.90534,1.31053
1490.86585,1.30878
1488.82636,1.30751
1486.78688,1.30824
1484.74739,1.31273
1482.70790,1.32236
1480.66841,1.33654
1478.62892,1.35273
1476.58943,1.37044
1474.54995,1.39297
1472.51046,1.42183
1470.47097,1.44737
1468.43148,1.46168
1466.39199,1.47122
1464.35251,1.48303
1462.31302,1.49625
1460.27353,1.50954
1458.23404,1.52475
1456.19455,1.53927
1454.15506,1.54549
1452.11558,1.54482
1450.07609,1.54282
1448.03660,1.54277
1445.99711,1.54790
1443.95762,1.55592
1441.91814,1.55952
1439.87865,1.55770
1437.83916,1.55653
1435.79967,1.55667
1433.76018,1.55280
1431.72069,1.54748
1429.68121,1.54532
1427.64172,1.54445
1425.60223,1.54337
1423.56274,1.54292
1421.52325,1.54247
1419.48377,1.54126
1417.44428,1.53767
1415.40479,1.53228
1413.36530,1.52812
1411.32581,1.52503
1409.28632,1.52144
1407.24684,1.51830
1405.20735,1.51822
1403.16786,1.52042
1401.12837,1.52051
1399.08888,1.51796
1397.04940,1.51669
1395.00991,1.51824
1392.97042,1.52057
1390.93093,1.52132
1388.89144,1.51962
1386.85195,1.51450
1384.81247,1.50881
1382.77298,1.50846
1380.73349,1.51308
1378.69400,1.51918
1376.65451,1.52359
1374.61503,1.52179
1372.57554,1.51256
1370.53605,1.50182
1368.49656,1.49669
1366.45707,1.49733
1364.41758,1.49705
1362.37810,1.49088
1360.33861,1.48090
1358.29912,1.47251
1356.25963,1.46792
1354.22014,1.46579
1352.18066,1.46465
1350.14117,1.46364
1348.10168,1.46243
1346.06219,1.46136
1344.02270,1.46097
1341.98322,1.46178
1339.94373,1.46390
1337.90424,1.46613
1335.86475,1.46677
1333.82526,1.46728
1331.78577,1.46965
1329.74629,1.47053
1327.70680,1.46707
1325.66731,1.46330
1323.62782,1.46253
1321.58833,1.46426
1319.54885,1.46815
1317.50936,1.47201
1315.46987,1.47192
1313.43038,1.46760
1311.39089,1.46261
1309.35140,1.45969
1307.31192,1.45815
1305.27243,1.45602
1303.23294,1.45436
1301.19345,1.45507
1299.15396,1.45556
1297.11448,1.45498
1295.07499,1.45686
1293.03550,1.46007
1290.99601,1.46160
1288.95652,1.46308
1286.91703,1.46585
1284.87755,1.46997
1282.83806,1.47547
1280.79857,1.48017
1278.75908,1.48204
1276.71959,1.48256
1274.68011,1.48282
1272.64062,1.48270
1270.60113,1.48479
1268.56164,1.48904
1266.52215,1.49085
1264.48266,1.49053
1262.44318,1.49325
1260.40369,1.49808
1258.36420,1.49953
1256.32471,1.49780
1254.28522,1.49582
1252.24574,1.49518
1250.20625,1.49640
1248.16676,1.49730
1246.12727,1.49550
1244.08778,1.49119
1242.04829,1.48683
1240.00881,1.48481
1237.96932,1.48468
1235.92983,1.48312
1233.89034,1.47893
1231.85085,1.47466
1229.81137,1.46994
1227.77188,1.46248
1225.73239,1.45260
1223.69290,1.44148
1221.65341,1.43298
1219.61392,1.42872
1217.57444,1.42364
1215.53495,1.41711
1213.49546,1.41441
1211.45597,1.41516
1209.41648,1.41688
1207.37700,1.41916
1205.33751,1.41779
1203.29802,1.41200
1201.25853,1.40768
1199.21904,1.40573
1197.17956,1.40301
1195.14007,1.40192
1193.10058,1.40407
1191.06109,1.40707
1189.02160,1.41224
1186.98211,1.42079
1184.94263,1.42983
1182.90314,1.43620
1180.86365,1.44158
1178.82416,1.45312
1176.78467,1.47026
1174.74519,1.48467
1172.70570,1.49638
1170.66621,1.51106
1168.62672,1.52770
1166.58723,1.54214
1164.54774,1.54985
1162.50826,1.55028
1160.46877,1.55001
1158.42928,1.55165
1156.38979,1.55202
1154.35030,1.55073
1152.31082,1.55110
1150.27133,1.55256
1148.23184,1.55221
1146.19235,1.55288
1144.15286,1.55542
1142.11337,1.55776
1140.07389,1.56254
1138.03440,1.56725
1135.99491,1.56949
1133.95542,1.57505
1131.91593,1.58485
1129.87645,1.59538
1127.83696,1.60433
1125.79747,1.61204
1123.75798,1.61955
1121.71849,1.62460
1119.67900,1.62639
1117.63952,1.63083
1115.60003,1.64119
1113.56054,1.65099
1111.52105,1.65348
1109.48156,1.64834
1107.44208,1.64102
1105.40259,1.63504
1103.36310,1.63030
1101.32361,1.62820
1099.28412,1.62811
1097.24463,1.62672
1095.20515,1.62420
1093.16566,1.62174
1091.12617,1.62122
1089.08668,1.62305
1087.04719,1.62394
1085.00771,1.62382
1082.96822,1.62213
1080.92873,1.62333
1078.88924,1.63195
1076.84975,1.63192
1074.81027,1.61764
1072.77078,1.60698
1070.73129,1.60543
1068.69180,1.60383
1066.65231,1.59773
1064.61282,1.59216
1062.57334,1.58920
1060.53385,1.58408
1058.49436,1.57588
1056.45487,1.56910
1054.41538,1.56407
1052.37590,1.55834
1050.33641,1.55088
1048.29692,1.54373
1046.25743,1.53998
1044.21794,1.53861
1042.17845,1.53575
1040.13897,1.52817
1038.09948,1.51785
1036.05999,1.50948
1034.02050,1.50146
1031.98101,1.49070
1029.94153,1.48010
1027.90204,1.47166
1025.86255,1.46473
1023.82306,1.46060
1021.78357,1.45718
1019.74408,1.45133
1017.70460,1.44343
1015.66511,1.43558
1013.62562,1.42840
1011.58613,1.42010
1009.54664,1.40840
1007.50716,1.39188
1005.46767,1.37406
1003.42818,1.35991
1001.38869,1.34959
999.34920,1.34140
997.30971,1.33300
995.27023,1.32364
993.23074,1.31460
991.19125,1.30510
989.15176,1.29415
987.11227,1.28221
985.07279,1.27130
983.03330,1.26334
980.99381,1.25600
978.95432,1.24570
976.91483,1.23457
974.87534,1.22746
972.83586,1.22340
970.79637,1.21952
968.75688,1.21496
966.71739,1.20776
964.67790,1.20069
962.63842,1.19689
960.59893,1.19293
958.55944,1.18590
956.51995,1.17608
954.48046,1.16566
952.44097,1.15581
950.40149,1.14570
948.36200,1.13637
946.32251,1.12727
944.28302,1.11695
942.24353,1.10863
940.20405,1.10563
938.16456,1.10658
936.12507,1.10770
934.08558,1.10841
932.04609,1.11013
930.00661,1.11280
927.96712,1.11582
925.92763,1.11879
923.88814,1.12276
921.84865,1.12652
919.80916,1.12788
917.76968,1.12795
915.73019,1.12843
913.69070,1.13038
911.65121,1.13455
909.61172,1.13936
907.57224,1.14142
905.53275,1.14167
903.49326,1.14447
901.45377,1.15136
899.41428,1.15983
897.37479,1.16625
895.33531,1.17129
893.29582,1.17677
891.25633,1.17983
889.21684,1.17870
887.17735,1.17525
885.13787,1.17194
883.09838,1.17087
881.05889,1.17014
879.01940,1.16768
876.97991,1.16577
874.94042,1.16557
872.90094,1.16448
870.86145,1.16174
868.82196,1.16123
866.78247,1.16468
864.74298,1.16971
862.70350,1.17267
860.66401,1.17330
858.62452,1.17518
856.58503,1.17842
854.54554,1.18276
852.50605,1.19092
850.46657,1.20098
848.42708,1.20690
846.38759,1.21071
844.34810,1.21903
842.30861,1.23018
840.26913,1.24165
838.22964,1.25283
836.19015,1.26082
834.15066,1.26638
832.11117,1.27079
830.07168,1.27440
828.03220,1.27696
825.99271,1.27733
823.95322,1.27708
821.91373,1.27752
819.87424,1.27924
817.83476,1.28239
815.79527,1.28497
813.75578,1.28371
811.71629,1.27849
809.67680,1.27680
807.63731,1.28237
805.59783,1.28837
803.55834,1.29116
801.51885,1.29571
799.47936,1.30183
797.43987,1.30604
795.40039,1.31190
793.36090,1.32014
791.32141,1.32775
789.28192,1.32972
787.24243,1.32412
785.20295,1.31936
783.16346,1.32077
781.12397,1.32657
779.08448,1.33337
777.04499,1.33812
775.00550,1.34245
772.96602,1.34974
770.92653,1.35814
768.88704,1.36194
766.84755,1.36139
764.80806,1.36444
762.76858,1.37181
760.72909,1.37429
758.68960,1.37161
756.65011,1.36915
754.61062,1.36613
752.57113,1.36179
750.53165,1.35871
748.49216,1.36116
746.45267,1.36801
744.41318,1.37386
742.37369,1.37778
740.33421,1.38199
738.29472,1.38793
736.25523,1.39554
734.21574,1.40314
732.17625,1.40874
730.13676,1.40980
728.09728,1.40987
726.05779,1.41483
724.01830,1.42157
721.97881,1.42313
719.93932,1.42053
717.89984,1.42106
715.86035,1.42402
713.82086,1.42637
711.78137,1.43133
709.74188,1.44020
707.70239,1.44602
705.66291,1.44385
703.62342,1.43948
701.58393,1.43601
699.54444,1.43081
697.50495,1.42759
695.46547,1.43019
693.42598,1.43260
691.38649,1.43088
689.34700,1.43121
687.30751,1.43566
685.26802,1.44178
683.22854,1.45018
681.18905,1.45606
679.14956,1.45667
677.11007,1.46210
675.07058,1.47540
673.03110,1.48360
670.99161,1.48188
668.95212,1.48428
666.91263,1.49330
664.87314,1.49057
662.83365,1.47703
660.79417,1.46680
658.75468,1.46669
656.71519,1.47269
654.67570,1.47313
652.63621,1.46173
650.59673,1.45162
648.55724,1.46001
646.51775,1.47999
644.47826,1.48854
642.43877,1.48278
640.39929,1.47949
638.35980,1.48363
636.32031,1.48899
634.28082,1.49251
632.24133,1.48831
630.20184,1.47667
628.16236,1.47153
626.12287,1.47687
624.08338,1.47380
622.04389,1.46377
620.00440,1.45932
617.96492,1.46605
615.92543,1.46928
613.88594,1.45096
611.84645,1.44241
609.80696,1.46396
607.76747,1.47954
605.72799,1.47617
603.68850,1.47493
601.64901,1.46504
599.60952,1.44957
597.57003,1.45919
595.53055,1.48452
593.49106,1.48523
591.45157,1.46346
589.41208,1.45018
587.37259,1.45904
585.33310,1.46870
583.29362,1.45684
581.25413,1.43072
579.21464,1.39769
577.17515,1.36354
575.13566,1.36638
573.09618,1.41174
571.05669,1.44959
569.01720,1.45200
566.97771,1.43385
564.93822,1.43401
562.89873,1.45412
560.85925,1.45292
558.81976,1.41551
556.78027,1.39706
554.74078,1.41978
552.70129,1.43595
550.66181,1.42651
548.62232,1.41492
546.58283,1.42342
544.54334,1.45912
542.50385,1.50000
540.46436,1.49509
538.42488,1.46852
536.38539,1.46165
534.34590,1.45259
532.30641,1.43454
530.26692,1.42247
528.22744,1.40209
526.18795,1.35514
524.14846,1.40445
522.10897,1.50141
520.06948,1.41973
518.02999,1.31609
515.99051,1.35305
513.95102,1.43728
511.91153,1.43958
509.87204,1.37865
507.83255,1.36954
505.79307,1.27328
503.75358,1.15551
501.71409,1.17944
499.67460,1.20861
