3997.39681,0.34444
3995.35732,0.34417
3993.31783,0.34400
3991.27835,0.34380
3989.23886,0.34384
3987.19937,0.34393
3985.15988,0.34364
3983.12039,0.34282
3981.08091,0.34191
3979.04142,0.34177
3977.00193,0.34227
3974.96244,0.34240
3972.92295,0.34172
3970.88346,0.34057
3968.84398,0.33941
3966.80449,0.33871
3964.76500,0.33862
3962.72551,0.33848
3960.68602,0.33783
3958.64654,0.33712
3956.60705,0.33661
3954.56756,0.33585
3952.52807,0.33507
3950.48858,0.33479
3948.44909,0.33460
3946.40961,0.33415
3944.37012,0.33374
3942.33063,0.33338
3940.29114,0.33259
3938.25165,0.33111
3936.21217,0.32943
3934.17268,0.32842
3932.13319,0.32829
3930.09370,0.32836
3928.05421,0.32802
3926.01473,0.32716
3923.97524,0.32570
3921.93575,0.32392
3919.89626,0.32263
3917.85677,0.32222
3915.81728,0.32191
3913.77780,0.32087
3911.73831,0.31949
3909.69882,0.31853
3907.65933,0.31819
3905.61984,0.31807
3903.58036,0.31762
3901.54087,0.31672
3899.50138,0.31556
3897.46189,0.31442
3895.42240,0.31348
3893.38291,0.31280
3891.34343,0.31222
3889.30394,0.31132
3887.26445,0.31023
3885.22496,0.30968
3883.18547,0.30971
3881.14599,0.30935
3879.10650,0.30811
3877.06701,0.30674
3875.02752,0.30586
3872.98803,0.30515
3870.94854,0.30439
3868.90906,0.30406
3866.86957,0.30403
3864.83008,0.30368
3862.79059,0.30313
3860.75110,0.30264
3858.71162,0.30190
3856.67213,0.30064
3854.63264,0.29969
3852.59315,0.30018
3850.55366,0.30109
3848.51417,0.30074
3846.47469,0.29979
3844.43520,0.29960
3842.39571,0.30006
3840.35622,0.30038
3838.31673,0.30036
3836.27725,0.29989
3834.23776,0.29911
3832.19827,0.29854
3830.15878,0.29846
3828.11929,0.29865
3826.07980,0.29868
3824.04032,0.29822
3822.00083,0.29765
3819.96134,0.29748
3817.92185,0.29775
3815.88236,0.29848
3813.84288,0.29914
3811.80339,0.29911
3809.76390,0.29870
3807.72441,0.29856
3805.68492,0.29899
3803.64543,0.29982
3801.60595,0.30068
3799.56646,0.30103
3797.52697,0.30086
3795.48748,0.30097
3793.44799,0.30142
3791.40851,0.30168
3789.36902,0.30181
3787.32953,0.30228
3785.29004,0.30339
3783.25055,0.30479
3781.21107,0.30583
3779.17158,0.30630
3777.13209,0.30654
3775.09260,0.30693
3773.05311,0.30768
3771.01362,0.30882
3768.97414,0.30997
3766.93465,0.31077
3764.89516,0.31158
3762.85567,0.31267
3760.81618,0.31406
3758.77670,0.31571
3756.73721,0.31708
3754.69772,0.31761
3752.65823,0.31772
3750.61874,0.31854
3748.57925,0.31985
3746.53977,0.32093
3744.50028,0.32309
3742.46079,0.32635
3740.42130,0.32858
3738.38181,0.32953
3736.34233,0.33051
3734.30284,0.33241
3732.26335,0.33505
3730.22386,0.33759
3728.18437,0.33983
3726.14488,0.34211
3724.10540,0.34440
3722.06591,0.34652
3720.02642,0.34865
3717.98693,0.35098
3715.94744,0.35369
3713.90796,0.35711
3711.86847,0.36153
3709.82898,0.36672
3707.78949,0.37202
3705.75000,0.37708
3703.71051,0.38241
3701.67103,0.38850
3699.63154,0.39488
3697.59205,0.40135
3695.55256,0.40790
3693.51307,0.41383
3691.47359,0.41930
3689.43410,0.42547
3687.39461,0.43259
3685.35512,0.43998
3683.31563,0.44766
3681.27614,0.45614
3679.23666,0.46556
3677.19717,0.47730
3675.15768,0.49242
3673.11819,0.50735
3671.07870,0.52054
3669.03922,0.53414
3666.99973,0.54760
3664.96024,0.56086
3662.92075,0.57472
3660.88126,0.58807
3658.84177,0.60104
3656.80229,0.61604
3654.76280,0.63223
3652.72331,0.64713
3650.68382,0.66336
3648.64433,0.68281
3646.60485,0.69986
3644.56536,0.71123
3642.52587,0.72132
3640.48638,0.73375
3638.44689,0.74821
3636.40741,0.76328
3634.36792,0.77776
3632.32843,0.79099
3630.28894,0.80436
3628.24945,0.81962
3626.20996,0.83465
3624.17048,0.84808
3622.13099,0.86099
3620.09150,0.87402
3618.05201,0.88663
3616.01252,0.89823
3613.97304,0.91014
3611.93355,0.92327
3609.89406,0.93616
3607.85457,0.94817
3605.81508,0.95986
3603.77559,0.97089
3601.73611,0.98098
3599.69662,0.99082
3597.65713,1.00075
3595.61764,1.01091
3593.57815,1.02160
3591.53867,1.03280
3589.49918,1.04484
3587.45969,1.05782
3585.42020,1.06983
3583.38071,1.07993
3581.34122,1.09037
3579.30174,1.10181
3577.26225,1.11220
3575.22276,1.12083
3573.18327,1.12818
3571.14378,1.13490
3569.10430,1.14374
3567.06481,1.15690
3565.02532,1.17056
3562.98583,1.18005
3560.94634,1.18721
3558.90685,1.19598
3556.86737,1.20759
3554.82788,1.22009
3552.78839,1.23002
3550.74890,1.23587
3548.70941,1.24129
3546.66993,1.25086
3544.63044,1.26230
3542.59095,1.26929
3540.55146,1.27331
3538.51197,1.28081
3536.47248,1.29034
3534.43300,1.29690
3532.39351,1.30198
3530.35402,1.30896
3528.31453,1.31812
3526.27504,1.32666
3524.23556,1.33358
3522.19607,1.34022
3520.15658,1.34544
3518.11709,1.34999
3516.07760,1.35598
3514.03811,1.36342
3511.99863,1.37301
3509.95914,1.38459
3507.91965,1.39341
3505.88016,1.39741
3503.84067,1.40164
3501.80119,1.40849
3499.76170,1.41656
3497.72221,1.42465
3495.68272,1.43032
3493.64323,1.43249
3491.60375,1.43371
3489.56426,1.43917
3487.52477,1.44943
3485.48528,1.45910
3483.44579,1.46487
3481.40630,1.46615
3479.36682,1.46829
3477.32733,1.47861
3475.28784,1.49190
3473.24835,1.49954
3471.20886,1.50056
3469.16938,1.50031
3467.12989,1.50436
3465.09040,1.50936
3463.05091,1.50994
3461.01142,1.50907
3458.97193,1.51174
3456.93245,1.51680
3454.89296,1.52027
3452.85347,1.52419
3450.81398,1.53248
3448.77449,1.53840
3446.73501,1.53910
3444.69552,1.54235
3442.65603,1.54739
3440.61654,1.54980
3438.57705,1.55114
3436.53756,1.55594
3434.49808,1.56225
3432.45859,1.56240
3430.41910,1.55994
3428.37961,1.56518
3426.34012,1.57442
3424.30064,1.57649
3422.26115,1.56998
3420.22166,1.56564
3418.18217,1.57290
3416.14268,1.58771
3414.10319,1.59961
3412.06371,1.60283
3410.02422,1.60195
3407.98473,1.59734
3405.94524,1.58861
3403.90575,1.58719
3401.86627,1.59433
3399.82678,1.59934
3397.78729,1.60343
3395.74780,1.60986
3393.70831,1.61379
3391.66882,1.61036
3389.62934,1.60249
3387.58985,1.59759
3385.55036,1.59874
3383.51087,1.60703
3381.47138,1.61598
3379.43190,1.61715
3377.39241,1.61588
3375.35292,1.62083
3373.31343,1.62564
3371.27394,1.62298
3369.23446,1.62020
3367.19497,1.61919
3365.15548,1.61731
3363.11599,1.61937
3361.07650,1.62496
3359.03701,1.62551
3356.99753,1.62052
3354.95804,1.61883
3352.91855,1.62125
3350.87906,1.62439
3348.83957,1.62876
3346.80009,1.63365
3344.76060,1.63943
3342.72111,1.64060
3340.68162,1.63490
3338.64213,1.63619
3336.60264,1.64438
3334.56316,1.64677
3332.52367,1.64370
3330.48418,1.64283
3328.44469,1.64765
3326.40520,1.64915
3324.36572,1.63791
3322.32623,1.62782
3320.28674,1.63070
3318.24725,1.63540
3316.20776,1.63484
3314.16827,1.63576
3312.12879,1.64253
3310.08930,1.65056
3308.04981,1.65050
3306.01032,1.64182
3303.97083,1.63522
3301.93135,1.63364
3299.89186,1.62991
3297.85237,1.62374
3295.81288,1.62035
3293.77339,1.62212
3291.73390,1.62580
3289.69442,1.62705
3287.65493,1.62525
3285.61544,1.61791
3283.57595,1.60889
3281.53646,1.60419
3279.49698,1.60063
3277.45749,1.59849
3275.41800,1.60270
3273.37851,1.60713
3271.33902,1.60154
3269.29953,1.58887
3267.26005,1.57863
3265.22056,1.57396
3263.18107,1.57023
3261.14158,1.56415
3259.10209,1.55566
3257.06261,1.54705
3255.02312,1.54054
3252.98363,1.53141
3250.94414,1.51953
3248.90465,1.51335
3246.86516,1.51408
3244.82568,1.51266
3242.78619,1.50595
3240.74670,1.50121
3238.70721,1.50071
3236.66772,1.50175
3234.62824,1.50318
3232.58875,1.50151
3230.54926,1.49685
3228.50977,1.49264
3226.47028,1.48837
3224.43080,1.48501
3222.39131,1.48384
3220.35182,1.48191
3218.31233,1.47621
3216.27284,1.46863
3214.23335,1.46330
3212.19387,1.46106
3210.15438,1.46123
3208.11489,1.46252
3206.07540,1.46406
3204.03591,1.46523
3201.99643,1.46243
3199.95694,1.45451
3197.91745,1.44658
3195.87796,1.44238
3193.83847,1.44035
3191.79898,1.43697
3189.75950,1.43084
3187.72001,1.42566
3185.68052,1.42329
3183.64103,1.42096
3181.60154,1.41825
3179.56206,1.41403
3177.52257,1.40622
3175.48308,1.39849
3173.44359,1.39284
3171.40410,1.38621
3169.36461,1.38015
3167.32513,1.37731
3165.28564,1.37632
3163.24615,1.37613
3161.20666,1.37645
3159.16717,1.37546
3157.12769,1.37061
3155.08820,1.36408
3153.04871,1.35968
3151.00922,1.35615
3148.96973,1.35302
3146.93024,1.35017
3144.89076,1.34533
3142.85127,1.34020
3140.81178,1.33691
3138.77229,1.33399
3136.73280,1.32927
3134.69332,1.32240
3132.65383,1.31654
3130.61434,1.31432
3128.57485,1.31362
3126.53536,1.31221
3124.49587,1.31033
3122.45639,1.30890
3120.41690,1.30826
3118.37741,1.30625
3116.33792,1.30146
3114.29843,1.29535
3112.25895,1.29002
3110.21946,1.28693
3108.17997,1.28590
3106.14048,1.28563
3104.10099,1.28517
3102.06150,1.28474
3100.02202,1.28452
3097.98253,1.28394
3095.94304,1.28275
3093.90355,1.28057
3091.86406,1.27627
3089.82458,1.27136
3087.78509,1.26992
3085.74560,1.27016
3083.70611,1.26747
3081.66662,1.26506
3079.62714,1.26601
3077.58765,1.26650
3075.54816,1.26470
3073.50867,1.26157
3071.46918,1.25785
3069.42969,1.25630
3067.39021,1.25714
3065.35072,1.25658
3063.31123,1.25351
3061.27174,1.24951
3059.23225,1.24506
3057.19277,1.24009
3055.15328,1.23508
3053.11379,1.23103
3051.07430,1.22840
3049.03481,1.22690
3046.99532,1.22575
3044.95584,1.22351
3042.91635,1.22026
3040.87686,1.21711
3038.83737,1.21390
3036.79788,1.21072
3034.75840,1.20841
3032.71891,1.20662
3030.67942,1.20412
3028.63993,1.20079
3026.60044,1.19640
3024.56095,1.19161
3022.52147,1.18924
3020.48198,1.18973
3018.44249,1.19066
3016.40300,1.19034
3014.36351,1.18916
3012.32403,1.18819
3010.28454,1.18699
3008.24505,1.18547
3006.20556,1.18446
3004.16607,1.18398
3002.12658,1.18448
3000.08710,1.18605
2998.04761,1.18812
2996.00812,1.19124
2993.96863,1.19605
2991.92914,1.20203
2989.88966,1.20843
2987.85017,1.21534
2985.81068,1.22445
2983.77119,1.23583
2981.73170,1.24621
2979.69221,1.25505
2977.65273,1.26448
2975.61324,1.27431
2973.57375,1.28619
2971.53426,1.30073
2969.49477,1.31367
2967.45529,1.32360
2965.41580,1.33322
2963.37631,1.34272
2961.33682,1.34862
2959.29733,1.35199
2957.25784,1.35672
2955.21836,1.36097
2953.17887,1.36271
2951.13938,1.36393
2949.09989,1.36718
2947.06040,1.37317
2945.02092,1.38042
2942.98143,1.38687
2940.94194,1.39393
2938.90245,1.40548
2936.86296,1.41891
2934.82348,1.42876
2932.78399,1.43271
2930.74450,1.43147
2928.70501,1.43045
2926.66552,1.43175
2924.62603,1.43292
2922.58655,1.43223
2920.54706,1.42885
2918.50757,1.42404
2916.46808,1.41588
2914.42859,1.40104
2912.38911,1.38280
2910.34962,1.36735
2908.31013,1.35685
2906.27064,1.34844
2904.23115,1.33890
2902.19166,1.32903
2900.15218,1.32116
2898.11269,1.31519
2896.07320,1.30927
2894.03371,1.30310
2891.99422,1.29763
2889.95474,1.29134
2887.91525,1.28390
2885.87576,1.27776
2883.83627,1.27282
2881.79678,1.26836
2879.75729,1.26610
2877.71781,1.26649
2875.67832,1.26763
2873.63883,1.26789
2871.59934,1.26479
2869.55985,1.25852
2867.52037,1.25292
2865.48088,1.24838
2863.44139,1.24426
2861.40190,1.24167
2859.36241,1.24110
2857.32292,1.24385
2855.28344,1.24990
2853.24395,1.25467
2851.20446,1.25400
2849.16497,1.24544
2847.12548,1.22556
2845.08600,1.19706
2843.04651,1.16926
2841.00702,1.14637
2838.96753,1.12710
2836.92804,1.11120
2834.88855,1.09934
2832.84907,1.09140
2830.80958,1.08487
2828.77009,1.07780
2826.73060,1.07077
2824.69111,1.06409
2822.65163,1.05796
2820.61214,1.05254
2818.57265,1.04680
2816.53316,1.04036
2814.49367,1.03419
2812.45418,1.02891
2810.41470,1.02454
2808.37521,1.02045
2806.33572,1.01607
2804.29623,1.01176
2802.25674,1.00870
2800.21726,1.00736
2798.17777,1.00533
2796.13828,1.00131
2794.09879,0.99735
2792.05930,0.99442
2790.01982,0.99177
2787.98033,0.98859
2785.94084,0.98524
2783.90135,0.98253
2781.86186,0.97972
2779.82237,0.97663
2777.78289,0.97419
2775.74340,0.97281
2773.70391,0.97140
2771.66442,0.96852
2769.62493,0.96517
2767.58545,0.96291
2765.54596,0.96173
2763.50647,0.96121
2761.46698,0.96076
2759.42749,0.95942
2757.38800,0.95706
2755.34852,0.95488
2753.30903,0.95371
2751.26954,0.95218
2749.23005,0.94952
2747.19056,0.94720
2745.15108,0.94583
2743.11159,0.94536
2741.07210,0.94519
2739.03261,0.94423
2736.99312,0.94255
2734.95363,0.94058
2732.91415,0.93821
2730.87466,0.93611
2728.83517,0.93495
2726.79568,0.93373
2724.75619,0.93139
2722.71671,0.92820
2720.67722,0.92548
2718.63773,0.92410
2716.59824,0.92250
2714.55875,0.91916
2712.51926,0.91554
2710.47978,0.91321
2708.44029,0.91151
2706.40080,0.90971
2704.36131,0.90791
2702.32182,0.90536
2700.28234,0.90162
2698.24285,0.89871
2696.20336,0.89763
2694.16387,0.89622
2692.12438,0.89316
2690.08489,0.88980
2688.04541,0.88774
2686.00592,0.88694
2683.96643,0.88602
2681.92694,0.88425
2679.88745,0.88193
2677.84797,0.87913
2675.80848,0.87631
2673.76899,0.87391
2671.72950,0.87160
2669.69001,0.86922
2667.65052,0.86699
2665.61104,0.86490
2663.57155,0.86278
2661.53206,0.86044
2659.49257,0.85775
2657.45308,0.85536
2655.41360,0.85368
2653.37411,0.85201
2651.33462,0.84963
2649.29513,0.84660
2647.25564,0.84344
2645.21616,0.84085
2643.17667,0.83920
2641.13718,0.83792
2639.09769,0.83628
2637.05820,0.83417
2635.01871,0.83156
2632.97923,0.82867
2630.93974,0.82636
2628.90025,0.82469
2626.86076,0.82302
2624.82127,0.82149
2622.78179,0.81997
2620.74230,0.81775
2618.70281,0.81462
2616.66332,0.81150
2614.62383,0.80968
2612.58434,0.80887
2610.54486,0.80759
2608.50537,0.80533
2606.46588,0.80274
2604.42639,0.80058
2602.38690,0.79892
2600.34742,0.79702
2598.30793,0.79487
2596.26844,0.79315
2594.22895,0.79167
2592.18946,0.78980
2590.14997,0.78785
2588.11049,0.78585
2586.07100,0.78387
2584.03151,0.78256
2581.99202,0.78126
2579.95253,0.77909
2577.91305,0.77662
2575.87356,0.77469
2573.83407,0.77354
2571.79458,0.77269
2569.75509,0.77136
2567.71560,0.76963
2565.67612,0.76784
2563.63663,0.76581
2561.59714,0.76390
2559.55765,0.76242
2557.51816,0.76115
2555.47868,0.75994
2553.43919,0.75858
2551.39970,0.75726
2549.36021,0.75588
2547.32072,0.75388
2545.28123,0.75153
2543.24175,0.74956
2541.20226,0.74842
2539.16277,0.74759
2537.12328,0.74633
2535.08379,0.74470
2533.04431,0.74281
2531.00482,0.74074
2528.96533,0.73877
2526.92584,0.73709
2524.88635,0.73590
2522.84686,0.73476
2520.80738,0.73337
2518.76789,0.73228
2516.72840,0.73133
2514.68891,0.72966
2512.64942,0.72748
2510.60994,0.72557
2508.57045,0.72390
2506.53096,0.72239
2504.49147,0.72098
2502.45198,0.71939
2500.41250,0.71769
2498.37301,0.71602
2496.33352,0.71430
2494.29403,0.71258
2492.25454,0.71112
2490.21505,0.70972
2488.17557,0.70799
2486.13608,0.70615
2484.09659,0.70420
2482.05710,0.70230
2480.01761,0.70094
2477.97813,0.69945
2475.93864,0.69709
2473.89915,0.69441
2471.85966,0.69216
2469.82017,0.69082
2467.78068,0.69000
2465.74120,0.68889
2463.70171,0.68721
2461.66222,0.68521
2459.62273,0.68362
2457.58324,0.68237
2455.54376,0.68054
2453.50427,0.67829
2451.46478,0.67645
2449.42529,0.67499
2447.38580,0.67373
2445.34631,0.67255
2443.30683,0.67125
2441.26734,0.66974
2439.22785,0.66814
2437.18836,0.66677
2435.14887,0.66562
2433.10939,0.66438
2431.06990,0.66294
2429.03041,0.66138
2426.99092,0.66005
2424.95143,0.65897
2422.91194,0.65722
2420.87246,0.65470
2418.83297,0.65258
2416.79348,0.65122
2414.75399,0.65006
2412.71450,0.64864
2410.67502,0.64703
2408.63553,0.64599
2406.59604,0.64565
2404.55655,0.64501
2402.51706,0.64364
2400.47757,0.64209
2398.43809,0.64059
2396.39860,0.63933
2394.35911,0.63819
2392.31962,0.63706
2390.28013,0.63601
2388.24065,0.63512
2386.20116,0.63427
2384.16167,0.63334
2382.12218,0.63247
2380.08269,0.63184
2378.04320,0.63138
2376.00372,0.63091
2373.96423,0.63035
2371.92474,0.62979
2369.88525,0.62955
2367.84576,0.62958
2365.80628,0.62919
2363.76679,0.62817
2361.72730,0.62700
2359.68781,0.62588
2357.64832,0.62449
2355.60884,0.62322
2353.56935,0.62287
2351.52986,0.62282
2349.49037,0.62154
2347.45088,0.61908
2345.41139,0.61713
2343.37191,0.61656
2341.33242,0.61603
2339.29293,0.61452
2337.25344,0.61289
2335.21395,0.61152
2333.17447,0.61007
2331.13498,0.60867
2329.09549,0.60748
2327.05600,0.60593
2325.01651,0.60398
2322.97702,0.60236
2320.93754,0.60114
2318.89805,0.59981
2316.85856,0.59834
2314.81907,0.59706
2312.77958,0.59600
2310.74010,0.59478
2308.70061,0.59337
2306.66112,0.59214
2304.62163,0.59118
2302.58214,0.59013
2300.54265,0.58885
2298.50317,0.58751
2296.46368,0.58640
2294.42419,0.58544
2292.38470,0.58429
2290.34521,0.58316
2288.30573,0.58238
2286.26624,0.58180
2284.22675,0.58112
2282.18726,0.58019
2280.14777,0.57932
2278.10828,0.57887
2276.06880,0.57861
2274.02931,0.57817
2271.98982,0.57766
2269.95033,0.57717
2267.91084,0.57657
2265.87136,0.57610
2263.83187,0.57609
2261.79238,0.57623
2259.75289,0.57610
2257.71340,0.57582
2255.67391,0.57550
2253.63443,0.57518
2251.59494,0.57495
2249.55545,0.57445
2247.51596,0.57387
2245.47647,0.57344
2243.43699,0.57356
2241.39750,0.57380
2239.35801,0.57383
2237.31852,0.57366
2235.27903,0.57340
2233.23954,0.57337
2231.20006,0.57362
2229.16057,0.57380
2227.12108,0.57368
2225.08159,0.57331
2223.04210,0.57295
2221.00262,0.57301
2218.96313,0.57340
2216.92364,0.57368
2214.88415,0.57380
2212.84466,0.57394
2210.80518,0.57419
2208.76569,0.57446
2206.72620,0.57449
2204.68671,0.57435
2202.64722,0.57440
2200.60773,0.57464
2198.56825,0.57498
2196.52876,0.57544
2194.48927,0.57577
2192.44978,0.57586
2190.41029,0.57583
2188.37081,0.57595
2186.33132,0.57645
2184.29183,0.57699
2182.25234,0.57730
2180.21285,0.57762
2178.17336,0.57798
2176.13388,0.57826
2174.09439,0.57856
2172.05490,0.57881
2170.01541,0.57903
2167.97592,0.57932
2165.93644,0.57979
2163.89695,0.58063
2161.85746,0.58142
2159.81797,0.58157
2157.77848,0.58142
2155.73899,0.58150
2153.69951,0.58162
2151.66002,0.58164
2149.62053,0.58158
2147.58104,0.58139
2145.54155,0.58128
2143.50207,0.58130
2141.46258,0.58116
2139.42309,0.58098
2137.38360,0.58110
2135.34411,0.58122
2133.30462,0.58097
2131.26514,0.58052
2129.22565,0.58027
2127.18616,0.58035
2125.14667,0.58054
2123.10718,0.58062
2121.06770,0.58030
2119.02821,0.57949
2116.98872,0.57866
2114.94923,0.57823
2112.90974,0.57805
2110.87025,0.57775
2108.83077,0.57708
2106.79128,0.57639
2104.75179,0.57612
2102.71230,0.57600
2100.67281,0.57575
2098.63333,0.57539
2096.59384,0.57488
2094.55435,0.57434
2092.51486,0.57394
2090.47537,0.57374
2088.43588,0.57361
2086.39640,0.57342
2084.35691,0.57296
2082.31742,0.57230
2080.27793,0.57194
2078.23844,0.57197
2076.19896,0.57201
2074.15947,0.57170
2072.11998,0.57104
2070.08049,0.57054
2068.04100,0.57033
2066.00152,0.57010
2063.96203,0.56985
2061.92254,0.56959
2059.88305,0.56910
2057.84356,0.56857
2055.80407,0.56819
2053.76459,0.56786
2051.72510,0.56756
2049.68561,0.56711
2047.64612,0.56661
2045.60663,0.56635
2043.56715,0.56607
2041.52766,0.56553
2039.48817,0.56498
2037.44868,0.56455
2035.40919,0.56421
2033.36970,0.56371
2031.33022,0.56290
2029.29073,0.56207
2027.25124,0.56144
2025.21175,0.56088
2023.17226,0.56020
2021.13278,0.55938
2019.09329,0.55860
2017.05380,0.55800
2015.01431,0.55749
2012.97482,0.55691
2010.93533,0.55627
2008.89585,0.55571
2006.85636,0.55521
2004.81687,0.55478
2002.77738,0.55447
2000.73789,0.55401
1998.69841,0.55332
1996.65892,0.55310
1994.61943,0.55378
1992.57994,0.55453
1990.54045,0.55454
1988.50096,0.55413
1986.46148,0.55373
1984.42199,0.55323
1982.38250,0.55287
1980.34301,0.55317
1978.30352,0.55367
1976.26404,0.55375
1974.22455,0.55370
1972.18506,0.55395
1970.14557,0.55451
1968.10608,0.55516
1966.06659,0.55554
1964.02711,0.55549
1961.98762,0.55530
1959.94813,0.55535
1957.90864,0.55556
1955.86915,0.55556
1953.82967,0.55525
1951.79018,0.55508
1949.75069,0.55524
1947.71120,0.55566
1945.67171,0.55644
1943.63222,0.55733
1941.59274,0.55746
1939.55325,0.55672
1937.51376,0.55605
1935.47427,0.55600
1933.43478,0.55632
1931.39530,0.55674
1929.35581,0.55725
1927.31632,0.55790
1925.27683,0.55876
1923.23734,0.55975
1921.19786,0.56063
1919.15837,0.56163
1917.11888,0.56254
1915.07939,0.56289
1913.03990,0.56330
1911.00041,0.56430
1908.96093,0.56534
1906.92144,0.56580
1904.88195,0.56592
1902.84246,0.56608
1900.80297,0.56641
1898.76349,0.56697
1896.72400,0.56780
1894.68451,0.56870
1892.64502,0.56962
1890.60553,0.57064
1888.56604,0.57116
1886.52656,0.57116
1884.48707,0.57138
1882.44758,0.57202
1880.40809,0.57292
1878.36860,0.57382
1876.32912,0.57453
1874.28963,0.57530
1872.25014,0.57690
1870.21065,0.57966
1868.17116,0.58197
1866.13167,0.58213
1864.09219,0.58143
1862.05270,0.58175
1860.01321,0.58307
1857.97372,0.58455
1855.93423,0.58599
1853.89475,0.58751
1851.85526,0.58905
1849.81577,0.59096
1847.77628,0.59404
1845.73679,0.59839
1843.69730,0.60217
1841.65782,0.60357
1839.61833,0.60396
1837.57884,0.60532
1835.53935,0.60769
1833.49986,0.61087
1831.46038,0.61546
1829.42089,0.62070
1827.38140,0.62471
1825.34191,0.62752
1823.30242,0.62999
1821.26293,0.63275
1819.22345,0.63642
1817.18396,0.64067
1815.14447,0.64515
1813.10498,0.65031
1811.06549,0.65611
1809.02601,0.66162
1806.98652,0.66698
1804.94703,0.67327
1802.90754,0.68093
1800.86805,0.68930
1798.82856,0.69730
1796.78908,0.70551
1794.74959,0.71607
1792.71010,0.72939
1790.67061,0.74219
1788.63112,0.75242
1786.59164,0.76284
1784.55215,0.77550
1782.51266,0.78950
1780.47317,0.80398
1778.43368,0.81856
1776.39420,0.83347
1774.35471,0.85104
1772.31522,0.87274
1770.27573,0.89546
1768.23624,0.91712
1766.19675,0.94025
1764.15727,0.96744
1762.11778,1.00006
1760.07829,1.03495
1758.03880,1.06938
1755.99931,1.10464
1753.95983,1.13970
1751.92034,1.17715
1749.88085,1.22054
1747.84136,1.26506
1745.80187,1.30535
1743.76238,1.34113
1741.72290,1.37316
1739.68341,1.40188
1737.64392,1.42496
1735.60443,1.44114
1733.56494,1.45016
1731.52546,1.45016
1729.48597,1.44446
1727.44648,1.43631
1725.40699,1.42620
1723.36750,1.41527
1721.32801,1.40619
1719.28853,1.40138
1717.24904,1.40085
1715.20955,1.40071
1713.17006,1.39782
1711.13057,1.39422
1709.09109,1.39495
1707.05160,1.40350
1705.01211,1.41782
1702.97262,1.43508
1700.93313,1.45961
1698.89364,1.49114
1696.85416,1.52109
1694.81467,1.54892
1692.77518,1.57368
1690.73569,1.59589
1688.69620,1.61651
1686.65672,1.63584
1684.61723,1.65976
1682.57774,1.68593
1680.53825,1.70419
1678.49876,1.71892
1676.45927,1.73743
1674.41979,1.75575
1672.38030,1.76721
1670.34081,1.77749
1668.30132,1.79206
1666.26183,1.80249
1664.22235,1.80585
1662.18286,1.81038
1660.14337,1.81778
1658.10388,1.82096
1656.06439,1.81696
1654.02490,1.80798
1651.98542,1.79803
1649.94593,1.79167
1647.90644,1.78732
1645.86695,1.77874
1643.82746,1.76636
1641.78798,1.75850
1639.74849,1.75674
1637.70900,1.75625
1635.66951,1.75422
1633.63002,1.75015
1631.59054,1.74406
1629.55105,1.73696
1627.51156,1.73058
1625.47207,1.72466
1623.43258,1.71582
1621.39309,1.70452
1619.35361,1.69677
1617.31412,1.69370
1615.27463,1.69203
1613.23514,1.69062
1611.19565,1.68844
1609.15617,1.68424
1607.11668,1.67887
1605.07719,1.67216
1603.03770,1.66395
1600.99821,1.65642
1598.95872,1.65014
1596.91924,1.64455
1594.87975,1.63710
1592.84026,1.62473
1590.80077,1.61182
1588.76128,1.60420
1586.72180,1.59935
1584.68231,1.59132
1582.64282,1.57946
1580.60333,1.56868
1578.56384,1.56287
1576.52435,1.56083
1574.48487,1.55899
1572.44538,1.55655
1570.40589,1.55564
1568.36640,1.55582
1566.32691,1.55442
1564.28743,1.55105
1562.24794,1.54802
1560.20845,1.55344
1558.16896,1.57000
1556.12947,1.57882
1554.08998,1.57600
1552.05050,1.57536
1550.01101,1.58111
1547.97152,1.58699
1545.93203,1.58788
1543.89254,1.58212
1541.85306,1.57069
1539.81357,1.55780
1537.77408,1.54655
1535.73459,1.53785
1533.69510,1.53328
1531.65561,1.53052
1529.61613,1.52348
1527.57664,1.51175
1525.53715,1.50116
1523.49766,1.49597
1521.45817,1.49309
1519.41869,1.48797
1517.37920,1.48097
1515.33971,1.47270
1513.30022,1.46370
1511.26073,1.45402
1509.22124,1.44038
1507.18176,1.42168
1505.14227,1.40430
1503.10278,1.39125
1501.06329,1.37954
1499.02380,1.36724
1496.98432,1.35432
1494.94483,1.34262
1492.90534,1.33438
1490.86585,1.33122
1488.82636,1.33242
1486.78688,1.33352
1484.74739,1.33368
1482.70790,1.33716
1480.66841,1.34646
1478.62892,1.36091
1476.58943,1.38029
1474.54995,1.40663
1472.51046,1.44033
1470.47097,1.47237
1468.43148,1.49436
1466.39199,1.50898
1464.35251,1.51865
1462.31302,1.52278
1460.27353,1.52641
1458.23404,1.53807
1456.19455,1.55712
1454.15506,1.57216
1452.11558,1.57948
1450.07609,1.58295
1448.03660,1.58751
1445.99711,1.59500
1443.95762,1.60246
1441.91814,1.60771
1439.87865,1.61223
1437.83916,1.61632
1435.79967,1.61629
1433.76018,1.61342
1431.72069,1.61366
1429.68121,1.61753
1427.64172,1.62187
1425.60223,1.62449
1423.56274,1.62677
1421.52325,1.63166
1419.48377,1.63633
1417.44428,1.63684
1415.40479,1.63676
1413.36530,1.63840
1411.32581,1.64093
1409.28632,1.64637
1407.24684,1.65474
1405.20735,1.65992
1403.16786,1.65746
1401.12837,1.65183
1399.08888,1.65055
1397.04940,1.65618
1395.00991,1.66377
1392.97042,1.66688
1390.93093,1.66701
1388.89144,1.66741
1386.85195,1.66413
1384.81247,1.65587
1382.77298,1.64975
1380.73349,1.64990
1378.69400,1.65468
1376.65451,1.65991
1374.61503,1.66099
1372.57554,1.65673
1370.53605,1.64991
1368.49656,1.64278
1366.45707,1.63471
1364.41758,1.62486
1362.37810,1.61573
1360.33861,1.61062
1358.29912,1.60695
1356.25963,1.60041
1354.22014,1.59348
1352.18066,1.59162
1350.14117,1.59252
1348.10168,1.59176
1346.06219,1.59209
1344.02270,1.59351
1341.98322,1.59155
1339.94373,1.58693
1337.90424,1.58349
1335.86475,1.58181
1333.82526,1.58047
1331.78577,1.57820
1329.74629,1.57549
1327.70680,1.57545
1325.66731,1.57705
1323.62782,1.57574
1321.58833,1.57099
1319.54885,1.56597
1317.50936,1.56368
1315.46987,1.56164
1313.43038,1.55465
1311.39089,1.54373
1309.35140,1.53410
1307.31192,1.52586
1305.27243,1.51731
1303.23294,1.50988
1301.19345,1.50373
1299.15396,1.49844
1297.11448,1.49556
1295.07499,1.49643
1293.03550,1.49936
1290.99601,1.49997
1288.95652,1.49870
1286.91703,1.50027
1284.87755,1.50435
1282.83806,1.50859
1280.79857,1.51315
1278.75908,1.51601
1276.71959,1.51550
1274.68011,1.51600
1272.64062,1.52171
1270.60113,1.52977
1268.56164,1.53525
1266.52215,1.53818
1264.48266,1.54263
1262.44318,1.54848
1260.40369,1.55090
1258.36420,1.55167
1256.32471,1.55302
1254.28522,1.55118
1252.24574,1.55049
1250.20625,1.55571
1248.16676,1.55799
1246.12727,1.55408
1244.08778,1.55144
1242.04829,1.55058
1240.00881,1.54785
1237.96932,1.54275
1235.92983,1.53505
1233.89034,1.52746
1231.85085,1.52328
1229.81137,1.51904
1227.77188,1.51248
1225.73239,1.50539
1223.69290,1.49629
1221.65341,1.48610
1219.61392,1.47683
1217.57444,1.46582
1215.53495,1.45470
1213.49546,1.44884
1211.45597,1.44830
1209.41648,1.44953
1207.37700,1.44964
1205.33751,1.44800
1203.29802,1.44505
1201.25853,1.44243
1199.21904,1.44195
1197.17956,1.44081
1195.14007,1.43771
1193.10058,1.43552
1191.06109,1.43511
1189.02160,1.44104
1186.98211,1.45386
1184.94263,1.46335
1182.90314,1.46940
1180.86365,1.48350
1178.82416,1.50714
1176.78467,1.53162
1174.74519,1.55322
1172.70570,1.57235
1170.66621,1.58949
1168.62672,1.60355
1166.58723,1.60981
1164.54774,1.61127
1162.50826,1.61382
1160.46877,1.61671
1158.42928,1.62098
1156.38979,1.62887
1154.35030,1.63491
1152.31082,1.63293
1150.27133,1.62451
1148.23184,1.61713
1146.19235,1.61734
1144.15286,1.62545
1142.11337,1.63733
1140.07389,1.64449
1138.03440,1.64489
1135.99491,1.64755
1133.95542,1.65435
1131.91593,1.66225
1129.87645,1.67005
1127.83696,1.67710
1125.79747,1.68599
1123.75798,1.69271
1121.71849,1.69395
1119.67900,1.69839
1117.63952,1.70924
1115.60003,1.72104
1113.56054,1.73195
1111.52105,1.73888
1109.48156,1.73640
1107.44208,1.72835
1105.40259,1.72202
1103.36310,1.72037
1101.32361,1.72209
1099.28412,1.72489
1097.24463,1.72599
1095.20515,1.72060
1093.16566,1.71550
1091.12617,1.71993
1089.08668,1.72752
1087.04719,1.73085
1085.00771,1.73167
1082.96822,1.72915
1080.92873,1.72911
1078.88924,1.73818
1076.84975,1.74413
1074.81027,1.74524
1072.77078,1.75172
1070.73129,1.75108
1068.69180,1.73427
1066.65231,1.71787
1064.61282,1.71227
1062.57334,1.71361
1060.53385,1.71575
1058.49436,1.71527
1056.45487,1.71158
1054.41538,1.70528
1052.37590,1.69653
1050.33641,1.68396
1048.29692,1.66930
1046.25743,1.65881
1044.21794,1.65815
1042.17845,1.66262
1040.13897,1.66202
1038.09948,1.65277
1036.05999,1.63934
1034.02050,1.62842
1031.98101,1.61796
1029.94153,1.60867
1027.90204,1.60398
1025.86255,1.59543
1023.82306,1.57922
1021.78357,1.56336
1019.74408,1.55239
1017.70460,1.54304
1015.66511,1.53001
1013.62562,1.51515
1011.58613,1.50233
1009.54664,1.49066
1007.50716,1.47748
1005.46767,1.46019
1003.42818,1.44104
1001.38869,1.42465
999.34920,1.41319
997.30971,1.40526
995.27023,1.39755
993.23074,1.38819
991.19125,1.37797
989.15176,1.36800
987.11227,1.35652
985.07279,1.34366
983.03330,1.32947
980.99381,1.31323
978.95432,1.29976
976.91483,1.29040
974.87534,1.27911
972.83586,1.26647
970.79637,1.25825
968.75688,1.25350
966.71739,1.24982
964.67790,1.24632
962.63842,1.24086
960.59893,1.23409
958.55944,1.22724
956.51995,1.21934
954.48046,1.20936
952.44097,1.19691
950.40149,1.18311
948.36200,1.17094
946.32251,1.16127
944.28302,1.15135
942.24353,1.14180
940.20405,1.13574
938.16456,1.13096
936.12507,1.12575
934.08558,1.12271
932.04609,1.12304
930.00661,1.12549
927.96712,1.12920
925.92763,1.13519
923.88814,1.14334
921.84865,1.15136
919.80916,1.15710
917.76968,1.16023
915.73019,1.16164
913.69070,1.16054
911.65121,1.15794
909.61172,1.15681
907.57224,1.15700
905.53275,1.15849
903.49326,1.16438
901.45377,1.17328
899.41428,1.17833
897.37479,1.17873
895.33531,1.17857
893.29582,1.17660
891.25633,1.17088
889.21684,1.16489
887.17735,1.16013
885.13787,1.15521
883.09838,1.15251
881.05889,1.15278
879.01940,1.15244
876.97991,1.15113
874.94042,1.15022
872.90094,1.14838
870.86145,1.14497
868.82196,1.14214
866.78247,1.14105
864.74298,1.14116
862.70350,1.14290
860.66401,1.14592
858.62452,1.15014
856.58503,1.15695
854.54554,1.16477
852.50605,1.16934
850.46657,1.17100
848.42708,1.17376
846.38759,1.17896
844.34810,1.18677
842.30861,1.19755
840.26913,1.21072
838.22964,1.22382
836.19015,1.23365
834.15066,1.24138
832.11117,1.24779
830.07168,1.24998
828.03220,1.24773
825.99271,1.24372
823.95322,1.24017
821.91373,1.23915
819.87424,1.24174
817.83476,1.24717
815.79527,1.25197
813.75578,1.25289
811.71629,1.25529
809.67680,1.26273
807.63731,1.26990
805.59783,1.27486
803.55834,1.27836
801.51885,1.27866
799.47936,1.27695
797.43987,1.27782
795.40039,1.27920
793.36090,1.27955
791.32141,1.28490
789.28192,1.29591
787.24243,1.30638
785.20295,1.31210
783.16346,1.31464
781.12397,1.31593
779.08448,1.31819
777.04499,1.32375
775.00550,1.32994
772.96602,1.33446
770.92653,1.34003
768.88704,1.34721
766.84755,1.35241
764.80806,1.35502
762.76858,1.35462
760.72909,1.35147
758.68960,1.34984
756.65011,1.35291
754.61062,1.35563
752.57113,1.35412
750.53165,1.35645
748.49216,1.36444
746.45267,1.37116
744.41318,1.37500
742.37369,1.37679
740.33421,1.38079
738.29472,1.38989
736.25523,1.39746
734.21574,1.40012
732.17625,1.40471
730.13676,1.41353
728.09728,1.42308
726.05779,1.43038
724.01830,1.43360
721.97881,1.43694
719.93932,1.44126
717.89984,1.44474
715.86035,1.44973
713.82086,1.45740
711.78137,1.46442
709.74188,1.47080
707.70239,1.47818
705.66291,1.48325
703.62342,1.48261
701.58393,1.47731
699.54444,1.46902
697.50495,1.46234
695.46547,1.46322
693.42598,1.47228
691.38649,1.48509
689.34700,1.49428
687.30751,1.49477
685.26802,1.48754
683.22854,1.47873
681.18905,1.47768
679.14956,1.48541
677.11007,1.49358
675.07058,1.50043
673.03110,1.50971
670.99161,1.51612
668.95212,1.51218
666.91263,1.50400
664.87314,1.50486
662.83365,1.51440
660.79417,1.51599
658.75468,1.49807
656.71519,1.47814
654.67570,1.47562
652.63621,1.48950
650.59673,1.51331
648.55724,1.53364
646.51775,1.53561
644.47826,1.52499
642.43877,1.51784
640.39929,1.52439
638.35980,1.54335
636.32031,1.56804
634.28082,1.58866
632.24133,1.59378
630.20184,1.58655
628.16236,1.56792
626.12287,1.53325
624.08338,1.50356
622.04389,1.48584
620.00440,1.47336
617.96492,1.47247
615.92543,1.48989
613.88594,1.50869
611.84645,1.51331
609.80696,1.52618
607.76747,1.54423
605.72799,1.52389
603.68850,1.49540
601.64901,1.49891
599.60952,1.50964
597.57003,1.49958
595.53055,1.48930
593.49106,1.48453
591.45157,1.46704
589.41208,1.45862
587.37259,1.46424
585.33310,1.46699
583.29362,1.49284
581.25413,1.54981
579.21464,1.58639
577.17515,1.58220
575.13566,1.56559
573.09618,1.50346
571.05669,1.42738
569.01720,1.40503
566.97771,1.44005
564.93822,1.51466
562.89873,1.55808
560.85925,1.51639
558.81976,1.45720
556.78027,1.44250
554.74078,1.47399
552.70129,1.51056
550.66181,1.51673
548.62232,1.51387
546.58283,1.51952
544.54334,1.51623
542.50385,1.47704
540.46436,1.42590
538.42488,1.42237
536.38539,1.45072
534.34590,1.44983
532.30641,1.41563
530.26692,1.42025
528.22744,1.47799
526.18795,1.48233
524.14846,1.43290
522.10897,1.40040
520.06948,1.43604
518.02999,1.56446
515.99051,1.61950
513.95102,1.62513
511.91153,1.55357
509.87204,1.40101
507.83255,1.23896
505.79307,1.19181
503.75358,1.28235
501.71409,1.21813
499.67460,1.06528
