3997.39681,0.37156
3995.35732,0.37189
3993.31783,0.37171
3991.27835,0.37163
3989.23886,0.37179
3987.19937,0.37144
3985.15988,0.37098
3983.12039,0.37100
3981.08091,0.37119
3979.04142,0.37094
3977.00193,0.37038
3974.96244,0.36984
3972.92295,0.36917
3970.88346,0.36834
3968.84398,0.36768
3966.80449,0.36748
3964.76500,0.36762
3962.72551,0.36737
3960.68602,0.36676
3958.64654,0.36648
3956.60705,0.36634
3954.56756,0.36573
3952.52807,0.36488
3950.48858,0.36426
3948.44909,0.36387
3946.40961,0.36352
3944.37012,0.36290
3942.33063,0.36189
3940.29114,0.36072
3938.25165,0.35945
3936.21217,0.35834
3934.17268,0.35784
3932.13319,0.35786
3930.09370,0.35776
3928.05421,0.35713
3926.01473,0.35609
3923.97524,0.35489
3921.93575,0.35399
3919.89626,0.35368
3917.85677,0.35335
3915.81728,0.35227
3913.77780,0.35083
3911.73831,0.34998
3909.69882,0.35021
3907.65933,0.35131
3905.61984,0.35205
3903.58036,0.35119
3901.54087,0.34926
3899.50138,0.34739
3897.46189,0.34609
3895.42240,0.34570
3893.38291,0.34568
3891.34343,0.34500
3889.30394,0.34396
3887.26445,0.34339
3885.22496,0.34311
3883.18547,0.34278
3881.14599,0.34229
3879.10650,0.34154
3877.06701,0.34063
3875.02752,0.34012
3872.98803,0.34058
3870.94854,0.34089
3868.90906,0.33995
3866.86957,0.33885
3864.83008,0.33814
3862.79059,0.33750
3860.75110,0.33728
3858.71162,0.33739
3856.67213,0.33715
3854.63264,0.33646
3852.59315,0.33591
3850.55366,0.33562
3848.51417,0.33525
3846.47469,0.33520
3844.43520,0.33576
3842.39571,0.33643
3840.35622,0.33660
3838.31673,0.33600
3836.27725,0.33500
3834.23776,0.33437
3832.19827,0.33438
3830.15878,0.33465
3828.11929,0.33487
3826.07980,0.33521
3824.04032,0.33564
3822.00083,0.33550
3819.96134,0.33499
3817.92185,0.33481
3815.88236,0.33455
3813.84288,0.33426
3811.80339,0.33468
3809.76390,0.33581
3807.72441,0.33683
3805.68492,0.33725
3803.64543,0.33765
3801.60595,0.33834
3799.56646,0.33907
3797.52697,0.33961
3795.48748,0.33987
3793.44799,0.34012
3791.40851,0.34046
3789.36902,0.34108
3787.32953,0.34218
3785.29004,0.34345
3783.25055,0.34472
3781.21107,0.34610
3779.17158,0.34715
3777.13209,0.34763
3775.09260,0.34802
3773.05311,0.34870
3771.01362,0.34963
3768.97414,0.35078
3766.93465,0.35225
3764.89516,0.35390
3762.85567,0.35560
3760.81618,0.35743
3758.77670,0.35946
3756.73721,0.36124
3754.69772,0.36237
3752.65823,0.36337
3750.61874,0.36507
3748.57925,0.36740
3746.53977,0.36899
3744.50028,0.36987
3742.46079,0.37201
3740.42130,0.37535
3738.38181,0.37861
3736.34233,0.38134
3734.30284,0.38347
3732.26335,0.38550
3730.22386,0.38784
3728.18437,0.39046
3726.14488,0.39352
3724.10540,0.39692
3722.06591,0.39974
3720.02642,0.40172
3717.98693,0.40412
3715.94744,0.40815
3713.90796,0.41359
3711.86847,0.41933
3709.82898,0.42473
3707.78949,0.43016
3705.75000,0.43602
3703.71051,0.44212
3701.67103,0.44838
3699.63154,0.45548
3697.59205,0.46355
3695.55256,0.47151
3693.51307,0.47874
3691.47359,0.48606
3689.43410,0.49453
3687.39461,0.50399
3685.35512,0.51332
3683.31563,0.52241
3681.27614,0.53252
3679.23666,0.54468
3677.19717,0.55936
3675.15768,0.57569
3673.11819,0.59086
3671.07870,0.60543
3669.03922,0.62209
3666.99973,0.63943
3664.96024,0.65567
3662.92075,0.67170
3660.88126,0.68807
3658.84177,0.70434
3656.80229,0.72079
3654.76280,0.73753
3652.72331,0.75427
3650.68382,0.77212
3648.64433,0.79122
3646.60485,0.80930
3644.56536,0.82484
3642.52587,0.83912
3640.48638,0.85329
3638.44689,0.86693
3636.40741,0.88036
3634.36792,0.89531
3632.32843,0.91177
3630.28894,0.92760
3628.24945,0.94073
3626.20996,0.95101
3624.17048,0.96148
3622.13099,0.97535
3620.09150,0.99210
3618.05201,1.00766
3616.01252,1.02109
3613.97304,1.03315
3611.93355,1.04071
3609.89406,1.04477
3607.85457,1.05242
3605.81508,1.06532
3603.77559,1.07824
3601.73611,1.08894
3599.69662,1.09878
3597.65713,1.10878
3595.61764,1.11962
3593.57815,1.12962
3591.53867,1.13713
3589.49918,1.14590
3587.45969,1.15856
3585.42020,1.17180
3583.38071,1.18309
3581.34122,1.19286
3579.30174,1.20124
3577.26225,1.20806
3575.22276,1.21413
3573.18327,1.22155
3571.14378,1.23186
3569.10430,1.24419
3567.06481,1.25653
3565.02532,1.26719
3562.98583,1.27609
3560.94634,1.28448
3558.90685,1.29107
3556.86737,1.29423
3554.82788,1.29650
3552.78839,1.30183
3550.74890,1.31201
3548.70941,1.32417
3546.66993,1.33224
3544.63044,1.33655
3542.59095,1.34290
3540.55146,1.35087
3538.51197,1.35643
3536.47248,1.36002
3534.43300,1.36615
3532.39351,1.37617
3530.35402,1.38473
3528.31453,1.38977
3526.27504,1.39764
3524.23556,1.40895
3522.19607,1.41344
3520.15658,1.40928
3518.11709,1.40836
3516.07760,1.41524
3514.03811,1.42448
3511.99863,1.43296
3509.95914,1.44024
3507.91965,1.44754
3505.88016,1.45635
3503.84067,1.46512
3501.80119,1.47029
3499.76170,1.47222
3497.72221,1.47550
3495.68272,1.48090
3493.64323,1.48452
3491.60375,1.48599
3489.56426,1.48689
3487.52477,1.48609
3485.48528,1.48642
3483.44579,1.49307
3481.40630,1.50318
3479.36682,1.50912
3477.32733,1.50989
3475.28784,1.51138
3473.24835,1.51472
3471.20886,1.51416
3469.16938,1.51143
3467.12989,1.51614
3465.09040,1.52713
3463.05091,1.53328
3461.01142,1.53028
3458.97193,1.52692
3456.93245,1.53249
3454.89296,1.54096
3452.85347,1.54524
3450.81398,1.54966
3448.77449,1.55541
3446.73501,1.55873
3444.69552,1.56039
3442.65603,1.56367
3440.61654,1.56479
3438.57705,1.56315
3436.53756,1.56654
3434.49808,1.57236
3432.45859,1.57225
3430.41910,1.56972
3428.37961,1.57814
3426.34012,1.59266
3424.30064,1.59094
3422.26115,1.57856
3420.22166,1.57590
3418.18217,1.58140
3416.14268,1.58632
3414.10319,1.58990
3412.06371,1.59665
3410.02422,1.60398
3407.98473,1.60190
3405.94524,1.58859
3403.90575,1.57801
3401.86627,1.58375
3399.82678,1.59835
3397.78729,1.60859
3395.74780,1.61095
3393.70831,1.60679
3391.66882,1.60006
3389.62934,1.59912
3387.58985,1.60448
3385.55036,1.60465
3383.51087,1.59852
3381.47138,1.59521
3379.43190,1.59496
3377.39241,1.59528
3375.35292,1.59692
3373.31343,1.59913
3371.27394,1.60227
3369.23446,1.60679
3367.19497,1.60879
3365.15548,1.60885
3363.11599,1.61165
3361.07650,1.61543
3359.03701,1.61729
3356.99753,1.62125
3354.95804,1.62638
3352.91855,1.62248
3350.87906,1.61112
3348.83957,1.60401
3346.80009,1.60401
3344.76060,1.60412
3342.72111,1.60180
3340.68162,1.60205
3338.64213,1.60396
3336.60264,1.60425
3334.56316,1.60504
3332.52367,1.60316
3330.48418,1.59850
3328.44469,1.60003
3326.40520,1.60586
3324.36572,1.60778
3322.32623,1.60437
3320.28674,1.59524
3318.24725,1.58796
3316.20776,1.59131
3314.16827,1.59765
3312.12879,1.59995
3310.08930,1.60138
3308.04981,1.60088
3306.01032,1.59671
3303.97083,1.59153
3301.93135,1.58707
3299.89186,1.58540
3297.85237,1.58691
3295.81288,1.59090
3293.77339,1.59529
3291.73390,1.59268
3289.69442,1.58134
3287.65493,1.57297
3285.61544,1.57584
3283.57595,1.57994
3281.53646,1.57607
3279.49698,1.57296
3277.45749,1.57640
3275.41800,1.57741
3273.37851,1.57299
3271.33902,1.57081
3269.29953,1.57000
3267.26005,1.56570
3265.22056,1.55692
3263.18107,1.54537
3261.14158,1.53541
3259.10209,1.52839
3257.06261,1.52608
3255.02312,1.52945
3252.98363,1.52970
3250.94414,1.52241
3248.90465,1.51592
3246.86516,1.51407
3244.82568,1.51197
3242.78619,1.50722
3240.74670,1.50488
3238.70721,1.50504
3236.66772,1.50043
3234.62824,1.49428
3232.58875,1.49357
3230.54926,1.49431
3228.50977,1.49242
3226.47028,1.49105
3224.43080,1.49149
3222.39131,1.49136
3220.35182,1.49005
3218.31233,1.48790
3216.27284,1.48423
3214.23335,1.47862
3212.19387,1.47306
3210.15438,1.47076
3208.11489,1.46973
3206.07540,1.46449
3204.03591,1.45671
3201.99643,1.45157
3199.95694,1.44744
3197.91745,1.44286
3195.87796,1.44162
3193.83847,1.44204
3191.79898,1.43987
3189.75950,1.43592
3187.72001,1.42896
3185.68052,1.42065
3183.64103,1.41745
3181.60154,1.41890
3179.56206,1.42015
3177.52257,1.41824
3175.48308,1.41290
3173.44359,1.40770
3171.40410,1.40559
3169.36461,1.40401
3167.32513,1.39957
3165.28564,1.39384
3163.24615,1.38927
3161.20666,1.38449
3159.16717,1.37936
3157.12769,1.37635
3155.08820,1.37521
3153.04871,1.37375
3151.00922,1.37033
3148.96973,1.36549
3146.93024,1.36173
3144.89076,1.35919
3142.85127,1.35688
3140.81178,1.35419
3138.77229,1.35055
3136.73280,1.34752
3134.69332,1.34523
3132.65383,1.34140
3130.61434,1.33722
3128.57485,1.33460
3126.53536,1.33105
3124.49587,1.32594
3122.45639,1.32313
3120.41690,1.32256
3118.37741,1.32130
3116.33792,1.31914
3114.29843,1.31602
3112.25895,1.31261
3110.21946,1.31010
3108.17997,1.30805
3106.14048,1.30666
3104.10099,1.30532
3102.06150,1.30244
3100.02202,1.29900
3097.98253,1.29601
3095.94304,1.29385
3093.90355,1.29335
3091.86406,1.29229
3089.82458,1.28872
3087.78509,1.28546
3085.74560,1.28397
3083.70611,1.28284
3081.66662,1.28217
3079.62714,1.28184
3077.58765,1.27995
3075.54816,1.27576
3073.50867,1.27180
3071.46918,1.26971
3069.42969,1.26749
3067.39021,1.26339
3065.35072,1.25948
3063.31123,1.25830
3061.27174,1.25742
3059.23225,1.25375
3057.19277,1.24997
3055.15328,1.24841
3053.11379,1.24607
3051.07430,1.24237
3049.03481,1.23919
3046.99532,1.23622
3044.95584,1.23396
3042.91635,1.23181
3040.87686,1.22837
3038.83737,1.22469
3036.79788,1.22202
3034.75840,1.22057
3032.71891,1.21948
3030.67942,1.21814
3028.63993,1.21649
3026.60044,1.21342
3024.56095,1.20905
3022.52147,1.20552
3020.48198,1.20338
3018.44249,1.20220
3016.40300,1.20229
3014.36351,1.20215
3012.32403,1.19999
3010.28454,1.19752
3008.24505,1.19672
3006.20556,1.19686
3004.16607,1.19655
3002.12658,1.19536
3000.08710,1.19507
2998.04761,1.19689
2996.00812,1.19922
2993.96863,1.20268
2991.92914,1.20796
2989.88966,1.21330
2987.85017,1.21877
2985.81068,1.22527
2983.77119,1.23275
2981.73170,1.23991
2979.69221,1.24718
2977.65273,1.25648
2975.61324,1.26664
2973.57375,1.27584
2971.53426,1.28295
2969.49477,1.28800
2967.45529,1.29332
2965.41580,1.30038
2963.37631,1.30870
2961.33682,1.31631
2959.29733,1.32156
2957.25784,1.32491
2955.21836,1.32858
2953.17887,1.33432
2951.13938,1.33907
2949.09989,1.33976
2947.06040,1.33924
2945.02092,1.34294
2942.98143,1.35268
2940.94194,1.36369
2938.90245,1.37090
2936.86296,1.37539
2934.82348,1.38163
2932.78399,1.38998
2930.74450,1.39602
2928.70501,1.39984
2926.66552,1.40420
2924.62603,1.40901
2922.58655,1.41296
2920.54706,1.41142
2918.50757,1.40245
2916.46808,1.38947
2914.42859,1.37347
2912.38911,1.35581
2910.34962,1.33993
2908.31013,1.32740
2906.27064,1.31802
2904.23115,1.31055
2902.19166,1.30453
2900.15218,1.29985
2898.11269,1.29508
2896.07320,1.28904
2894.03371,1.28150
2891.99422,1.27349
2889.95474,1.26664
2887.91525,1.26060
2885.87576,1.25540
2883.83627,1.25260
2881.79678,1.25055
2879.75729,1.24658
2877.71781,1.24209
2875.67832,1.23979
2873.63883,1.23934
2871.59934,1.23836
2869.55985,1.23600
2867.52037,1.23311
2865.48088,1.23038
2863.44139,1.22885
2861.40190,1.22916
2859.36241,1.23163
2857.32292,1.23613
2855.28344,1.24047
2853.24395,1.24334
2851.20446,1.24167
2849.16497,1.22964
2847.12548,1.20810
2845.08600,1.18375
2843.04651,1.16164
2841.00702,1.14332
2838.96753,1.12744
2836.92804,1.11360
2834.88855,1.10245
2832.84907,1.09268
2830.80958,1.08350
2828.77009,1.07626
2826.73060,1.07139
2824.69111,1.06658
2822.65163,1.06038
2820.61214,1.05453
2818.57265,1.05039
2816.53316,1.04654
2814.49367,1.04142
2812.45418,1.03555
2810.41470,1.03005
2808.37521,1.02578
2806.33572,1.02309
2804.29623,1.02122
2802.25674,1.01874
2800.21726,1.01495
2798.17777,1.01123
2796.13828,1.00853
2794.09879,1.00571
2792.05930,1.00265
2790.01982,1.00025
2787.98033,0.99777
2785.94084,0.99497
2783.90135,0.99263
2781.86186,0.99047
2779.82237,0.98833
2777.78289,0.98611
2775.74340,0.98383
2773.70391,0.98189
2771.66442,0.98018
2769.62493,0.97876
2767.58545,0.97793
2765.54596,0.97709
2763.50647,0.97540
2761.46698,0.97306
2759.42749,0.97097
2757.38800,0.96968
2755.34852,0.96849
2753.30903,0.96719
2751.26954,0.96626
2749.23005,0.96514
2747.19056,0.96383
2745.15108,0.96283
2743.11159,0.96156
2741.07210,0.95995
2739.03261,0.95836
2736.99312,0.95674
2734.95363,0.95538
2732.91415,0.95430
2730.87466,0.95332
2728.83517,0.95221
2726.79568,0.95090
2724.75619,0.94951
2722.71671,0.94764
2720.67722,0.94529
2718.63773,0.94267
2716.59824,0.93943
2714.55875,0.93584
2712.51926,0.93354
2710.47978,0.93283
2708.44029,0.93189
2706.40080,0.93027
2704.36131,0.92859
2702.32182,0.92661
2700.28234,0.92393
2698.24285,0.92083
2696.20336,0.91857
2694.16387,0.91694
2692.12438,0.91451
2690.08489,0.91193
2688.04541,0.91029
2686.00592,0.90900
2683.96643,0.90741
2681.92694,0.90531
2679.88745,0.90274
2677.84797,0.90000
2675.80848,0.89724
2673.76899,0.89485
2671.72950,0.89361
2669.69001,0.89311
2667.65052,0.89163
2665.61104,0.88864
2663.57155,0.88533
2661.53206,0.88295
2659.49257,0.88137
2657.45308,0.87962
2655.41360,0.87744
2653.37411,0.87487
2651.33462,0.87196
2649.29513,0.86948
2647.25564,0.86761
2645.21616,0.86542
2643.17667,0.86281
2641.13718,0.86053
2639.09769,0.85879
2637.05820,0.85710
2635.01871,0.85546
2632.97923,0.85414
2630.93974,0.85227
2628.90025,0.84937
2626.86076,0.84650
2624.82127,0.84469
2622.78179,0.84318
2620.74230,0.84078
2618.70281,0.83818
2616.66332,0.83608
2614.62383,0.83403
2612.58434,0.83237
2610.54486,0.83094
2608.50537,0.82859
2606.46588,0.82626
2604.42639,0.82516
2602.38690,0.82446
2600.34742,0.82339
2598.30793,0.82132
2596.26844,0.81858
2594.22895,0.81648
2592.18946,0.81505
2590.14997,0.81368
2588.11049,0.81185
2586.07100,0.80971
2584.03151,0.80804
2581.99202,0.80640
2579.95253,0.80453
2577.91305,0.80309
2575.87356,0.80179
2573.83407,0.80039
2571.79458,0.79916
2569.75509,0.79787
2567.71560,0.79609
2565.67612,0.79377
2563.63663,0.79171
2561.59714,0.79046
2559.55765,0.78945
2557.51816,0.78824
2555.47868,0.78686
2553.43919,0.78533
2551.39970,0.78363
2549.36021,0.78159
2547.32072,0.77935
2545.28123,0.77728
2543.24175,0.77548
2541.20226,0.77404
2539.16277,0.77297
2537.12328,0.77178
2535.08379,0.77003
2533.04431,0.76810
2531.00482,0.76682
2528.96533,0.76561
2526.92584,0.76357
2524.88635,0.76127
2522.84686,0.75928
2520.80738,0.75753
2518.76789,0.75612
2516.72840,0.75485
2514.68891,0.75366
2512.64942,0.75260
2510.60994,0.75114
2508.57045,0.74916
2506.53096,0.74731
2504.49147,0.74576
2502.45198,0.74434
2500.41250,0.74295
2498.37301,0.74117
2496.33352,0.73871
2494.29403,0.73636
2492.25454,0.73453
2490.21505,0.73273
2488.17557,0.73083
2486.13608,0.72920
2484.09659,0.72790
2482.05710,0.72638
2480.01761,0.72437
2477.97813,0.72201
2475.93864,0.71977
2473.89915,0.71818
2471.85966,0.71671
2469.82017,0.71471
2467.78068,0.71281
2465.74120,0.71148
2463.70171,0.71006
2461.66222,0.70840
2459.62273,0.70680
2457.58324,0.70498
2455.54376,0.70312
2453.50427,0.70173
2451.46478,0.70046
2449.42529,0.69873
2447.38580,0.69652
2445.34631,0.69455
2443.30683,0.69297
2441.26734,0.69144
2439.22785,0.68982
2437.18836,0.68811
2435.14887,0.68657
2433.10939,0.68530
2431.06990,0.68423
2429.03041,0.68314
2426.99092,0.68142
2424.95143,0.67924
2422.91194,0.67747
2420.87246,0.67629
2418.83297,0.67486
2416.79348,0.67284
2414.75399,0.67090
2412.71450,0.66935
2410.67502,0.66791
2408.63553,0.66652
2406.59604,0.66544
2404.55655,0.66433
2402.51706,0.66273
2400.47757,0.66117
2398.43809,0.66034
2396.39860,0.65992
2394.35911,0.65918
2392.31962,0.65786
2390.28013,0.65639
2388.24065,0.65533
2386.20116,0.65480
2384.16167,0.65467
2382.12218,0.65485
2380.08269,0.65514
2378.04320,0.65517
2376.00372,0.65506
2373.96423,0.65510
2371.92474,0.65502
2369.88525,0.65455
2367.84576,0.65389
2365.80628,0.65314
2363.76679,0.65270
2361.72730,0.65282
2359.68781,0.65267
2357.64832,0.65108
2355.60884,0.64844
2353.56935,0.64700
2351.52986,0.64757
2349.49037,0.64815
2347.45088,0.64686
2345.41139,0.64406
2343.37191,0.64146
2341.33242,0.64007
2339.29293,0.63975
2337.25344,0.64001
2335.21395,0.63964
2333.17447,0.63782
2331.13498,0.63522
2329.09549,0.63314
2327.05600,0.63198
2325.01651,0.63111
2322.97702,0.62996
2320.93754,0.62842
2318.89805,0.62675
2316.85856,0.62548
2314.81907,0.62475
2312.77958,0.62422
2310.74010,0.62356
2308.70061,0.62260
2306.66112,0.62141
2304.62163,0.62026
2302.58214,0.61927
2300.54265,0.61846
2298.50317,0.61755
2296.46368,0.61642
2294.42419,0.61541
2292.38470,0.61475
2290.34521,0.61428
2288.30573,0.61381
2286.26624,0.61332
2284.22675,0.61281
2282.18726,0.61213
2280.14777,0.61138
2278.10828,0.61088
2276.06880,0.61071
2274.02931,0.61056
2271.98982,0.61015
2269.95033,0.60959
2267.91084,0.60932
2265.87136,0.60934
2263.83187,0.60926
2261.79238,0.60904
2259.75289,0.60884
2257.71340,0.60850
2255.67391,0.60799
2253.63443,0.60791
2251.59494,0.60848
2249.55545,0.60879
2247.51596,0.60871
2245.47647,0.60863
2243.43699,0.60869
2241.39750,0.60829
2239.35801,0.60793
2237.31852,0.60821
2235.27903,0.60848
2233.23954,0.60833
2231.20006,0.60818
2229.16057,0.60816
2227.12108,0.60822
2225.08159,0.60836
2223.04210,0.60849
2221.00262,0.60885
2218.96313,0.60931
2216.92364,0.60929
2214.88415,0.60898
2212.84466,0.60915
2210.80518,0.60931
2208.76569,0.60898
2206.72620,0.60894
2204.68671,0.60921
2202.64722,0.60940
2200.60773,0.60971
2198.56825,0.60983
2196.52876,0.60947
2194.48927,0.60939
2192.44978,0.61009
2190.41029,0.61106
2188.37081,0.61178
2186.33132,0.61225
2184.29183,0.61272
2182.25234,0.61301
2180.21285,0.61292
2178.17336,0.61300
2176.13388,0.61366
2174.09439,0.61459
2172.05490,0.61532
2170.01541,0.61577
2167.97592,0.61614
2165.93644,0.61654
2163.89695,0.61702
2161.85746,0.61755
2159.81797,0.61799
2157.77848,0.61821
2155.73899,0.61831
2153.69951,0.61854
2151.66002,0.61875
2149.62053,0.61880
2147.58104,0.61886
2145.54155,0.61886
2143.50207,0.61889
2141.46258,0.61916
2139.42309,0.61930
2137.38360,0.61880
2135.34411,0.61790
2133.30462,0.61728
2131.26514,0.61708
2129.22565,0.61705
2127.18616,0.61704
2125.14667,0.61697
2123.10718,0.61671
2121.06770,0.61625
2119.02821,0.61602
2116.98872,0.61616
2114.94923,0.61584
2112.90974,0.61490
2110.87025,0.61411
2108.83077,0.61374
2106.79128,0.61354
2104.75179,0.61313
2102.71230,0.61253
2100.67281,0.61199
2098.63333,0.61145
2096.59384,0.61097
2094.55435,0.61067
2092.51486,0.61035
2090.47537,0.60995
2088.43588,0.60950
2086.39640,0.60892
2084.35691,0.60815
2082.31742,0.60753
2080.27793,0.60726
2078.23844,0.60695
2076.19896,0.60649
2074.15947,0.60614
2072.11998,0.60584
2070.08049,0.60565
2068.04100,0.60557
2066.00152,0.60535
2063.96203,0.60501
2061.92254,0.60456
2059.88305,0.60397
2057.84356,0.60336
2055.80407,0.60288
2053.76459,0.60264
2051.72510,0.60249
2049.68561,0.60212
2047.64612,0.60143
2045.60663,0.60075
2043.56715,0.60047
2041.52766,0.60024
2039.48817,0.59926
2037.44868,0.59794
2035.40919,0.59706
2033.36970,0.59655
2031.33022,0.59611
2029.29073,0.59557
2027.25124,0.59475
2025.21175,0.59353
2023.17226,0.59213
2021.13278,0.59098
2019.09329,0.59040
2017.05380,0.59002
2015.01431,0.58913
2012.97482,0.58774
2010.93533,0.58652
2008.89585,0.58563
2006.85636,0.58479
2004.81687,0.58409
2002.77738,0.58367
2000.73789,0.58345
1998.69841,0.58310
1996.65892,0.58252
1994.61943,0.58226
1992.57994,0.58244
1990.54045,0.58238
1988.50096,0.58203
1986.46148,0.58167
1984.42199,0.58125
1982.38250,0.58085
1980.34301,0.58075
1978.30352,0.58079
1976.26404,0.58065
1974.22455,0.58061
1972.18506,0.58096
1970.14557,0.58160
1968.10608,0.58215
1966.06659,0.58206
1964.02711,0.58166
1961.98762,0.58163
1959.94813,0.58161
1957.90864,0.58120
1955.86915,0.58081
1953.82967,0.58068
1951.79018,0.58066
1949.75069,0.58087
1947.71120,0.58148
1945.67171,0.58258
1943.63222,0.58347
1941.59274,0.58306
1939.55325,0.58196
1937.51376,0.58153
1935.47427,0.58167
1933.43478,0.58173
1931.39530,0.58174
1929.35581,0.58221
1927.31632,0.58323
1925.27683,0.58463
1923.23734,0.58598
1921.19786,0.58688
1919.15837,0.58758
1917.11888,0.58781
1915.07939,0.58761
1913.03990,0.58810
1911.00041,0.58928
1908.96093,0.59023
1906.92144,0.59062
1904.88195,0.59091
1902.84246,0.59144
1900.80297,0.59225
1898.76349,0.59329
1896.72400,0.59433
1894.68451,0.59507
1892.64502,0.59591
1890.60553,0.59727
1888.56604,0.59850
1886.52656,0.59910
1884.48707,0.59951
1882.44758,0.60011
1880.40809,0.60084
1878.36860,0.60159
1876.32912,0.60254
1874.28963,0.60390
1872.25014,0.60624
1870.21065,0.60959
1868.17116,0.61176
1866.13167,0.61143
1864.09219,0.61071
1862.05270,0.61122
1860.01321,0.61255
1857.97372,0.61393
1855.93423,0.61516
1853.89475,0.61655
1851.85526,0.61831
1849.81577,0.62082
1847.77628,0.62462
1845.73679,0.62914
1843.69730,0.63218
1841.65782,0.63312
1839.61833,0.63416
1837.57884,0.63645
1835.53935,0.63932
1833.49986,0.64288
1831.46038,0.64764
1829.42089,0.65237
1827.38140,0.65591
1825.34191,0.65906
1823.30242,0.66233
1821.26293,0.66582
1819.22345,0.67003
1817.18396,0.67490
1815.14447,0.68050
1813.10498,0.68734
1811.06549,0.69500
1809.02601,0.70210
1806.98652,0.70844
1804.94703,0.71545
1802.90754,0.72413
1800.86805,0.73368
1798.82856,0.74281
1796.78908,0.75251
1794.74959,0.76495
1792.71010,0.77941
1790.67061,0.79193
1788.63112,0.80207
1786.59164,0.81356
1784.55215,0.82739
1782.51266,0.84184
1780.47317,0.85665
1778.43368,0.87225
1776.39420,0.88923
1774.35471,0.90960
1772.31522,0.93376
1770.27573,0.95791
1768.23624,0.98046
1766.19675,1.00359
1764.15727,1.02929
1762.11778,1.05937
1760.07829,1.09142
1758.03880,1.12222
1755.99931,1.15195
1753.95983,1.18052
1751.92034,1.21113
1749.88085,1.24558
1747.84136,1.27790
1745.80187,1.30451
1743.76238,1.32880
1741.72290,1.35364
1739.68341,1.37653
1737.64392,1.39240
1735.60443,1.40184
1733.56494,1.40660
1731.52546,1.40491
1729.48597,1.39888
1727.44648,1.39267
1725.40699,1.38850
1723.36750,1.38562
1721.32801,1.38308
1719.28853,1.38145
1717.24904,1.37927
1715.20955,1.37431
1713.17006,1.36951
1711.13057,1.36789
1709.09109,1.36997
1707.05160,1.37613
1705.01211,1.38746
1702.97262,1.40485
1700.93313,1.42676
1698.89364,1.44648
1696.85416,1.46199
1694.81467,1.47886
1692.77518,1.49665
1690.73569,1.51652
1688.69620,1.53958
1686.65672,1.56181
1684.61723,1.58390
1682.57774,1.60772
1680.53825,1.62943
1678.49876,1.64769
1676.45927,1.66259
1674.41979,1.67445
1672.38030,1.68573
1670.34081,1.69737
1668.30132,1.70702
1666.26183,1.71302
1664.22235,1.71838
1662.18286,1.72699
1660.14337,1.73670
1658.10388,1.74015
1656.06439,1.73564
1654.02490,1.73149
1651.98542,1.73633
1649.94593,1.74560
1647.90644,1.74976
1645.86695,1.74741
1643.82746,1.74459
1641.78798,1.74207
1639.74849,1.73899
1637.70900,1.74087
1635.66951,1.74577
1633.63002,1.74190
1631.59054,1.73415
1629.55105,1.73236
1627.51156,1.73241
1625.47207,1.72661
1623.43258,1.71736
1621.39309,1.71077
1619.35361,1.70765
1617.31412,1.70417
1615.27463,1.69872
1613.23514,1.69281
1611.19565,1.68582
1609.15617,1.67879
1607.11668,1.67486
1605.07719,1.67408
1603.03770,1.67180
1600.99821,1.66451
1598.95872,1.65628
1596.91924,1.65299
1594.87975,1.65214
1592.84026,1.64709
1590.80077,1.63803
1588.76128,1.62802
1586.72180,1.61600
1584.68231,1.60238
1582.64282,1.59178
1580.60333,1.58539
1578.56384,1.57969
1576.52435,1.57295
1574.48487,1.56627
1572.44538,1.55868
1570.40589,1.54874
1568.36640,1.54019
1566.32691,1.53590
1564.28743,1.53317
1562.24794,1.53237
1560.20845,1.53404
1558.16896,1.53208
1556.12947,1.52511
1554.08998,1.51988
1552.05050,1.51776
1550.01101,1.51437
1547.97152,1.50751
1545.93203,1.50086
1543.89254,1.49806
1541.85306,1.49670
1539.81357,1.49146
1537.77408,1.48472
1535.73459,1.48078
1533.69510,1.47904
1531.65561,1.47755
1529.61613,1.47524
1527.57664,1.47338
1525.53715,1.47393
1523.49766,1.47561
1521.45817,1.47542
1519.41869,1.47386
1517.37920,1.47155
1515.33971,1.46606
1513.30022,1.45830
1511.26073,1.45161
1509.22124,1.44561
1507.18176,1.43704
1505.14227,1.42683
1503.10278,1.41883
1501.06329,1.41266
1499.02380,1.40655
1496.98432,1.40043
1494.94483,1.39496
1492.90534,1.39047
1490.86585,1.38783
1488.82636,1.38837
1486.78688,1.39242
1484.74739,1.39852
1482.70790,1.40519
1480.66841,1.41315
1478.62892,1.42553
1476.58943,1.44439
1474.54995,1.46877
1472.51046,1.49591
1470.47097,1.51893
1468.43148,1.53389
1466.39199,1.54625
1464.35251,1.55860
1462.31302,1.56673
1460.27353,1.57307
1458.23404,1.58365
1456.19455,1.59590
1454.15506,1.60465
1452.11558,1.61057
1450.07609,1.61512
1448.03660,1.61997
1445.99711,1.62665
1443.95762,1.63412
1441.91814,1.64006
1439.87865,1.64341
1437.83916,1.64473
1435.79967,1.64348
1433.76018,1.63955
1431.72069,1.63577
1429.68121,1.63480
1427.64172,1.63673
1425.60223,1.63894
1423.56274,1.64030
1421.52325,1.64118
1419.48377,1.63972
1417.44428,1.63560
1415.40479,1.63389
1413.36530,1.63680
1411.32581,1.63979
1409.28632,1.63967
1407.24684,1.63654
1405.20735,1.62984
1403.16786,1.62326
1401.12837,1.62259
1399.08888,1.62665
1397.04940,1.62930
1395.00991,1.62635
1392.97042,1.62011
1390.93093,1.61678
1388.89144,1.61779
1386.85195,1.62017
1384.81247,1.62272
1382.77298,1.62549
1380.73349,1.62776
1378.69400,1.62906
1376.65451,1.62847
1374.61503,1.62525
1372.57554,1.61938
1370.53605,1.61168
1368.49656,1.60428
1366.45707,1.59862
1364.41758,1.59441
1362.37810,1.59086
1360.33861,1.58777
1358.29912,1.58483
1356.25963,1.58052
1354.22014,1.57522
1352.18066,1.57239
1350.14117,1.57307
1348.10168,1.57434
1346.06219,1.57415
1344.02270,1.57399
1341.98322,1.57564
1339.94373,1.57873
1337.90424,1.58121
1335.86475,1.58063
1333.82526,1.57736
1331.78577,1.57465
1329.74629,1.57455
1327.70680,1.57579
1325.66731,1.57691
1323.62782,1.57817
1321.58833,1.57774
1319.54885,1.57343
1317.50936,1.56823
1315.46987,1.56349
1313.43038,1.55506
1311.39089,1.54410
1309.35140,1.53515
1307.31192,1.52738
1305.27243,1.52018
1303.23294,1.51467
1301.19345,1.50969
1299.15396,1.50562
1297.11448,1.50468
1295.07499,1.50648
1293.03550,1.50858
1290.99601,1.51020
1288.95652,1.51277
1286.91703,1.51691
1284.87755,1.52128
1282.83806,1.52436
1280.79857,1.52591
1278.75908,1.52689
1276.71959,1.52826
1274.68011,1.53047
1272.64062,1.53455
1270.60113,1.53765
1268.56164,1.53626
1266.52215,1.53629
1264.48266,1.54132
1262.44318,1.54646
1260.40369,1.54887
1258.36420,1.54909
1256.32471,1.54974
1254.28522,1.55387
1252.24574,1.55983
1250.20625,1.56183
1248.16676,1.55844
1246.12727,1.55311
1244.08778,1.54803
1242.04829,1.54498
1240.00881,1.54395
1237.96932,1.54110
1235.92983,1.53578
1233.89034,1.53000
1231.85085,1.52351
1229.81137,1.51791
1227.77188,1.51365
1225.73239,1.50685
1223.69290,1.49627
1221.65341,1.48504
1219.61392,1.47677
1217.57444,1.47330
1215.53495,1.47372
1213.49546,1.47376
1211.45597,1.47041
1209.41648,1.46769
1207.37700,1.46845
1205.33751,1.46979
1203.29802,1.47053
1201.25853,1.46867
1199.21904,1.46325
1197.17956,1.45823
1195.14007,1.45594
1193.10058,1.45661
1191.06109,1.46021
1189.02160,1.46697
1186.98211,1.47727
1184.94263,1.48914
1182.90314,1.49985
1180.86365,1.51115
1178.82416,1.52745
1176.78467,1.54648
1174.74519,1.56462
1172.70570,1.58116
1170.66621,1.59362
1168.62672,1.60117
1166.58723,1.60554
1164.54774,1.60888
1162.50826,1.61297
1160.46877,1.61862
1158.42928,1.62528
1156.38979,1.63225
1154.35030,1.63722
1152.31082,1.63627
1150.27133,1.62993
1148.23184,1.62534
1146.19235,1.62737
1144.15286,1.63521
1142.11337,1.64415
1140.07389,1.64807
1138.03440,1.65023
1135.99491,1.65478
1133.95542,1.66178
1131.91593,1.67211
1129.87645,1.67989
1127.83696,1.68320
1125.79747,1.69031
1123.75798,1.70243
1121.71849,1.71077
1119.67900,1.71305
1117.63952,1.71628
1115.60003,1.71925
1113.56054,1.71784
1111.52105,1.71846
1109.48156,1.72256
1107.44208,1.72244
1105.40259,1.72340
1103.36310,1.72969
1101.32361,1.73037
1099.28412,1.72573
1097.24463,1.71934
1095.20515,1.71119
1093.16566,1.71058
1091.12617,1.71866
1089.08668,1.72413
1087.04719,1.72618
1085.00771,1.72564
1082.96822,1.71897
1080.92873,1.71155
1078.88924,1.70901
1076.84975,1.71205
1074.81027,1.71762
1072.77078,1.71541
1070.73129,1.70556
1068.69180,1.69763
1066.65231,1.68890
1064.61282,1.68315
1062.57334,1.68497
1060.53385,1.68242
1058.49436,1.67531
1056.45487,1.67049
1054.41538,1.66082
1052.37590,1.64839
1050.33641,1.64227
1048.29692,1.63850
1046.25743,1.63014
1044.21794,1.61966
1042.17845,1.61358
1040.13897,1.61318
1038.09948,1.61147
1036.05999,1.60101
1034.02050,1.58653
1031.98101,1.57585
1029.94153,1.56901
1027.90204,1.56448
1025.86255,1.55964
1023.82306,1.55360
1021.78357,1.54453
1019.74408,1.53009
1017.70460,1.51583
1015.66511,1.50636
1013.62562,1.49951
1011.58613,1.49021
1009.54664,1.47865
1007.50716,1.46890
1005.46767,1.45928
1003.42818,1.44680
1001.38869,1.43205
999.34920,1.41830
997.30971,1.40970
995.27023,1.40601
993.23074,1.40149
991.19125,1.39266
989.15176,1.38089
987.11227,1.36872
985.07279,1.35651
983.03330,1.34312
980.99381,1.33030
978.95432,1.31899
976.91483,1.30891
974.87534,1.30161
972.83586,1.29688
970.79637,1.29402
968.75688,1.29204
966.71739,1.28798
964.67790,1.28074
962.63842,1.27191
960.59893,1.26447
958.55944,1.25897
956.51995,1.25170
954.48046,1.24110
952.44097,1.22939
950.40149,1.21798
948.36200,1.20602
946.32251,1.19333
944.28302,1.18300
942.24353,1.17653
940.20405,1.17352
938.16456,1.17370
936.12507,1.17412
934.08558,1.17302
932.04609,1.17179
930.00661,1.17194
927.96712,1.17436
925.92763,1.17809
923.88814,1.18199
921.84865,1.18641
919.80916,1.18982
917.76968,1.19043
915.73019,1.19008
913.69070,1.19111
911.65121,1.19313
909.61172,1.19613
907.57224,1.20199
905.53275,1.20969
903.49326,1.21669
901.45377,1.22260
899.41428,1.22795
897.37479,1.23272
895.33531,1.23519
893.29582,1.23451
891.25633,1.23198
889.21684,1.22933
887.17735,1.22631
885.13787,1.22317
883.09838,1.22080
881.05889,1.21655
879.01940,1.21149
876.97991,1.20957
874.94042,1.21043
872.90094,1.21282
870.86145,1.21482
868.82196,1.21423
866.78247,1.21245
864.74298,1.21151
862.70350,1.21298
860.66401,1.21799
858.62452,1.22269
856.58503,1.22548
854.54554,1.23100
852.50605,1.23905
850.46657,1.24444
848.42708,1.24559
846.38759,1.24772
844.34810,1.25528
842.30861,1.26643
840.26913,1.27920
838.22964,1.29178
836.19015,1.30107
834.15066,1.30684
832.11117,1.30970
830.07168,1.31190
828.03220,1.31926
825.99271,1.33029
823.95322,1.33572
821.91373,1.33341
819.87424,1.33034
817.83476,1.33013
815.79527,1.33062
813.75578,1.33036
811.71629,1.33121
809.67680,1.33473
807.63731,1.33751
805.59783,1.33964
803.55834,1.34543
801.51885,1.35100
799.47936,1.35086
797.43987,1.35008
795.40039,1.35450
793.36090,1.36017
791.32141,1.36551
789.28192,1.37585
787.24243,1.38756
785.20295,1.39188
783.16346,1.39138
781.12397,1.39236
779.08448,1.39514
777.04499,1.39976
775.00550,1.40463
772.96602,1.40707
770.92653,1.41213
768.88704,1.41971
766.84755,1.42213
764.80806,1.42365
762.76858,1.42773
760.72909,1.42828
758.68960,1.42543
756.65011,1.42136
754.61062,1.41757
752.57113,1.42105
750.53165,1.43129
748.49216,1.43798
746.45267,1.44000
744.41318,1.44641
742.37369,1.45490
740.33421,1.45628
738.29472,1.45338
736.25523,1.45241
734.21574,1.45732
732.17625,1.46579
730.13676,1.47312
728.09728,1.47998
726.05779,1.48498
724.01830,1.49040
721.97881,1.49824
719.93932,1.50425
717.89984,1.50606
715.86035,1.50870
713.82086,1.51502
711.78137,1.51718
709.74188,1.51054
707.70239,1.50405
705.66291,1.50475
703.62342,1.51013
701.58393,1.51765
699.54444,1.52535
697.50495,1.52959
695.46547,1.52866
693.42598,1.52449
691.38649,1.52113
689.34700,1.52168
687.30751,1.52422
685.26802,1.52537
683.22854,1.52936
681.18905,1.53403
679.14956,1.52921
677.11007,1.52246
675.07058,1.52859
673.03110,1.54465
670.99161,1.56302
668.95212,1.58220
666.91263,1.59058
664.87314,1.58143
662.83365,1.56426
660.79417,1.54809
658.75468,1.54395
656.71519,1.55381
654.67570,1.56686
652.63621,1.56989
650.59673,1.55920
648.55724,1.54299
646.51775,1.53047
644.47826,1.53180
642.43877,1.54917
640.39929,1.56330
638.35980,1.56126
636.32031,1.55056
634.28082,1.52952
632.24133,1.50498
630.20184,1.51193
628.16236,1.56018
626.12287,1.60968
624.08338,1.60740
622.04389,1.57073
620.00440,1.55046
617.96492,1.54464
615.92543,1.53674
613.88594,1.55363
611.84645,1.58177
609.80696,1.56582
607.76747,1.53507
605.72799,1.54094
603.68850,1.55892
601.64901,1.54989
599.60952,1.54366
597.57003,1.56174
595.53055,1.57247
593.49106,1.55899
591.45157,1.54275
589.41208,1.51983
587.37259,1.49576
585.33310,1.49910
583.29362,1.52405
581.25413,1.51511
579.21464,1.45479
577.17515,1.41724
575.13566,1.45479
573.09618,1.51226
571.05669,1.51276
569.01720,1.52514
566.97771,1.55133
564.93822,1.53403
562.89873,1.50159
560.85925,1.50131
558.81976,1.54590
556.78027,1.59896
554.74078,1.61157
552.70129,1.61692
550.66181,1.64822
548.62232,1.63496
546.58283,1.54870
544.54334,1.48611
542.50385,1.46305
540.46436,1.47916
538.42488,1.50879
536.38539,1.49564
534.34590,1.45976
532.30641,1.44731
530.26692,1.48958
528.22744,1.56230
526.18795,1.56859
524.14846,1.52903
522.10897,1.56557
520.06948,1.52372
518.02999,1.41093
515.99051,1.30671
513.95102,1.30883
511.91153,1.50157
509.87204,1.73595
507.83255,1.61063
505.79307,1.50381
503.75358,1.59154
501.71409,1.28710
499.67460,1.07506
