3997.39681,0.29390
3995.35732,0.29437
3993.31783,0.29441
3991.27835,0.29389
3989.23886,0.29311
3987.19937,0.29264
3985.15988,0.29274
3983.12039,0.29315
3981.08091,0.29340
3979.04142,0.29302
3977.00193,0.29217
3974.96244,0.29143
3972.92295,0.29099
3970.88346,0.29060
3968.84398,0.29024
3966.80449,0.29006
3964.76500,0.28984
3962.72551,0.28946
3960.68602,0.28912
3958.64654,0.28869
3956.60705,0.28818
3954.56756,0.28782
3952.52807,0.28756
3950.48858,0.28732
3948.44909,0.28704
3946.40961,0.28660
3944.37012,0.28568
3942.33063,0.28438
3940.29114,0.28332
3938.25165,0.28271
3936.21217,0.28248
3934.17268,0.28234
3932.13319,0.28192
3930.09370,0.28120
3928.05421,0.28023
3926.01473,0.27886
3923.97524,0.27757
3921.93575,0.27688
3919.89626,0.27634
3917.85677,0.27533
3915.81728,0.27403
3913.77780,0.27303
3911.73831,0.27247
3909.69882,0.27250
3907.65933,0.27288
3905.61984,0.27272
3903.58036,0.27167
3901.54087,0.26993
3899.50138,0.26815
3897.46189,0.26774
3895.42240,0.26833
3893.38291,0.26811
3891.34343,0.26714
3889.30394,0.26663
3887.26445,0.26608
3885.22496,0.26545
3883.18547,0.26482
3881.14599,0.26324
3879.10650,0.26218
3877.06701,0.26238
3875.02752,0.26277
3872.98803,0.26276
3870.94854,0.26158
3868.90906,0.26045
3866.86957,0.26025
3864.83008,0.25998
3862.79059,0.25980
3860.75110,0.26001
3858.71162,0.26052
3856.67213,0.25999
3854.63264,0.25729
3852.59315,0.25508
3850.55366,0.25551
3848.51417,0.25666
3846.47469,0.25756
3844.43520,0.25847
3842.39571,0.25928
3840.35622,0.25898
3838.31673,0.25763
3836.27725,0.25676
3834.23776,0.25615
3832.19827,0.25557
3830.15878,0.25589
3828.11929,0.25681
3826.07980,0.25799
3824.04032,0.25853
3822.00083,0.25773
3819.96134,0.25777
3817.92185,0.25810
3815.88236,0.25739
3813.84288,0.25750
3811.80339,0.25837
3809.76390,0.25892
3807.72441,0.25935
3805.68492,0.26042
3803.64543,0.26043
3801.60595,0.25933
3799.56646,0.26028
3797.52697,0.26183
3795.48748,0.26247
3793.44799,0.26325
3791.40851,0.26427
3789.36902,0.26522
3787.32953,0.26602
3785.29004,0.26691
3783.25055,0.26809
3781.21107,0.26885
3779.17158,0.26930
3777.13209,0.27044
3775.09260,0.27189
3773.05311,0.27291
3771.01362,0.27343
3768.97414,0.27427
3766.93465,0.27561
3764.89516,0.27735
3762.85567,0.27939
3760.81618,0.28099
3758.77670,0.28272
3756.73721,0.28521
3754.69772,0.28716
3752.65823,0.28781
3750.61874,0.28896
3748.57925,0.29169
3746.53977,0.29301
3744.50028,0.29354
3742.46079,0.29691
3740.42130,0.30130
3738.38181,0.30465
3736.34233,0.30724
3734.30284,0.30957
3732.26335,0.31233
3730.22386,0.31575
3728.18437,0.31896
3726.14488,0.32199
3724.10540,0.32558
3722.06591,0.32999
3720.02642,0.33531
3717.98693,0.34110
3715.94744,0.34694
3713.90796,0.35266
3711.86847,0.35901
3709.82898,0.36730
3707.78949,0.37725
3705.75000,0.38786
3703.71051,0.39947
3701.67103,0.41334
3699.63154,0.42859
3697.59205,0.44264
3695.55256,0.45418
3693.51307,0.46197
3691.47359,0.46547
3689.43410,0.46681
3687.39461,0.46958
3685.35512,0.47502
3683.31563,0.48263
3681.27614,0.49212
3679.23666,0.50227
3677.19717,0.51257
3675.15768,0.52599
3673.11819,0.54203
3671.07870,0.55717
3669.03922,0.57330
3666.99973,0.58991
3664.96024,0.60468
3662.92075,0.61914
3660.88126,0.63465
3658.84177,0.65063
3656.80229,0.66746
3654.76280,0.68521
3652.72331,0.70115
3650.68382,0.71558
3648.64433,0.73112
3646.60485,0.74632
3644.56536,0.75961
3642.52587,0.77243
3640.48638,0.78661
3638.44689,0.80155
3636.40741,0.81579
3634.36792,0.83002
3632.32843,0.84475
3630.28894,0.85880
3628.24945,0.87284
3626.20996,0.88726
3624.17048,0.90080
3622.13099,0.91322
3620.09150,0.92429
3618.05201,0.93389
3616.01252,0.94288
3613.97304,0.95159
3611.93355,0.95997
3609.89406,0.96943
3607.85457,0.98059
3605.81508,0.99168
3603.77559,1.00209
3601.73611,1.01259
3599.69662,1.02266
3597.65713,1.03200
3595.61764,1.04177
3593.57815,1.05214
3591.53867,1.06161
3589.49918,1.07011
3587.45969,1.07953
3585.42020,1.08995
3583.38071,1.09889
3581.34122,1.10573
3579.30174,1.11287
3577.26225,1.12128
3575.22276,1.12940
3573.18327,1.13872
3571.14378,1.15109
3569.10430,1.16146
3567.06481,1.16566
3565.02532,1.16995
3562.98583,1.17952
3560.94634,1.18895
3558.90685,1.19385
3556.86737,1.19869
3554.82788,1.20832
3552.78839,1.22097
3550.74890,1.23269
3548.70941,1.24132
3546.66993,1.24598
3544.63044,1.24975
3542.59095,1.25707
3540.55146,1.26749
3538.51197,1.27877
3536.47248,1.28901
3534.43300,1.29546
3532.39351,1.29807
3530.35402,1.30111
3528.31453,1.30693
3526.27504,1.31376
3524.23556,1.31900
3522.19607,1.32180
3520.15658,1.32396
3518.11709,1.32833
3516.07760,1.33651
3514.03811,1.34768
3511.99863,1.35889
3509.95914,1.36639
3507.91965,1.36925
3505.88016,1.37045
3503.84067,1.37332
3501.80119,1.37658
3499.76170,1.37630
3497.72221,1.37617
3495.68272,1.38282
3493.64323,1.39353
3491.60375,1.40161
3489.56426,1.40545
3487.52477,1.40705
3485.48528,1.40848
3483.44579,1.41185
3481.40630,1.41728
3479.36682,1.41964
3477.32733,1.41736
3475.28784,1.41767
3473.24835,1.42548
3471.20886,1.43639
3469.16938,1.44592
3467.12989,1.45104
3465.09040,1.44928
3463.05091,1.44592
3461.01142,1.44732
3458.97193,1.45083
3456.93245,1.45214
3454.89296,1.45620
3452.85347,1.46436
3450.81398,1.46998
3448.77449,1.47388
3446.73501,1.47971
3444.69552,1.48498
3442.65603,1.48687
3440.61654,1.48840
3438.57705,1.49386
3436.53756,1.49887
3434.49808,1.49905
3432.45859,1.49830
3430.41910,1.49898
3428.37961,1.49792
3426.34012,1.49527
3424.30064,1.49680
3422.26115,1.50189
3420.22166,1.50570
3418.18217,1.50933
3416.14268,1.51238
3414.10319,1.50984
3412.06371,1.50565
3410.02422,1.50631
3407.98473,1.50740
3405.94524,1.50855
3403.90575,1.51719
3401.86627,1.52878
3399.82678,1.52622
3397.78729,1.51363
3395.74780,1.51091
3393.70831,1.51903
3391.66882,1.52514
3389.62934,1.52465
3387.58985,1.51879
3385.55036,1.51135
3383.51087,1.50981
3381.47138,1.51522
3379.43190,1.52303
3377.39241,1.53008
3375.35292,1.53097
3373.31343,1.52488
3371.27394,1.52250
3369.23446,1.52774
3367.19497,1.52982
3365.15548,1.52447
3363.11599,1.52341
3361.07650,1.53241
3359.03701,1.53945
3356.99753,1.53601
3354.95804,1.53002
3352.91855,1.53168
3350.87906,1.53958
3348.83957,1.54014
3346.80009,1.52894
3344.76060,1.52096
3342.72111,1.52541
3340.68162,1.53029
3338.64213,1.52444
3336.60264,1.51702
3334.56316,1.51755
3332.52367,1.52153
3330.48418,1.52406
3328.44469,1.52612
3326.40520,1.52835
3324.36572,1.52582
3322.32623,1.51812
3320.28674,1.51418
3318.24725,1.51441
3316.20776,1.51213
3314.16827,1.50826
3312.12879,1.50684
3310.08930,1.50610
3308.04981,1.50436
3306.01032,1.50569
3303.97083,1.50929
3301.93135,1.50989
3299.89186,1.51042
3297.85237,1.51217
3295.81288,1.50818
3293.77339,1.49950
3291.73390,1.49277
3289.69442,1.49011
3287.65493,1.49064
3285.61544,1.49027
3283.57595,1.48556
3281.53646,1.48010
3279.49698,1.47669
3277.45749,1.47399
3275.41800,1.47363
3273.37851,1.47461
3271.33902,1.47460
3269.29953,1.47252
3267.26005,1.46554
3265.22056,1.45599
3263.18107,1.44935
3261.14158,1.44676
3259.10209,1.44421
3257.06261,1.43952
3255.02312,1.43656
3252.98363,1.43450
3250.94414,1.43081
3248.90465,1.42857
3246.86516,1.42795
3244.82568,1.42458
3242.78619,1.41888
3240.74670,1.41606
3238.70721,1.41480
3236.66772,1.41185
3234.62824,1.40982
3232.58875,1.40905
3230.54926,1.40608
3228.50977,1.40148
3226.47028,1.39866
3224.43080,1.39633
3222.39131,1.39253
3220.35182,1.38898
3218.31233,1.38700
3216.27284,1.38548
3214.23335,1.38190
3212.19387,1.37716
3210.15438,1.37279
3208.11489,1.36894
3206.07540,1.36772
3204.03591,1.36802
3201.99643,1.36622
3199.95694,1.36138
3197.91745,1.35513
3195.87796,1.35259
3193.83847,1.35403
3191.79898,1.35277
3189.75950,1.34829
3187.72001,1.34366
3185.68052,1.33925
3183.64103,1.33622
3181.60154,1.33485
3179.56206,1.33348
3177.52257,1.32994
3175.48308,1.32363
3173.44359,1.31720
3171.40410,1.31148
3169.36461,1.30642
3167.32513,1.30370
3165.28564,1.30273
3163.24615,1.30159
3161.20666,1.29875
3159.16717,1.29423
3157.12769,1.28920
3155.08820,1.28521
3153.04871,1.28309
3151.00922,1.28027
3148.96973,1.27556
3146.93024,1.27060
3144.89076,1.26698
3142.85127,1.26592
3140.81178,1.26633
3138.77229,1.26442
3136.73280,1.25767
3134.69332,1.24963
3132.65383,1.24620
3130.61434,1.24723
3128.57485,1.24807
3126.53536,1.24638
3124.49587,1.24242
3122.45639,1.23787
3120.41690,1.23554
3118.37741,1.23465
3116.33792,1.23251
3114.29843,1.23041
3112.25895,1.22896
3110.21946,1.22617
3108.17997,1.22181
3106.14048,1.21765
3104.10099,1.21573
3102.06150,1.21560
3100.02202,1.21483
3097.98253,1.21186
3095.94304,1.20841
3093.90355,1.20671
3091.86406,1.20510
3089.82458,1.20273
3087.78509,1.20134
3085.74560,1.20083
3083.70611,1.20033
3081.66662,1.19955
3079.62714,1.19713
3077.58765,1.19288
3075.54816,1.18937
3073.50867,1.18714
3071.46918,1.18480
3069.42969,1.18345
3067.39021,1.18267
3065.35072,1.18038
3063.31123,1.17738
3061.27174,1.17498
3059.23225,1.17343
3057.19277,1.17149
3055.15328,1.16895
3053.11379,1.16696
3051.07430,1.16404
3049.03481,1.15945
3046.99532,1.15514
3044.95584,1.15219
3042.91635,1.14982
3040.87686,1.14625
3038.83737,1.14206
3036.79788,1.14000
3034.75840,1.13999
3032.71891,1.13875
3030.67942,1.13462
3028.63993,1.12996
3026.60044,1.12740
3024.56095,1.12572
3022.52147,1.12321
3020.48198,1.12123
3018.44249,1.12131
3016.40300,1.12222
3014.36351,1.12187
3012.32403,1.12007
3010.28454,1.11840
3008.24505,1.11783
3006.20556,1.11780
3004.16607,1.11760
3002.12658,1.11757
3000.08710,1.11825
2998.04761,1.11925
2996.00812,1.12122
2993.96863,1.12506
2991.92914,1.12887
2989.88966,1.13215
2987.85017,1.13683
2985.81068,1.14293
2983.77119,1.14936
2981.73170,1.15645
2979.69221,1.16384
2977.65273,1.17148
2975.61324,1.18105
2973.57375,1.19198
2971.53426,1.20202
2969.49477,1.21088
2967.45529,1.21886
2965.41580,1.22619
2963.37631,1.23274
2961.33682,1.23896
2959.29733,1.24464
2957.25784,1.24783
2955.21836,1.24942
2953.17887,1.25108
2951.13938,1.25220
2949.09989,1.25386
2947.06040,1.25876
2945.02092,1.26634
2942.98143,1.27419
2940.94194,1.28233
2938.90245,1.28998
2936.86296,1.29594
2934.82348,1.30224
2932.78399,1.30945
2930.74450,1.31660
2928.70501,1.32248
2926.66552,1.32454
2924.62603,1.32518
2922.58655,1.32677
2920.54706,1.32493
2918.50757,1.31647
2916.46808,1.30178
2914.42859,1.28395
2912.38911,1.26758
2910.34962,1.25499
2908.31013,1.24554
2906.27064,1.23668
2904.23115,1.22796
2902.19166,1.22105
2900.15218,1.21602
2898.11269,1.21125
2896.07320,1.20458
2894.03371,1.19661
2891.99422,1.19001
2889.95474,1.18528
2887.91525,1.18125
2885.87576,1.17690
2883.83627,1.17158
2881.79678,1.16572
2879.75729,1.16180
2877.71781,1.16101
2875.67832,1.16130
2873.63883,1.16036
2871.59934,1.15678
2869.55985,1.15182
2867.52037,1.14803
2865.48088,1.14598
2863.44139,1.14539
2861.40190,1.14588
2859.36241,1.14828
2857.32292,1.15356
2855.28344,1.16084
2853.24395,1.16961
2851.20446,1.17401
2849.16497,1.16368
2847.12548,1.13844
2845.08600,1.10775
2843.04651,1.08060
2841.00702,1.06044
2838.96753,1.04535
2836.92804,1.03282
2834.88855,1.02148
2832.84907,1.01121
2830.80958,1.00314
2828.77009,0.99702
2826.73060,0.99153
2824.69111,0.98599
2822.65163,0.98007
2820.61214,0.97458
2818.57265,0.97013
2816.53316,0.96573
2814.49367,0.96140
2812.45418,0.95754
2810.41470,0.95345
2808.37521,0.94904
2806.33572,0.94546
2804.29623,0.94293
2802.25674,0.93995
2800.21726,0.93674
2798.17777,0.93430
2796.13828,0.93195
2794.09879,0.92986
2792.05930,0.92765
2790.01982,0.92402
2787.98033,0.91945
2785.94084,0.91543
2783.90135,0.91322
2781.86186,0.91265
2779.82237,0.91226
2777.78289,0.91079
2775.74340,0.90813
2773.70391,0.90538
2771.66442,0.90327
2769.62493,0.90143
2767.58545,0.89995
2765.54596,0.89838
2763.50647,0.89606
2761.46698,0.89391
2759.42749,0.89251
2757.38800,0.89166
2755.34852,0.89083
2753.30903,0.88908
2751.26954,0.88675
2749.23005,0.88506
2747.19056,0.88370
2745.15108,0.88173
2743.11159,0.87977
2741.07210,0.87848
2739.03261,0.87773
2736.99312,0.87691
2734.95363,0.87533
2732.91415,0.87335
2730.87466,0.87225
2728.83517,0.87222
2726.79568,0.87164
2724.75619,0.86949
2722.71671,0.86646
2720.67722,0.86350
2718.63773,0.86118
2716.59824,0.85937
2714.55875,0.85734
2712.51926,0.85542
2710.47978,0.85433
2708.44029,0.85287
2706.40080,0.85005
2704.36131,0.84677
2702.32182,0.84434
2700.28234,0.84339
2698.24285,0.84290
2696.20336,0.84118
2694.16387,0.83857
2692.12438,0.83619
2690.08489,0.83368
2688.04541,0.83128
2686.00592,0.82968
2683.96643,0.82815
2681.92694,0.82622
2679.88745,0.82412
2677.84797,0.82212
2675.80848,0.82045
2673.76899,0.81866
2671.72950,0.81630
2669.69001,0.81372
2667.65052,0.81127
2665.61104,0.80918
2663.57155,0.80765
2661.53206,0.80627
2659.49257,0.80447
2657.45308,0.80236
2655.41360,0.80025
2653.37411,0.79808
2651.33462,0.79586
2649.29513,0.79319
2647.25564,0.79029
2645.21616,0.78853
2643.17667,0.78738
2641.13718,0.78556
2639.09769,0.78334
2637.05820,0.78136
2635.01871,0.77973
2632.97923,0.77786
2630.93974,0.77549
2628.90025,0.77299
2626.86076,0.77035
2624.82127,0.76795
2622.78179,0.76621
2620.74230,0.76434
2618.70281,0.76262
2616.66332,0.76178
2614.62383,0.76041
2612.58434,0.75775
2610.54486,0.75521
2608.50537,0.75345
2606.46588,0.75175
2604.42639,0.74981
2602.38690,0.74768
2600.34742,0.74545
2598.30793,0.74359
2596.26844,0.74228
2594.22895,0.74088
2592.18946,0.73918
2590.14997,0.73753
2588.11049,0.73591
2586.07100,0.73441
2584.03151,0.73328
2581.99202,0.73200
2579.95253,0.72990
2577.91305,0.72734
2575.87356,0.72553
2573.83407,0.72456
2571.79458,0.72348
2569.75509,0.72196
2567.71560,0.72017
2565.67612,0.71840
2563.63663,0.71685
2561.59714,0.71531
2559.55765,0.71379
2557.51816,0.71232
2555.47868,0.71081
2553.43919,0.70944
2551.39970,0.70785
2549.36021,0.70573
2547.32072,0.70413
2545.28123,0.70309
2543.24175,0.70159
2541.20226,0.69984
2539.16277,0.69833
2537.12328,0.69662
2535.08379,0.69477
2533.04431,0.69358
2531.00482,0.69283
2528.96533,0.69199
2526.92584,0.69082
2524.88635,0.68890
2522.84686,0.68671
2520.80738,0.68505
2518.76789,0.68360
2516.72840,0.68198
2514.68891,0.68033
2512.64942,0.67848
2510.60994,0.67644
2508.57045,0.67451
2506.53096,0.67308
2504.49147,0.67219
2502.45198,0.67130
2500.41250,0.66990
2498.37301,0.66801
2496.33352,0.66621
2494.29403,0.66449
2492.25454,0.66250
2490.21505,0.66043
2488.17557,0.65836
2486.13608,0.65659
2484.09659,0.65528
2482.05710,0.65396
2480.01761,0.65276
2477.97813,0.65147
2475.93864,0.64963
2473.89915,0.64739
2471.85966,0.64507
2469.82017,0.64308
2467.78068,0.64164
2465.74120,0.64050
2463.70171,0.63922
2461.66222,0.63750
2459.62273,0.63589
2457.58324,0.63485
2455.54376,0.63343
2453.50427,0.63126
2451.46478,0.62951
2449.42529,0.62840
2447.38580,0.62706
2445.34631,0.62541
2443.30683,0.62404
2441.26734,0.62291
2439.22785,0.62148
2437.18836,0.61990
2435.14887,0.61842
2433.10939,0.61697
2431.06990,0.61566
2429.03041,0.61424
2426.99092,0.61259
2424.95143,0.61127
2422.91194,0.61019
2420.87246,0.60889
2418.83297,0.60718
2416.79348,0.60515
2414.75399,0.60335
2412.71450,0.60226
2410.67502,0.60170
2408.63553,0.60104
2406.59604,0.59993
2404.55655,0.59853
2402.51706,0.59705
2400.47757,0.59542
2398.43809,0.59394
2396.39860,0.59296
2394.35911,0.59227
2392.31962,0.59148
2390.28013,0.59057
2388.24065,0.58981
2386.20116,0.58947
2384.16167,0.58933
2382.12218,0.58888
2380.08269,0.58818
2378.04320,0.58780
2376.00372,0.58769
2373.96423,0.58757
2371.92474,0.58762
2369.88525,0.58803
2367.84576,0.58826
2365.80628,0.58756
2363.76679,0.58594
2361.72730,0.58414
2359.68781,0.58252
2357.64832,0.58058
2355.60884,0.57858
2353.56935,0.57798
2351.52986,0.57910
2349.49037,0.58012
2347.45088,0.57951
2345.41139,0.57761
2343.37191,0.57568
2341.33242,0.57447
2339.29293,0.57352
2337.25344,0.57216
2335.21395,0.57073
2333.17447,0.56995
2331.13498,0.56960
2329.09549,0.56894
2327.05600,0.56793
2325.01651,0.56672
2322.97702,0.56526
2320.93754,0.56386
2318.89805,0.56277
2316.85856,0.56180
2314.81907,0.56077
2312.77958,0.55992
2310.74010,0.55921
2308.70061,0.55835
2306.66112,0.55749
2304.62163,0.55671
2302.58214,0.55552
2300.54265,0.55394
2298.50317,0.55283
2296.46368,0.55263
2294.42419,0.55280
2292.38470,0.55261
2290.34521,0.55176
2288.30573,0.55043
2286.26624,0.54916
2284.22675,0.54827
2282.18726,0.54760
2280.14777,0.54697
2278.10828,0.54636
2276.06880,0.54586
2274.02931,0.54571
2271.98982,0.54575
2269.95033,0.54560
2267.91084,0.54534
2265.87136,0.54518
2263.83187,0.54522
2261.79238,0.54512
2259.75289,0.54429
2257.71340,0.54321
2255.67391,0.54289
2253.63443,0.54315
2251.59494,0.54319
2249.55545,0.54305
2247.51596,0.54330
2245.47647,0.54351
2243.43699,0.54343
2241.39750,0.54315
2239.35801,0.54292
2237.31852,0.54310
2235.27903,0.54350
2233.23954,0.54363
2231.20006,0.54360
2229.16057,0.54367
2227.12108,0.54367
2225.08159,0.54342
2223.04210,0.54315
2221.00262,0.54327
2218.96313,0.54346
2216.92364,0.54337
2214.88415,0.54344
2212.84466,0.54377
2210.80518,0.54378
2208.76569,0.54335
2206.72620,0.54292
2204.68671,0.54278
2202.64722,0.54302
2200.60773,0.54357
2198.56825,0.54403
2196.52876,0.54430
2194.48927,0.54462
2192.44978,0.54491
2190.41029,0.54507
2188.37081,0.54530
2186.33132,0.54567
2184.29183,0.54616
2182.25234,0.54668
2180.21285,0.54740
2178.17336,0.54820
2176.13388,0.54861
2174.09439,0.54880
2172.05490,0.54910
2170.01541,0.54946
2167.97592,0.54983
2165.93644,0.55029
2163.89695,0.55076
2161.85746,0.55113
2159.81797,0.55139
2157.77848,0.55164
2155.73899,0.55219
2153.69951,0.55285
2151.66002,0.55316
2149.62053,0.55314
2147.58104,0.55284
2145.54155,0.55240
2143.50207,0.55223
2141.46258,0.55221
2139.42309,0.55212
2137.38360,0.55213
2135.34411,0.55229
2133.30462,0.55250
2131.26514,0.55259
2129.22565,0.55237
2127.18616,0.55178
2125.14667,0.55117
2123.10718,0.55100
2121.06770,0.55108
2119.02821,0.55103
2116.98872,0.55074
2114.94923,0.55041
2112.90974,0.55010
2110.87025,0.54939
2108.83077,0.54845
2106.79128,0.54791
2104.75179,0.54780
2102.71230,0.54766
2100.67281,0.54719
2098.63333,0.54652
2096.59384,0.54577
2094.55435,0.54502
2092.51486,0.54451
2090.47537,0.54427
2088.43588,0.54394
2086.39640,0.54349
2084.35691,0.54305
2082.31742,0.54266
2080.27793,0.54250
2078.23844,0.54243
2076.19896,0.54206
2074.15947,0.54170
2072.11998,0.54158
2070.08049,0.54139
2068.04100,0.54106
2066.00152,0.54078
2063.96203,0.54060
2061.92254,0.54038
2059.88305,0.54004
2057.84356,0.53969
2055.80407,0.53930
2053.76459,0.53870
2051.72510,0.53808
2049.68561,0.53787
2047.64612,0.53799
2045.60663,0.53794
2043.56715,0.53738
2041.52766,0.53652
2039.48817,0.53601
2037.44868,0.53583
2035.40919,0.53550
2033.36970,0.53497
2031.33022,0.53441
2029.29073,0.53387
2027.25124,0.53315
2025.21175,0.53208
2023.17226,0.53094
2021.13278,0.53018
2019.09329,0.52979
2017.05380,0.52934
2015.01431,0.52850
2012.97482,0.52754
2010.93533,0.52686
2008.89585,0.52637
2006.85636,0.52608
2004.81687,0.52600
2002.77738,0.52582
2000.73789,0.52533
1998.69841,0.52451
1996.65892,0.52394
1994.61943,0.52397
1992.57994,0.52412
1990.54045,0.52396
1988.50096,0.52349
1986.46148,0.52308
1984.42199,0.52296
1982.38250,0.52286
1980.34301,0.52262
1978.30352,0.52234
1976.26404,0.52217
1974.22455,0.52218
1972.18506,0.52256
1970.14557,0.52313
1968.10608,0.52341
1966.06659,0.52320
1964.02711,0.52251
1961.98762,0.52188
1959.94813,0.52190
1957.90864,0.52223
1955.86915,0.52226
1953.82967,0.52216
1951.79018,0.52228
1949.75069,0.52242
1947.71120,0.52241
1945.67171,0.52256
1943.63222,0.52264
1941.59274,0.52253
1939.55325,0.52257
1937.51376,0.52269
1935.47427,0.52289
1933.43478,0.52329
1931.39530,0.52382
1929.35581,0.52412
1927.31632,0.52435
1925.27683,0.52496
1923.23734,0.52602
1921.19786,0.52722
1919.15837,0.52784
1917.11888,0.52799
1915.07939,0.52828
1913.03990,0.52896
1911.00041,0.53014
1908.96093,0.53127
1906.92144,0.53187
1904.88195,0.53222
1902.84246,0.53280
1900.80297,0.53377
1898.76349,0.53505
1896.72400,0.53630
1894.68451,0.53737
1892.64502,0.53858
1890.60553,0.53973
1888.56604,0.54063
1886.52656,0.54143
1884.48707,0.54205
1882.44758,0.54256
1880.40809,0.54328
1878.36860,0.54421
1876.32912,0.54522
1874.28963,0.54669
1872.25014,0.54898
1870.21065,0.55133
1868.17116,0.55261
1866.13167,0.55263
1864.09219,0.55238
1862.05270,0.55288
1860.01321,0.55418
1857.97372,0.55556
1855.93423,0.55656
1853.89475,0.55749
1851.85526,0.55891
1849.81577,0.56114
1847.77628,0.56403
1845.73679,0.56675
1843.69730,0.56868
1841.65782,0.57002
1839.61833,0.57114
1837.57884,0.57302
1835.53935,0.57606
1833.49986,0.57965
1831.46038,0.58338
1829.42089,0.58733
1827.38140,0.59095
1825.34191,0.59404
1823.30242,0.59728
1821.26293,0.60058
1819.22345,0.60402
1817.18396,0.60804
1815.14447,0.61285
1813.10498,0.61842
1811.06549,0.62436
1809.02601,0.63004
1806.98652,0.63540
1804.94703,0.64114
1802.90754,0.64775
1800.86805,0.65503
1798.82856,0.66265
1796.78908,0.67082
1794.74959,0.67960
1792.71010,0.68904
1790.67061,0.69889
1788.63112,0.70804
1786.59164,0.71718
1784.55215,0.72822
1782.51266,0.74081
1780.47317,0.75357
1778.43368,0.76659
1776.39420,0.78089
1774.35471,0.79788
1772.31522,0.81813
1770.27573,0.83943
1768.23624,0.86032
1766.19675,0.88222
1764.15727,0.90585
1762.11778,0.93341
1760.07829,0.96455
1758.03880,0.99545
1755.99931,1.02546
1753.95983,1.05441
1751.92034,1.08527
1749.88085,1.12014
1747.84136,1.15305
1745.80187,1.18027
1743.76238,1.20484
1741.72290,1.22940
1739.68341,1.25345
1737.64392,1.27265
1735.60443,1.28385
1733.56494,1.28942
1731.52546,1.29101
1729.48597,1.28780
1727.44648,1.28245
1725.40699,1.27869
1723.36750,1.27780
1721.32801,1.27965
1719.28853,1.28295
1717.24904,1.28552
1715.20955,1.28498
1713.17006,1.28413
1711.13057,1.28804
1709.09109,1.29719
1707.05160,1.30896
1705.01211,1.32170
1702.97262,1.33608
1700.93313,1.35774
1698.89364,1.38841
1696.85416,1.41524
1694.81467,1.43328
1692.77518,1.44782
1690.73569,1.46485
1688.69620,1.48573
1686.65672,1.50688
1684.61723,1.53018
1682.57774,1.55577
1680.53825,1.57445
1678.49876,1.58628
1676.45927,1.59858
1674.41979,1.61417
1672.38030,1.62963
1670.34081,1.64360
1668.30132,1.65491
1666.26183,1.66122
1664.22235,1.66516
1662.18286,1.66824
1660.14337,1.66993
1658.10388,1.67112
1656.06439,1.67128
1654.02490,1.67021
1651.98542,1.67314
1649.94593,1.67768
1647.90644,1.67265
1645.86695,1.66017
1643.82746,1.65308
1641.78798,1.65373
1639.74849,1.65663
1637.70900,1.65653
1635.66951,1.65206
1633.63002,1.64575
1631.59054,1.63823
1629.55105,1.63095
1627.51156,1.62824
1625.47207,1.62837
1623.43258,1.62588
1621.39309,1.62014
1619.35361,1.61114
1617.31412,1.60049
1615.27463,1.59610
1613.23514,1.59859
1611.19565,1.59926
1609.15617,1.59428
1607.11668,1.58629
1605.07719,1.57961
1603.03770,1.57496
1600.99821,1.56952
1598.95872,1.56175
1596.91924,1.55300
1594.87975,1.54512
1592.84026,1.53782
1590.80077,1.52992
1588.76128,1.52145
1586.72180,1.51247
1584.68231,1.50194
1582.64282,1.48939
1580.60333,1.47726
1578.56384,1.46713
1576.52435,1.45861
1574.48487,1.45471
1572.44538,1.45404
1570.40589,1.45070
1568.36640,1.44458
1566.32691,1.43916
1564.28743,1.43578
1562.24794,1.43265
1560.20845,1.42780
1558.16896,1.42669
1556.12947,1.43095
1554.08998,1.43235
1552.05050,1.43108
1550.01101,1.42958
1547.97152,1.42712
1545.93203,1.42516
1543.89254,1.42693
1541.85306,1.42853
1539.81357,1.42447
1537.77408,1.42013
1535.73459,1.41642
1533.69510,1.41067
1531.65561,1.40444
1529.61613,1.39961
1527.57664,1.39712
1525.53715,1.39763
1523.49766,1.39988
1521.45817,1.40177
1519.41869,1.40109
1517.37920,1.39559
1515.33971,1.38605
1513.30022,1.37570
1511.26073,1.36529
1509.22124,1.35237
1507.18176,1.33788
1505.14227,1.32971
1503.10278,1.32557
1501.06329,1.31866
1499.02380,1.30912
1496.98432,1.29970
1494.94483,1.29266
1492.90534,1.28797
1490.86585,1.28433
1488.82636,1.28226
1486.78688,1.28346
1484.74739,1.28852
1482.70790,1.29681
1480.66841,1.30803
1478.62892,1.32249
1476.58943,1.34031
1474.54995,1.36037
1472.51046,1.38218
1470.47097,1.40488
1468.43148,1.42525
1466.39199,1.44301
1464.35251,1.45732
1462.31302,1.46645
1460.27353,1.47212
1458.23404,1.47799
1456.19455,1.48853
1454.15506,1.49877
1452.11558,1.50124
1450.07609,1.50076
1448.03660,1.50390
1445.99711,1.50957
1443.95762,1.51533
1441.91814,1.52179
1439.87865,1.52678
1437.83916,1.52760
1435.79967,1.52720
1433.76018,1.52732
1431.72069,1.52641
1429.68121,1.52596
1427.64172,1.52686
1425.60223,1.52789
1423.56274,1.53000
1421.52325,1.53121
1419.48377,1.52796
1417.44428,1.52332
1415.40479,1.52236
1413.36530,1.52430
1411.32581,1.52464
1409.28632,1.52228
1407.24684,1.52089
1405.20735,1.52238
1403.16786,1.52321
1401.12837,1.52142
1399.08888,1.52239
1397.04940,1.52782
1395.00991,1.52954
1392.97042,1.52584
1390.93093,1.52464
1388.89144,1.52820
1386.85195,1.53165
1384.81247,1.52999
1382.77298,1.52379
1380.73349,1.51720
1378.69400,1.51411
1376.65451,1.51524
1374.61503,1.51699
1372.57554,1.51543
1370.53605,1.51061
1368.49656,1.50626
1366.45707,1.50472
1364.41758,1.50290
1362.37810,1.49627
1360.33861,1.48695
1358.29912,1.48136
1356.25963,1.48062
1354.22014,1.47994
1352.18066,1.47465
1350.14117,1.46732
1348.10168,1.46641
1346.06219,1.47366
1344.02270,1.48067
1341.98322,1.48130
1339.94373,1.47589
1337.90424,1.46874
1335.86475,1.46435
1333.82526,1.46305
1331.78577,1.46534
1329.74629,1.47170
1327.70680,1.47835
1325.66731,1.47951
1323.62782,1.47305
1321.58833,1.46386
1319.54885,1.45826
1317.50936,1.45560
1315.46987,1.45178
1313.43038,1.44742
1311.39089,1.44346
1309.35140,1.43622
1307.31192,1.42598
1305.27243,1.41883
1303.23294,1.41565
1301.19345,1.41316
1299.15396,1.41178
1297.11448,1.41272
1295.07499,1.41351
1293.03550,1.41213
1290.99601,1.41185
1288.95652,1.41579
1286.91703,1.42032
1284.87755,1.42097
1282.83806,1.42073
1280.79857,1.42366
1278.75908,1.42660
1276.71959,1.42731
1274.68011,1.42993
1272.64062,1.43569
1270.60113,1.44115
1268.56164,1.44426
1266.52215,1.44415
1264.48266,1.44228
1262.44318,1.44195
1260.40369,1.44410
1258.36420,1.44861
1256.32471,1.45348
1254.28522,1.45527
1252.24574,1.45528
1250.20625,1.45564
1248.16676,1.45472
1246.12727,1.45131
1244.08778,1.44623
1242.04829,1.44169
1240.00881,1.43812
1237.96932,1.43350
1235.92983,1.42939
1233.89034,1.42817
1231.85085,1.42674
1229.81137,1.42231
1227.77188,1.41572
1225.73239,1.40594
1223.69290,1.39335
1221.65341,1.38426
1219.61392,1.37909
1217.57444,1.37133
1215.53495,1.36285
1213.49546,1.35845
1211.45597,1.35602
1209.41648,1.35486
1207.37700,1.35622
1205.33751,1.35643
1203.29802,1.35243
1201.25853,1.34705
1199.21904,1.34467
1197.17956,1.34536
1195.14007,1.34649
1193.10058,1.34619
1191.06109,1.34569
1189.02160,1.34952
1186.98211,1.35798
1184.94263,1.36812
1182.90314,1.38007
1180.86365,1.39430
1178.82416,1.41071
1176.78467,1.43105
1174.74519,1.45326
1172.70570,1.47066
1170.66621,1.48176
1168.62672,1.48954
1166.58723,1.49593
1164.54774,1.50281
1162.50826,1.51131
1160.46877,1.52109
1158.42928,1.52778
1156.38979,1.52552
1154.35030,1.52005
1152.31082,1.51925
1150.27133,1.51919
1148.23184,1.51795
1146.19235,1.51662
1144.15286,1.51541
1142.11337,1.51706
1140.07389,1.52101
1138.03440,1.52566
1135.99491,1.52955
1133.95542,1.53096
1131.91593,1.53687
1129.87645,1.55445
1127.83696,1.57242
1125.79747,1.57609
1123.75798,1.57247
1121.71849,1.57805
1119.67900,1.59231
1117.63952,1.59818
1115.60003,1.59320
1113.56054,1.59063
1111.52105,1.59474
1109.48156,1.59937
1107.44208,1.59801
1105.40259,1.59408
1103.36310,1.59235
1101.32361,1.58921
1099.28412,1.58584
1097.24463,1.58479
1095.20515,1.57942
1093.16566,1.56957
1091.12617,1.56822
1089.08668,1.57710
1087.04719,1.58300
1085.00771,1.58515
1082.96822,1.59242
1080.92873,1.59833
1078.88924,1.59660
1076.84975,1.59099
1074.81027,1.58422
1072.77078,1.58225
1070.73129,1.58894
1068.69180,1.59705
1066.65231,1.59841
1064.61282,1.59105
1062.57334,1.57753
1060.53385,1.56445
1058.49436,1.55543
1056.45487,1.54944
1054.41538,1.54644
1052.37590,1.54611
1050.33641,1.54819
1048.29692,1.54847
1046.25743,1.54166
1044.21794,1.53176
1042.17845,1.52295
1040.13897,1.51600
1038.09948,1.51109
1036.05999,1.50745
1034.02050,1.50369
1031.98101,1.49711
1029.94153,1.48878
1027.90204,1.48063
1025.86255,1.47381
1023.82306,1.46987
1021.78357,1.46413
1019.74408,1.45206
1017.70460,1.43808
1015.66511,1.42615
1013.62562,1.41817
1011.58613,1.41377
1009.54664,1.40616
1007.50716,1.39208
1005.46767,1.37577
1003.42818,1.36084
1001.38869,1.34783
999.34920,1.33780
997.30971,1.32994
995.27023,1.32173
993.23074,1.31303
991.19125,1.30212
989.15176,1.28964
987.11227,1.27718
985.07279,1.26235
983.03330,1.24783
980.99381,1.23908
978.95432,1.23309
976.91483,1.22421
974.87534,1.21433
972.83586,1.20754
970.79637,1.20462
968.75688,1.20322
966.71739,1.20123
964.67790,1.19821
962.63842,1.19413
960.59893,1.18833
958.55944,1.17716
956.51995,1.16228
954.48046,1.15113
952.44097,1.14363
950.40149,1.13457
948.36200,1.12501
946.32251,1.11782
944.28302,1.11142
942.24353,1.10533
940.20405,1.10105
938.16456,1.09911
936.12507,1.09933
934.08558,1.10040
932.04609,1.10145
930.00661,1.10365
927.96712,1.10769
925.92763,1.11293
923.88814,1.11932
921.84865,1.12471
919.80916,1.12649
917.76968,1.12665
915.73019,1.12741
913.69070,1.12989
911.65121,1.13333
909.61172,1.13397
907.57224,1.13330
905.53275,1.13479
903.49326,1.13698
901.45377,1.14040
899.41428,1.14738
897.37479,1.15429
895.33531,1.15587
893.29582,1.15284
891.25633,1.14972
889.21684,1.14808
887.17735,1.14674
885.13787,1.14469
883.09838,1.14128
881.05889,1.13902
879.01940,1.13853
876.97991,1.13621
874.94042,1.13345
872.90094,1.13339
870.86145,1.13403
868.82196,1.13331
866.78247,1.13239
864.74298,1.13310
862.70350,1.13602
860.66401,1.14087
858.62452,1.14717
856.58503,1.15274
854.54554,1.15677
852.50605,1.16198
850.46657,1.17034
848.42708,1.17959
846.38759,1.18592
844.34810,1.19238
842.30861,1.20186
840.26913,1.21178
838.22964,1.22197
836.19015,1.22975
834.15066,1.23224
832.11117,1.23296
830.07168,1.23575
828.03220,1.23998
825.99271,1.24335
823.95322,1.24722
821.91373,1.25166
819.87424,1.25171
817.83476,1.25045
815.79527,1.25841
813.75578,1.27304
811.71629,1.28146
809.67680,1.28106
807.63731,1.27911
805.59783,1.27925
803.55834,1.27917
801.51885,1.27707
799.47936,1.27581
797.43987,1.28039
795.40039,1.28873
793.36090,1.29325
791.32141,1.29327
789.28192,1.29451
787.24243,1.29968
785.20295,1.30519
783.16346,1.30776
781.12397,1.31020
779.08448,1.31500
777.04499,1.31763
775.00550,1.31606
772.96602,1.31495
770.92653,1.31771
768.88704,1.32320
766.84755,1.32569
764.80806,1.32442
762.76858,1.32504
760.72909,1.33145
758.68960,1.34073
756.65011,1.34590
754.61062,1.34794
752.57113,1.35092
750.53165,1.35479
748.49216,1.36180
746.45267,1.36792
744.41318,1.36740
742.37369,1.36912
740.33421,1.37589
738.29472,1.37857
736.25523,1.37781
734.21574,1.38037
732.17625,1.38772
730.13676,1.39558
728.09728,1.40314
726.05779,1.41266
724.01830,1.41843
721.97881,1.42000
719.93932,1.42464
717.89984,1.43216
715.86035,1.43488
713.82086,1.43427
711.78137,1.43494
709.74188,1.43363
707.70239,1.42882
705.66291,1.42822
703.62342,1.43486
701.58393,1.44106
699.54444,1.44069
697.50495,1.43459
695.46547,1.43206
693.42598,1.43993
691.38649,1.44804
689.34700,1.44618
687.30751,1.43993
685.26802,1.43808
683.22854,1.44037
681.18905,1.44181
679.14956,1.44090
677.11007,1.44114
675.07058,1.44790
673.03110,1.45739
670.99161,1.45707
668.95212,1.44687
666.91263,1.44318
664.87314,1.45070
662.83365,1.45808
660.79417,1.46093
658.75468,1.46417
656.71519,1.47396
654.67570,1.48928
652.63621,1.49967
650.59673,1.49844
648.55724,1.49295
646.51775,1.48588
644.47826,1.47006
642.43877,1.45600
640.39929,1.46447
638.35980,1.48609
636.32031,1.49288
634.28082,1.48636
632.24133,1.48170
630.20184,1.47687
628.16236,1.47187
626.12287,1.47182
624.08338,1.46812
622.04389,1.46134
620.00440,1.45221
617.96492,1.44355
615.92543,1.42853
613.88594,1.41396
611.84645,1.43370
609.80696,1.46172
607.76747,1.45757
605.72799,1.45844
603.68850,1.46834
601.64901,1.46399
599.60952,1.45308
597.57003,1.45291
595.53055,1.47611
593.49106,1.51183
591.45157,1.52054
589.41208,1.50726
587.37259,1.52313
585.33310,1.55978
583.29362,1.55105
581.25413,1.49769
579.21464,1.42102
577.17515,1.36848
575.13566,1.37718
573.09618,1.41822
571.05669,1.43844
569.01720,1.42392
566.97771,1.39536
564.93822,1.39602
562.89873,1.43871
560.85925,1.46558
558.81976,1.45721
556.78027,1.45478
554.74078,1.47229
552.70129,1.49623
550.66181,1.48781
548.62232,1.46815
546.58283,1.46953
544.54334,1.44994
542.50385,1.43720
540.46436,1.46084
538.42488,1.45614
536.38539,1.38516
534.34590,1.32408
532.30641,1.31268
530.26692,1.34454
528.22744,1.39212
526.18795,1.42915
524.14846,1.45243
522.10897,1.45378
520.06948,1.39788
518.02999,1.29562
515.99051,1.27729
513.95102,1.39282
511.91153,1.51499
509.87204,1.47879
507.83255,1.46387
505.79307,1.44633
503.75358,1.21075
501.71409,1.00527
499.67460,0.97244
