3997.39681,0.28626
3995.35732,0.28681
3993.31783,0.28693
3991.27835,0.28651
3989.23886,0.28595
3987.19937,0.28546
3985.15988,0.28518
3983.12039,0.28511
3981.08091,0.28494
3979.04142,0.28462
3977.00193,0.28423
3974.96244,0.28359
3972.92295,0.28270
3970.88346,0.28204
3968.84398,0.28178
3966.80449,0.28160
3964.76500,0.28115
3962.72551,0.28042
3960.68602,0.27953
3958.64654,0.27859
3956.60705,0.27801
3954.56756,0.27800
3952.52807,0.27789
3950.48858,0.27697
3948.44909,0.27575
3946.40961,0.27541
3944.37012,0.27586
3942.33063,0.27582
3940.29114,0.27474
3938.25165,0.27339
3936.21217,0.27247
3934.17268,0.27193
3932.13319,0.27124
3930.09370,0.27045
3928.05421,0.27000
3926.01473,0.26940
3923.97524,0.26824
3921.93575,0.26723
3919.89626,0.26658
3917.85677,0.26544
3915.81728,0.26380
3913.77780,0.26267
3911.73831,0.26233
3909.69882,0.26264
3907.65933,0.26353
3905.61984,0.26391
3903.58036,0.26243
3901.54087,0.25981
3899.50138,0.25759
3897.46189,0.25636
3895.42240,0.25626
3893.38291,0.25643
3891.34343,0.25563
3889.30394,0.25459
3887.26445,0.25413
3885.22496,0.25336
3883.18547,0.25248
3881.14599,0.25195
3879.10650,0.25142
3877.06701,0.25150
3875.02752,0.25208
3872.98803,0.25201
3870.94854,0.25081
3868.90906,0.24943
3866.86957,0.24934
3864.83008,0.24986
3862.79059,0.24960
3860.75110,0.24922
3858.71162,0.24979
3856.67213,0.25037
3854.63264,0.24849
3852.59315,0.24433
3850.55366,0.24248
3848.51417,0.24379
3846.47469,0.24579
3844.43520,0.24704
3842.39571,0.24731
3840.35622,0.24671
3838.31673,0.24548
3836.27725,0.24426
3834.23776,0.24380
3832.19827,0.24403
3830.15878,0.24463
3828.11929,0.24550
3826.07980,0.24659
3824.04032,0.24757
3822.00083,0.24782
3819.96134,0.24732
3817.92185,0.24684
3815.88236,0.24613
3813.84288,0.24575
3811.80339,0.24699
3809.76390,0.24908
3807.72441,0.25005
3805.68492,0.24970
3803.64543,0.24948
3801.60595,0.24937
3799.56646,0.24927
3797.52697,0.24972
3795.48748,0.25023
3793.44799,0.25092
3791.40851,0.25225
3789.36902,0.25391
3787.32953,0.25540
3785.29004,0.25661
3783.25055,0.25762
3781.21107,0.25863
3779.17158,0.25948
3777.13209,0.26025
3775.09260,0.26148
3773.05311,0.26308
3771.01362,0.26447
3768.97414,0.26550
3766.93465,0.26654
3764.89516,0.26797
3762.85567,0.26990
3760.81618,0.27187
3758.77670,0.27361
3756.73721,0.27565
3754.69772,0.27807
3752.65823,0.27980
3750.61874,0.28023
3748.57925,0.28059
3746.53977,0.28193
3744.50028,0.28408
3742.46079,0.28733
3740.42130,0.29145
3738.38181,0.29543
3736.34233,0.29840
3734.30284,0.30008
3732.26335,0.30196
3730.22386,0.30540
3728.18437,0.30980
3726.14488,0.31419
3724.10540,0.31845
3722.06591,0.32285
3720.02642,0.32715
3717.98693,0.33142
3715.94744,0.33620
3713.90796,0.34180
3711.86847,0.34817
3709.82898,0.35547
3707.78949,0.36388
3705.75000,0.37335
3703.71051,0.38389
3701.67103,0.39538
3699.63154,0.40723
3697.59205,0.41838
3695.55256,0.42767
3693.51307,0.43464
3691.47359,0.43990
3689.43410,0.44430
3687.39461,0.44937
3685.35512,0.45654
3683.31563,0.46524
3681.27614,0.47458
3679.23666,0.48476
3677.19717,0.49663
3675.15768,0.51048
3673.11819,0.52521
3671.07870,0.54056
3669.03922,0.55667
3666.99973,0.57223
3664.96024,0.58698
3662.92075,0.60179
3660.88126,0.61742
3658.84177,0.63421
3656.80229,0.65163
3654.76280,0.66791
3652.72331,0.68298
3650.68382,0.69966
3648.64433,0.71798
3646.60485,0.73429
3644.56536,0.74820
3642.52587,0.76186
3640.48638,0.77596
3638.44689,0.78976
3636.40741,0.80288
3634.36792,0.81612
3632.32843,0.83038
3630.28894,0.84636
3628.24945,0.86346
3626.20996,0.87890
3624.17048,0.89276
3622.13099,0.90717
3620.09150,0.92222
3618.05201,0.93583
3616.01252,0.94741
3613.97304,0.95815
3611.93355,0.96760
3609.89406,0.97666
3607.85457,0.98796
3605.81508,1.00046
3603.77559,1.01216
3601.73611,1.02372
3599.69662,1.03570
3597.65713,1.04787
3595.61764,1.05879
3593.57815,1.06727
3591.53867,1.07576
3589.49918,1.08601
3587.45969,1.09608
3585.42020,1.10551
3583.38071,1.11549
3581.34122,1.12532
3579.30174,1.13420
3577.26225,1.14247
3575.22276,1.15152
3573.18327,1.16237
3571.14378,1.17371
3569.10430,1.18386
3567.06481,1.19259
3565.02532,1.19998
3562.98583,1.20665
3560.94634,1.21455
3558.90685,1.22466
3556.86737,1.23475
3554.82788,1.24267
3552.78839,1.25005
3550.74890,1.25981
3548.70941,1.27147
3546.66993,1.28299
3544.63044,1.29461
3542.59095,1.30403
3540.55146,1.30725
3538.51197,1.30706
3536.47248,1.31035
3534.43300,1.31854
3532.39351,1.32728
3530.35402,1.33294
3528.31453,1.33743
3526.27504,1.34497
3524.23556,1.35324
3522.19607,1.35840
3520.15658,1.36059
3518.11709,1.36067
3516.07760,1.36227
3514.03811,1.37033
3511.99863,1.38463
3509.95914,1.39959
3507.91965,1.40942
3505.88016,1.41345
3503.84067,1.41512
3501.80119,1.41607
3499.76170,1.41642
3497.72221,1.41642
3495.68272,1.41983
3493.64323,1.42811
3491.60375,1.43540
3489.56426,1.43882
3487.52477,1.44253
3485.48528,1.44817
3483.44579,1.45021
3481.40630,1.45070
3479.36682,1.45683
3477.32733,1.46467
3475.28784,1.47017
3473.24835,1.47624
3471.20886,1.48314
3469.16938,1.48945
3467.12989,1.49371
3465.09040,1.49506
3463.05091,1.49542
3461.01142,1.49275
3458.97193,1.48856
3456.93245,1.49253
3454.89296,1.50225
3452.85347,1.50637
3450.81398,1.51080
3448.77449,1.52201
3446.73501,1.53067
3444.69552,1.53236
3442.65603,1.53105
3440.61654,1.52962
3438.57705,1.52741
3436.53756,1.52626
3434.49808,1.53081
3432.45859,1.53687
3430.41910,1.53926
3428.37961,1.54063
3426.34012,1.54405
3424.30064,1.55243
3422.26115,1.56218
3420.22166,1.56469
3418.18217,1.56133
3416.14268,1.55468
3414.10319,1.54401
3412.06371,1.53922
3410.02422,1.54636
3407.98473,1.55145
3405.94524,1.54847
3403.90575,1.55005
3401.86627,1.55517
3399.82678,1.55483
3397.78729,1.55796
3395.74780,1.56927
3393.70831,1.57718
3391.66882,1.57670
3389.62934,1.57079
3387.58985,1.55996
3385.55036,1.55004
3383.51087,1.55275
3381.47138,1.56705
3379.43190,1.57515
3377.39241,1.57217
3375.35292,1.57128
3373.31343,1.57457
3371.27394,1.57481
3369.23446,1.57102
3367.19497,1.56441
3365.15548,1.55639
3363.11599,1.55367
3361.07650,1.55999
3359.03701,1.56752
3356.99753,1.57238
3354.95804,1.57572
3352.91855,1.57398
3350.87906,1.56542
3348.83957,1.55649
3346.80009,1.55702
3344.76060,1.56602
3342.72111,1.57395
3340.68162,1.57639
3338.64213,1.57462
3336.60264,1.57162
3334.56316,1.56956
3332.52367,1.56890
3330.48418,1.56591
3328.44469,1.55973
3326.40520,1.55845
3324.36572,1.56412
3322.32623,1.56836
3320.28674,1.56903
3318.24725,1.56813
3316.20776,1.56364
3314.16827,1.55799
3312.12879,1.55593
3310.08930,1.55476
3308.04981,1.55485
3306.01032,1.55672
3303.97083,1.55457
3301.93135,1.55091
3299.89186,1.55024
3297.85237,1.55137
3295.81288,1.55259
3293.77339,1.55371
3291.73390,1.55321
3289.69442,1.54908
3287.65493,1.54474
3285.61544,1.54109
3283.57595,1.53664
3281.53646,1.53497
3279.49698,1.53679
3277.45749,1.53637
3275.41800,1.53172
3273.37851,1.52459
3271.33902,1.51756
3269.29953,1.51488
3267.26005,1.51546
3265.22056,1.51426
3263.18107,1.51166
3261.14158,1.51106
3259.10209,1.50868
3257.06261,1.50077
3255.02312,1.49427
3252.98363,1.49514
3250.94414,1.49681
3248.90465,1.49157
3246.86516,1.48545
3244.82568,1.48495
3242.78619,1.48510
3240.74670,1.48246
3238.70721,1.47920
3236.66772,1.47466
3234.62824,1.46805
3232.58875,1.46222
3230.54926,1.45837
3228.50977,1.45595
3226.47028,1.45550
3224.43080,1.45549
3222.39131,1.45267
3220.35182,1.44909
3218.31233,1.44834
3216.27284,1.44903
3214.23335,1.44821
3212.19387,1.44554
3210.15438,1.44182
3208.11489,1.43691
3206.07540,1.43186
3204.03591,1.42875
3201.99643,1.42708
3199.95694,1.42512
3197.91745,1.42333
3195.87796,1.42128
3193.83847,1.41631
3191.79898,1.41151
3189.75950,1.41191
3187.72001,1.41368
3185.68052,1.41142
3183.64103,1.40605
3181.60154,1.39991
3179.56206,1.39495
3177.52257,1.39280
3175.48308,1.39056
3173.44359,1.38545
3171.40410,1.38195
3169.36461,1.38302
3167.32513,1.38326
3165.28564,1.37799
3163.24615,1.36957
3161.20666,1.36126
3159.16717,1.35532
3157.12769,1.35262
3155.08820,1.35207
3153.04871,1.35332
3151.00922,1.35404
3148.96973,1.35180
3146.93024,1.34745
3144.89076,1.34363
3142.85127,1.34164
3140.81178,1.33963
3138.77229,1.33560
3136.73280,1.33072
3134.69332,1.32735
3132.65383,1.32582
3130.61434,1.32442
3128.57485,1.32101
3126.53536,1.31667
3124.49587,1.31337
3122.45639,1.31124
3120.41690,1.30988
3118.37741,1.30840
3116.33792,1.30764
3114.29843,1.30631
3112.25895,1.30262
3110.21946,1.29892
3108.17997,1.29563
3106.14048,1.29174
3104.10099,1.28917
3102.06150,1.28882
3100.02202,1.28853
3097.98253,1.28593
3095.94304,1.28219
3093.90355,1.28057
3091.86406,1.28021
3089.82458,1.27854
3087.78509,1.27577
3085.74560,1.27426
3083.70611,1.27542
3081.66662,1.27602
3079.62714,1.27322
3077.58765,1.26913
3075.54816,1.26572
3073.50867,1.26311
3071.46918,1.26139
3069.42969,1.26030
3067.39021,1.25979
3065.35072,1.25891
3063.31123,1.25655
3061.27174,1.25451
3059.23225,1.25241
3057.19277,1.24698
3055.15328,1.24071
3053.11379,1.23836
3051.07430,1.23830
3049.03481,1.23645
3046.99532,1.23308
3044.95584,1.23005
3042.91635,1.22659
3040.87686,1.22310
3038.83737,1.22075
3036.79788,1.21928
3034.75840,1.21812
3032.71891,1.21459
3030.67942,1.20852
3028.63993,1.20481
3026.60044,1.20510
3024.56095,1.20496
3022.52147,1.20124
3020.48198,1.19702
3018.44249,1.19536
3016.40300,1.19446
3014.36351,1.19323
3012.32403,1.19375
3010.28454,1.19570
3008.24505,1.19559
3006.20556,1.19282
3004.16607,1.19119
3002.12658,1.19246
3000.08710,1.19262
2998.04761,1.19097
2996.00812,1.19187
2993.96863,1.19438
2991.92914,1.19581
2989.88966,1.19749
2987.85017,1.19939
2985.81068,1.20142
2983.77119,1.20577
2981.73170,1.21248
2979.69221,1.21915
2977.65273,1.22440
2975.61324,1.22962
2973.57375,1.23562
2971.53426,1.24181
2969.49477,1.24851
2967.45529,1.25496
2965.41580,1.26010
2963.37631,1.26538
2961.33682,1.27119
2959.29733,1.27454
2957.25784,1.27570
2955.21836,1.27729
2953.17887,1.27900
2951.13938,1.28114
2949.09989,1.28507
2947.06040,1.29102
2945.02092,1.29782
2942.98143,1.30255
2940.94194,1.30343
2938.90245,1.30522
2936.86296,1.31251
2934.82348,1.32124
2932.78399,1.32768
2930.74450,1.33332
2928.70501,1.33728
2926.66552,1.33839
2924.62603,1.33885
2922.58655,1.33968
2920.54706,1.33901
2918.50757,1.33435
2916.46808,1.32332
2914.42859,1.30633
2912.38911,1.28964
2910.34962,1.27658
2908.31013,1.26378
2906.27064,1.25213
2904.23115,1.24457
2902.19166,1.24003
2900.15218,1.23680
2898.11269,1.23336
2896.07320,1.22840
2894.03371,1.22236
2891.99422,1.21686
2889.95474,1.21252
2887.91525,1.20888
2885.87576,1.20517
2883.83627,1.20087
2881.79678,1.19745
2879.75729,1.19620
2877.71781,1.19642
2875.67832,1.19668
2873.63883,1.19516
2871.59934,1.19132
2869.55985,1.18633
2867.52037,1.18097
2865.48088,1.17628
2863.44139,1.17412
2861.40190,1.17618
2859.36241,1.18241
2857.32292,1.18945
2855.28344,1.19462
2853.24395,1.19777
2851.20446,1.19682
2849.16497,1.18580
2847.12548,1.16376
2845.08600,1.13917
2843.04651,1.11859
2841.00702,1.10263
2838.96753,1.09049
2836.92804,1.08151
2834.88855,1.07428
2832.84907,1.06655
2830.80958,1.05880
2828.77009,1.05313
2826.73060,1.04871
2824.69111,1.04324
2822.65163,1.03689
2820.61214,1.03227
2818.57265,1.02997
2816.53316,1.02711
2814.49367,1.02311
2812.45418,1.01979
2810.41470,1.01704
2808.37521,1.01425
2806.33572,1.01096
2804.29623,1.00732
2802.25674,1.00472
2800.21726,1.00354
2798.17777,1.00170
2796.13828,0.99751
2794.09879,0.99340
2792.05930,0.99126
2790.01982,0.98874
2787.98033,0.98487
2785.94084,0.98203
2783.90135,0.98122
2781.86186,0.98029
2779.82237,0.97772
2777.78289,0.97497
2775.74340,0.97247
2773.70391,0.96893
2771.66442,0.96583
2769.62493,0.96418
2767.58545,0.96158
2765.54596,0.95830
2763.50647,0.95674
2761.46698,0.95662
2759.42749,0.95625
2757.38800,0.95489
2755.34852,0.95312
2753.30903,0.95192
2751.26954,0.95137
2749.23005,0.95029
2747.19056,0.94803
2745.15108,0.94612
2743.11159,0.94508
2741.07210,0.94351
2739.03261,0.94094
2736.99312,0.93802
2734.95363,0.93603
2732.91415,0.93539
2730.87466,0.93489
2728.83517,0.93338
2726.79568,0.93063
2724.75619,0.92738
2722.71671,0.92450
2720.67722,0.92228
2718.63773,0.92074
2716.59824,0.91966
2714.55875,0.91817
2712.51926,0.91546
2710.47978,0.91211
2708.44029,0.90921
2706.40080,0.90740
2704.36131,0.90640
2702.32182,0.90463
2700.28234,0.90192
2698.24285,0.89904
2696.20336,0.89682
2694.16387,0.89589
2692.12438,0.89454
2690.08489,0.89172
2688.04541,0.88898
2686.00592,0.88674
2683.96643,0.88397
2681.92694,0.88097
2679.88745,0.87895
2677.84797,0.87792
2675.80848,0.87686
2673.76899,0.87477
2671.72950,0.87123
2669.69001,0.86776
2667.65052,0.86565
2665.61104,0.86371
2663.57155,0.86097
2661.53206,0.85791
2659.49257,0.85511
2657.45308,0.85245
2655.41360,0.85003
2653.37411,0.84788
2651.33462,0.84558
2649.29513,0.84334
2647.25564,0.84113
2645.21616,0.83876
2643.17667,0.83635
2641.13718,0.83366
2639.09769,0.83105
2637.05820,0.82877
2635.01871,0.82609
2632.97923,0.82298
2630.93974,0.82047
2628.90025,0.81904
2626.86076,0.81783
2624.82127,0.81614
2622.78179,0.81392
2620.74230,0.81125
2618.70281,0.80883
2616.66332,0.80681
2614.62383,0.80484
2612.58434,0.80284
2610.54486,0.80068
2608.50537,0.79821
2606.46588,0.79600
2604.42639,0.79458
2602.38690,0.79295
2600.34742,0.79050
2598.30793,0.78812
2596.26844,0.78615
2594.22895,0.78420
2592.18946,0.78234
2590.14997,0.78077
2588.11049,0.77860
2586.07100,0.77552
2584.03151,0.77324
2581.99202,0.77260
2579.95253,0.77188
2577.91305,0.76962
2575.87356,0.76667
2573.83407,0.76480
2571.79458,0.76415
2569.75509,0.76355
2567.71560,0.76215
2565.67612,0.76010
2563.63663,0.75806
2561.59714,0.75621
2559.55765,0.75452
2557.51816,0.75283
2555.47868,0.75108
2553.43919,0.74960
2551.39970,0.74841
2549.36021,0.74694
2547.32072,0.74508
2545.28123,0.74309
2543.24175,0.74170
2541.20226,0.74146
2539.16277,0.74093
2537.12328,0.73881
2535.08379,0.73621
2533.04431,0.73474
2531.00482,0.73393
2528.96533,0.73260
2526.92584,0.73095
2524.88635,0.72908
2522.84686,0.72735
2520.80738,0.72634
2518.76789,0.72479
2516.72840,0.72219
2514.68891,0.72015
2512.64942,0.71908
2510.60994,0.71802
2508.57045,0.71637
2506.53096,0.71385
2504.49147,0.71103
2502.45198,0.70916
2500.41250,0.70823
2498.37301,0.70678
2496.33352,0.70424
2494.29403,0.70187
2492.25454,0.70032
2490.21505,0.69899
2488.17557,0.69723
2486.13608,0.69492
2484.09659,0.69283
2482.05710,0.69116
2480.01761,0.68919
2477.97813,0.68676
2475.93864,0.68418
2473.89915,0.68221
2471.85966,0.68058
2469.82017,0.67839
2467.78068,0.67608
2465.74120,0.67405
2463.70171,0.67236
2461.66222,0.67115
2459.62273,0.66983
2457.58324,0.66792
2455.54376,0.66579
2453.50427,0.66390
2451.46478,0.66247
2449.42529,0.66129
2447.38580,0.65970
2445.34631,0.65766
2443.30683,0.65580
2441.26734,0.65414
2439.22785,0.65205
2437.18836,0.64993
2435.14887,0.64857
2433.10939,0.64753
2431.06990,0.64584
2429.03041,0.64378
2426.99092,0.64242
2424.95143,0.64150
2422.91194,0.64010
2420.87246,0.63860
2418.83297,0.63734
2416.79348,0.63558
2414.75399,0.63332
2412.71450,0.63133
2410.67502,0.62976
2408.63553,0.62835
2406.59604,0.62693
2404.55655,0.62546
2402.51706,0.62400
2400.47757,0.62257
2398.43809,0.62135
2396.39860,0.62035
2394.35911,0.61963
2392.31962,0.61903
2390.28013,0.61810
2388.24065,0.61689
2386.20116,0.61595
2384.16167,0.61544
2382.12218,0.61508
2380.08269,0.61502
2378.04320,0.61546
2376.00372,0.61551
2373.96423,0.61433
2371.92474,0.61255
2369.88525,0.61085
2367.84576,0.60912
2365.80628,0.60803
2363.76679,0.60844
2361.72730,0.60949
2359.68781,0.61002
2357.64832,0.60958
2355.60884,0.60815
2353.56935,0.60671
2351.52986,0.60621
2349.49037,0.60615
2347.45088,0.60525
2345.41139,0.60355
2343.37191,0.60188
2341.33242,0.60024
2339.29293,0.59875
2337.25344,0.59774
2335.21395,0.59711
2333.17447,0.59639
2331.13498,0.59479
2329.09549,0.59231
2327.05600,0.58975
2325.01651,0.58797
2322.97702,0.58766
2320.93754,0.58807
2318.89805,0.58760
2316.85856,0.58631
2314.81907,0.58505
2312.77958,0.58400
2310.74010,0.58317
2308.70061,0.58243
2306.66112,0.58142
2304.62163,0.58005
2302.58214,0.57872
2300.54265,0.57794
2298.50317,0.57750
2296.46368,0.57678
2294.42419,0.57575
2292.38470,0.57474
2290.34521,0.57373
2288.30573,0.57275
2286.26624,0.57195
2284.22675,0.57118
2282.18726,0.57046
2280.14777,0.57014
2278.10828,0.57002
2276.06880,0.56971
2274.02931,0.56924
2271.98982,0.56853
2269.95033,0.56759
2267.91084,0.56695
2265.87136,0.56684
2263.83187,0.56689
2261.79238,0.56680
2259.75289,0.56664
2257.71340,0.56633
2255.67391,0.56583
2253.63443,0.56549
2251.59494,0.56544
2249.55545,0.56565
2247.51596,0.56573
2245.47647,0.56565
2243.43699,0.56544
2241.39750,0.56519
2239.35801,0.56499
2237.31852,0.56469
2235.27903,0.56414
2233.23954,0.56378
2231.20006,0.56389
2229.16057,0.56433
2227.12108,0.56491
2225.08159,0.56525
2223.04210,0.56508
2221.00262,0.56469
2218.96313,0.56442
2216.92364,0.56443
2214.88415,0.56475
2212.84466,0.56495
2210.80518,0.56470
2208.76569,0.56426
2206.72620,0.56403
2204.68671,0.56441
2202.64722,0.56520
2200.60773,0.56574
2198.56825,0.56579
2196.52876,0.56548
2194.48927,0.56518
2192.44978,0.56510
2190.41029,0.56514
2188.37081,0.56558
2186.33132,0.56625
2184.29183,0.56670
2182.25234,0.56718
2180.21285,0.56786
2178.17336,0.56847
2176.13388,0.56877
2174.09439,0.56906
2172.05490,0.56967
2170.01541,0.57015
2167.97592,0.57023
2165.93644,0.57020
2163.89695,0.57006
2161.85746,0.56998
2159.81797,0.57024
2157.77848,0.57050
2155.73899,0.57068
2153.69951,0.57120
2151.66002,0.57176
2149.62053,0.57189
2147.58104,0.57177
2145.54155,0.57156
2143.50207,0.57136
2141.46258,0.57113
2139.42309,0.57082
2137.38360,0.57036
2135.34411,0.56994
2133.30462,0.57019
2131.26514,0.57094
2129.22565,0.57135
2127.18616,0.57098
2125.14667,0.57004
2123.10718,0.56918
2121.06770,0.56894
2119.02821,0.56892
2116.98872,0.56857
2114.94923,0.56838
2112.90974,0.56841
2110.87025,0.56791
2108.83077,0.56701
2106.79128,0.56639
2104.75179,0.56626
2102.71230,0.56611
2100.67281,0.56554
2098.63333,0.56498
2096.59384,0.56452
2094.55435,0.56391
2092.51486,0.56316
2090.47537,0.56239
2088.43588,0.56169
2086.39640,0.56131
2084.35691,0.56134
2082.31742,0.56148
2080.27793,0.56133
2078.23844,0.56063
2076.19896,0.55974
2074.15947,0.55924
2072.11998,0.55913
2070.08049,0.55896
2068.04100,0.55833
2066.00152,0.55740
2063.96203,0.55678
2061.92254,0.55662
2059.88305,0.55654
2057.84356,0.55633
2055.80407,0.55617
2053.76459,0.55630
2051.72510,0.55648
2049.68561,0.55626
2047.64612,0.55567
2045.60663,0.55505
2043.56715,0.55456
2041.52766,0.55424
2039.48817,0.55400
2037.44868,0.55338
2035.40919,0.55242
2033.36970,0.55174
2031.33022,0.55144
2029.29073,0.55110
2027.25124,0.55037
2025.21175,0.54954
2023.17226,0.54909
2021.13278,0.54885
2019.09329,0.54849
2017.05380,0.54784
2015.01431,0.54693
2012.97482,0.54608
2010.93533,0.54565
2008.89585,0.54536
2006.85636,0.54474
2004.81687,0.54411
2002.77738,0.54393
2000.73789,0.54392
1998.69841,0.54365
1996.65892,0.54333
1994.61943,0.54337
1992.57994,0.54352
1990.54045,0.54342
1988.50096,0.54301
1986.46148,0.54231
1984.42199,0.54183
1982.38250,0.54195
1980.34301,0.54231
1978.30352,0.54271
1976.26404,0.54310
1974.22455,0.54306
1972.18506,0.54268
1970.14557,0.54271
1968.10608,0.54330
1966.06659,0.54381
1964.02711,0.54386
1961.98762,0.54353
1959.94813,0.54306
1957.90864,0.54307
1955.86915,0.54363
1953.82967,0.54407
1951.79018,0.54399
1949.75069,0.54378
1947.71120,0.54399
1945.67171,0.54466
1943.63222,0.54510
1941.59274,0.54466
1939.55325,0.54410
1937.51376,0.54433
1935.47427,0.54486
1933.43478,0.54517
1931.39530,0.54560
1929.35581,0.54626
1927.31632,0.54698
1925.27683,0.54801
1923.23734,0.54923
1921.19786,0.55038
1919.15837,0.55158
1917.11888,0.55232
1915.07939,0.55263
1913.03990,0.55358
1911.00041,0.55504
1908.96093,0.55614
1906.92144,0.55688
1904.88195,0.55777
1902.84246,0.55883
1900.80297,0.55984
1898.76349,0.56077
1896.72400,0.56182
1894.68451,0.56306
1892.64502,0.56454
1890.60553,0.56611
1888.56604,0.56724
1886.52656,0.56803
1884.48707,0.56887
1882.44758,0.56982
1880.40809,0.57094
1878.36860,0.57210
1876.32912,0.57309
1874.28963,0.57417
1872.25014,0.57615
1870.21065,0.57887
1868.17116,0.58059
1866.13167,0.58062
1864.09219,0.58064
1862.05270,0.58164
1860.01321,0.58312
1857.97372,0.58441
1855.93423,0.58552
1853.89475,0.58698
1851.85526,0.58921
1849.81577,0.59213
1847.77628,0.59540
1845.73679,0.59839
1843.69730,0.60049
1841.65782,0.60214
1839.61833,0.60430
1837.57884,0.60684
1835.53935,0.60954
1833.49986,0.61321
1831.46038,0.61794
1829.42089,0.62218
1827.38140,0.62525
1825.34191,0.62836
1823.30242,0.63209
1821.26293,0.63630
1819.22345,0.64096
1817.18396,0.64582
1815.14447,0.65108
1813.10498,0.65721
1811.06549,0.66408
1809.02601,0.67117
1806.98652,0.67839
1804.94703,0.68651
1802.90754,0.69649
1800.86805,0.70792
1798.82856,0.71948
1796.78908,0.73137
1794.74959,0.74480
1792.71010,0.75981
1790.67061,0.77451
1788.63112,0.78780
1786.59164,0.80141
1784.55215,0.81650
1782.51266,0.83185
1780.47317,0.84635
1778.43368,0.86013
1776.39420,0.87394
1774.35471,0.88982
1772.31522,0.90917
1770.27573,0.93039
1768.23624,0.95251
1766.19675,0.97613
1764.15727,1.00185
1762.11778,1.03194
1760.07829,1.06520
1758.03880,1.09854
1755.99931,1.13156
1753.95983,1.16297
1751.92034,1.19483
1749.88085,1.22902
1747.84136,1.26091
1745.80187,1.28749
1743.76238,1.31101
1741.72290,1.33336
1739.68341,1.35374
1737.64392,1.36967
1735.60443,1.38043
1733.56494,1.38504
1731.52546,1.38295
1729.48597,1.37798
1727.44648,1.37332
1725.40699,1.36951
1723.36750,1.36532
1721.32801,1.36143
1719.28853,1.35871
1717.24904,1.35475
1715.20955,1.34865
1713.17006,1.34489
1711.13057,1.34665
1709.09109,1.35269
1707.05160,1.36015
1705.01211,1.36863
1702.97262,1.38038
1700.93313,1.39789
1698.89364,1.41850
1696.85416,1.43866
1694.81467,1.46175
1692.77518,1.48445
1690.73569,1.50390
1688.69620,1.52262
1686.65672,1.54211
1684.61723,1.56427
1682.57774,1.58711
1680.53825,1.60598
1678.49876,1.62272
1676.45927,1.64003
1674.41979,1.65616
1672.38030,1.66825
1670.34081,1.67902
1668.30132,1.69116
1666.26183,1.70124
1664.22235,1.70636
1662.18286,1.70871
1660.14337,1.71333
1658.10388,1.72055
1656.06439,1.72645
1654.02490,1.72644
1651.98542,1.71998
1649.94593,1.71449
1647.90644,1.71108
1645.86695,1.71021
1643.82746,1.71295
1641.78798,1.71416
1639.74849,1.71089
1637.70900,1.70757
1635.66951,1.70748
1633.63002,1.70578
1631.59054,1.70114
1629.55105,1.69803
1627.51156,1.69575
1625.47207,1.68984
1623.43258,1.68097
1621.39309,1.67290
1619.35361,1.66798
1617.31412,1.66567
1615.27463,1.66162
1613.23514,1.65312
1611.19565,1.64554
1609.15617,1.64265
1607.11668,1.63890
1605.07719,1.63111
1603.03770,1.62442
1600.99821,1.62010
1598.95872,1.61397
1596.91924,1.60562
1594.87975,1.59690
1592.84026,1.58772
1590.80077,1.57830
1588.76128,1.56910
1586.72180,1.55987
1584.68231,1.55265
1582.64282,1.55018
1580.60333,1.54946
1578.56384,1.54310
1576.52435,1.52927
1574.48487,1.51769
1572.44538,1.51395
1570.40589,1.51142
1568.36640,1.50624
1566.32691,1.50000
1564.28743,1.49192
1562.24794,1.48099
1560.20845,1.47019
1558.16896,1.46696
1556.12947,1.47201
1554.08998,1.47624
1552.05050,1.47776
1550.01101,1.47663
1547.97152,1.47174
1545.93203,1.46653
1543.89254,1.46290
1541.85306,1.45624
1539.81357,1.44769
1537.77408,1.44345
1535.73459,1.43787
1533.69510,1.42681
1531.65561,1.41591
1529.61613,1.40845
1527.57664,1.40130
1525.53715,1.39484
1523.49766,1.39102
1521.45817,1.38757
1519.41869,1.38284
1517.37920,1.37600
1515.33971,1.36694
1513.30022,1.35975
1511.26073,1.35623
1509.22124,1.35066
1507.18176,1.33758
1505.14227,1.32480
1503.10278,1.32009
1501.06329,1.31905
1499.02380,1.31683
1496.98432,1.31170
1494.94483,1.30555
1492.90534,1.30267
1490.86585,1.30551
1488.82636,1.31283
1486.78688,1.32068
1484.74739,1.32786
1482.70790,1.33748
1480.66841,1.35169
1478.62892,1.36919
1476.58943,1.38975
1474.54995,1.41389
1472.51046,1.43936
1470.47097,1.46062
1468.43148,1.47545
1466.39199,1.48761
1464.35251,1.49969
1462.31302,1.51003
1460.27353,1.51506
1458.23404,1.51476
1456.19455,1.51729
1454.15506,1.52788
1452.11558,1.54014
1450.07609,1.55044
1448.03660,1.55833
1445.99711,1.56308
1443.95762,1.56685
1441.91814,1.57154
1439.87865,1.57639
1437.83916,1.58219
1435.79967,1.59006
1433.76018,1.59478
1431.72069,1.59097
1429.68121,1.58283
1427.64172,1.57853
1425.60223,1.57903
1423.56274,1.58041
1421.52325,1.57890
1419.48377,1.57314
1417.44428,1.56733
1415.40479,1.56407
1413.36530,1.56014
1411.32581,1.55619
1409.28632,1.55491
1407.24684,1.55512
1405.20735,1.55559
1403.16786,1.55463
1401.12837,1.55083
1399.08888,1.54642
1397.04940,1.54299
1395.00991,1.53948
1392.97042,1.53632
1390.93093,1.53517
1388.89144,1.53545
1386.85195,1.53532
1384.81247,1.53467
1382.77298,1.53364
1380.73349,1.53081
1378.69400,1.52600
1376.65451,1.52139
1374.61503,1.51665
1372.57554,1.51032
1370.53605,1.50590
1368.49656,1.50491
1366.45707,1.50401
1364.41758,1.50036
1362.37810,1.49140
1360.33861,1.47774
1358.29912,1.46489
1356.25963,1.45694
1354.22014,1.45373
1352.18066,1.45276
1350.14117,1.45081
1348.10168,1.44717
1346.06219,1.44612
1344.02270,1.44931
1341.98322,1.45160
1339.94373,1.45035
1337.90424,1.44826
1335.86475,1.44631
1333.82526,1.44415
1331.78577,1.44226
1329.74629,1.44024
1327.70680,1.43931
1325.66731,1.44055
1323.62782,1.44172
1321.58833,1.44381
1319.54885,1.44847
1317.50936,1.45017
1315.46987,1.44696
1313.43038,1.44363
1311.39089,1.43970
1309.35140,1.43392
1307.31192,1.43034
1305.27243,1.43038
1303.23294,1.43037
1301.19345,1.42867
1299.15396,1.42618
1297.11448,1.42268
1295.07499,1.41872
1293.03550,1.41603
1290.99601,1.41622
1288.95652,1.41896
1286.91703,1.42326
1284.87755,1.42978
1282.83806,1.43746
1280.79857,1.44323
1278.75908,1.44666
1276.71959,1.44897
1274.68011,1.45093
1272.64062,1.45212
1270.60113,1.45252
1268.56164,1.45522
1266.52215,1.46230
1264.48266,1.46904
1262.44318,1.46951
1260.40369,1.46586
1258.36420,1.46104
1256.32471,1.45568
1254.28522,1.45420
1252.24574,1.45671
1250.20625,1.45672
1248.16676,1.45430
1246.12727,1.45382
1244.08778,1.45322
1242.04829,1.44969
1240.00881,1.44502
1237.96932,1.44119
1235.92983,1.43786
1233.89034,1.43236
1231.85085,1.42339
1229.81137,1.41369
1227.77188,1.40670
1225.73239,1.40130
1223.69290,1.39344
1221.65341,1.38241
1219.61392,1.37051
1217.57444,1.36046
1215.53495,1.35362
1213.49546,1.34935
1211.45597,1.34594
1209.41648,1.34316
1207.37700,1.34430
1205.33751,1.35091
1203.29802,1.35744
1201.25853,1.35841
1199.21904,1.35744
1197.17956,1.35916
1195.14007,1.36019
1193.10058,1.35779
1191.06109,1.35510
1189.02160,1.35645
1186.98211,1.36361
1184.94263,1.37452
1182.90314,1.38407
1180.86365,1.39155
1178.82416,1.40389
1176.78467,1.42409
1174.74519,1.44685
1172.70570,1.46566
1170.66621,1.47831
1168.62672,1.48836
1166.58723,1.49968
1164.54774,1.51059
1162.50826,1.51690
1160.46877,1.51892
1158.42928,1.52078
1156.38979,1.52252
1154.35030,1.52104
1152.31082,1.51772
1150.27133,1.51558
1148.23184,1.51494
1146.19235,1.51322
1144.15286,1.51064
1142.11337,1.50965
1140.07389,1.50698
1138.03440,1.50420
1135.99491,1.50737
1133.95542,1.51544
1131.91593,1.52825
1129.87645,1.54510
1127.83696,1.55752
1125.79747,1.56399
1123.75798,1.57010
1121.71849,1.57545
1119.67900,1.58110
1117.63952,1.58795
1115.60003,1.59431
1113.56054,1.60268
1111.52105,1.61326
1109.48156,1.61903
1107.44208,1.61621
1105.40259,1.61245
1103.36310,1.61078
1101.32361,1.60193
1099.28412,1.58782
1097.24463,1.58399
1095.20515,1.58936
1093.16566,1.58913
1091.12617,1.58525
1089.08668,1.58697
1087.04719,1.59240
1085.00771,1.59269
1082.96822,1.58884
1080.92873,1.58989
1078.88924,1.58987
1076.84975,1.58341
1074.81027,1.58044
1072.77078,1.58276
1070.73129,1.58308
1068.69180,1.58084
1066.65231,1.57683
1064.61282,1.56975
1062.57334,1.55976
1060.53385,1.55007
1058.49436,1.54629
1056.45487,1.54788
1054.41538,1.54923
1052.37590,1.54753
1050.33641,1.54103
1048.29692,1.52879
1046.25743,1.51613
1044.21794,1.51071
1042.17845,1.51356
1040.13897,1.51687
1038.09948,1.51409
1036.05999,1.50927
1034.02050,1.50268
1031.98101,1.49078
1029.94153,1.47920
1027.90204,1.47068
1025.86255,1.46353
1023.82306,1.45833
1021.78357,1.45308
1019.74408,1.44512
1017.70460,1.43352
1015.66511,1.42166
1013.62562,1.41299
1011.58613,1.40338
1009.54664,1.39081
1007.50716,1.37845
1005.46767,1.36688
1003.42818,1.35471
1001.38869,1.34071
999.34920,1.32564
997.30971,1.31260
995.27023,1.30079
993.23074,1.28890
991.19125,1.27945
989.15176,1.27007
987.11227,1.25751
985.07279,1.24530
983.03330,1.23583
980.99381,1.22757
978.95432,1.22003
976.91483,1.21382
974.87534,1.20881
972.83586,1.20427
970.79637,1.20070
968.75688,1.20055
966.71739,1.20373
964.67790,1.20555
962.63842,1.20111
960.59893,1.19059
958.55944,1.17919
956.51995,1.17136
954.48046,1.16515
952.44097,1.15478
950.40149,1.14159
948.36200,1.13069
946.32251,1.12119
944.28302,1.11230
942.24353,1.10635
940.20405,1.10385
938.16456,1.10347
936.12507,1.10540
934.08558,1.11089
932.04609,1.11647
930.00661,1.11783
927.96712,1.11832
925.92763,1.12290
923.88814,1.13023
921.84865,1.13567
919.80916,1.13719
917.76968,1.13840
915.73019,1.14275
913.69070,1.14765
911.65121,1.15074
909.61172,1.15166
907.57224,1.15190
905.53275,1.15574
903.49326,1.16244
901.45377,1.16800
899.41428,1.17134
897.37479,1.17393
895.33531,1.17789
893.29582,1.18069
891.25633,1.17867
889.21684,1.17426
887.17735,1.16996
885.13787,1.16523
883.09838,1.16163
881.05889,1.15966
879.01940,1.15740
876.97991,1.15588
874.94042,1.15729
872.90094,1.15951
870.86145,1.15968
868.82196,1.15961
866.78247,1.15929
864.74298,1.15822
862.70350,1.16115
860.66401,1.16788
858.62452,1.17381
856.58503,1.17938
854.54554,1.18496
852.50605,1.18937
850.46657,1.19512
848.42708,1.20432
846.38759,1.21550
844.34810,1.22793
842.30861,1.24278
840.26913,1.25555
838.22964,1.25902
836.19015,1.25734
834.15066,1.25927
832.11117,1.26568
830.07168,1.27249
828.03220,1.27747
825.99271,1.27992
823.95322,1.27699
821.91373,1.27251
819.87424,1.27388
817.83476,1.27988
815.79527,1.28823
813.75578,1.29663
811.71629,1.30203
809.67680,1.30574
807.63731,1.30443
805.59783,1.29817
803.55834,1.29706
801.51885,1.30344
799.47936,1.31170
797.43987,1.31907
795.40039,1.32648
793.36090,1.33115
791.32141,1.32980
789.28192,1.32884
787.24243,1.33301
785.20295,1.33825
783.16346,1.34483
781.12397,1.35417
779.08448,1.36026
777.04499,1.36240
775.00550,1.36471
772.96602,1.37001
770.92653,1.37835
768.88704,1.38645
766.84755,1.39245
764.80806,1.39424
762.76858,1.39256
760.72909,1.39123
758.68960,1.39137
756.65011,1.39114
754.61062,1.39036
752.57113,1.38951
750.53165,1.38996
748.49216,1.39380
746.45267,1.39825
744.41318,1.40120
742.37369,1.40322
740.33421,1.40394
738.29472,1.40305
736.25523,1.40270
734.21574,1.40743
732.17625,1.41712
730.13676,1.42077
728.09728,1.42093
726.05779,1.43199
724.01830,1.44618
721.97881,1.45267
719.93932,1.45224
717.89984,1.44906
715.86035,1.44974
713.82086,1.45628
711.78137,1.45912
709.74188,1.45233
707.70239,1.44233
705.66291,1.43683
703.62342,1.43952
701.58393,1.44840
699.54444,1.45783
697.50495,1.46554
695.46547,1.46947
693.42598,1.46436
691.38649,1.45414
689.34700,1.44963
687.30751,1.45500
685.26802,1.46620
683.22854,1.47303
681.18905,1.46902
679.14956,1.45941
677.11007,1.45284
675.07058,1.45236
673.03110,1.45681
670.99161,1.45874
668.95212,1.45380
666.91263,1.45593
664.87314,1.47144
662.83365,1.48571
660.79417,1.49325
658.75468,1.49715
656.71519,1.49016
654.67570,1.47254
652.63621,1.46571
650.59673,1.47760
648.55724,1.48595
646.51775,1.47831
644.47826,1.46676
642.43877,1.45308
640.39929,1.43791
638.35980,1.43345
636.32031,1.44504
634.28082,1.46022
632.24133,1.46514
630.20184,1.46361
628.16236,1.46624
626.12287,1.47623
624.08338,1.47645
622.04389,1.46089
620.00440,1.44901
617.96492,1.44744
615.92543,1.46285
613.88594,1.47810
611.84645,1.48345
609.80696,1.48411
607.76747,1.45989
605.72799,1.41789
603.68850,1.40204
601.64901,1.42001
599.60952,1.42147
597.57003,1.40722
595.53055,1.43006
593.49106,1.48343
591.45157,1.51689
589.41208,1.51093
587.37259,1.47922
585.33310,1.44042
583.29362,1.41929
581.25413,1.41898
579.21464,1.41731
577.17515,1.40455
575.13566,1.39939
573.09618,1.41723
571.05669,1.44157
569.01720,1.42187
566.97771,1.39226
564.93822,1.43172
562.89873,1.48722
560.85925,1.50004
558.81976,1.51217
556.78027,1.51817
554.74078,1.46461
552.70129,1.40142
550.66181,1.40299
548.62232,1.43631
546.58283,1.41511
544.54334,1.38718
542.50385,1.44593
540.46436,1.53885
538.42488,1.52519
536.38539,1.44805
534.34590,1.40611
532.30641,1.38645
530.26692,1.38170
528.22744,1.42110
526.18795,1.47292
524.14846,1.46355
522.10897,1.40206
520.06948,1.28997
518.02999,1.23208
515.99051,1.25705
513.95102,1.29011
511.91153,1.25155
509.87204,1.19498
507.83255,1.21840
505.79307,1.34018
503.75358,1.37025
501.71409,1.06814
499.67460,1.01807
